0.000000 0.000000 0.000000
0.000000 0.666667 0.666667
0.000000 1.333333 1.333333
0.000000 2.000000 2.000000
0.081081 0.000000 0.081081
0.081081 0.666667 0.747748
0.081081 1.333333 1.414414
0.081081 2.000000 2.081081
0.162162 0.000000 0.162162
0.162162 0.666667 0.828829
0.162162 1.333333 1.495495
0.162162 2.000000 2.162162
0.243243 0.000000 0.243243
0.243243 0.666667 0.909910
0.243243 1.333333 1.576577
0.243243 2.000000 2.243243
0.324324 0.000000 0.324324
0.324324 0.666667 0.990991
0.324324 1.333333 1.657658
0.324324 2.000000 2.324324
0.405405 0.000000 0.405405
0.405405 0.666667 1.072072
0.405405 1.333333 1.738739
0.405405 2.000000 2.405405
0.486486 0.000000 0.486486
0.486486 0.666667 1.153153
0.486486 1.333333 1.819820
0.486486 2.000000 2.486486
0.567568 0.000000 0.567568
0.567568 0.666667 1.234234
0.567568 1.333333 1.900901
0.567568 2.000000 2.567568
0.648649 0.000000 0.648649
0.648649 0.666667 1.315315
0.648649 1.333333 1.981982
0.648649 2.000000 2.648649
0.729730 0.000000 0.729730
0.729730 0.666667 1.396396
0.729730 1.333333 2.063063
0.729730 2.000000 2.729730
0.810811 0.000000 0.810811
0.810811 0.666667 1.477477
0.810811 1.333333 2.144144
0.810811 2.000000 2.810811
0.891892 0.000000 0.891892
0.891892 0.666667 1.558559
0.891892 1.333333 2.225225
0.891892 2.000000 2.891892
0.972973 0.000000 0.972973
0.972973 0.666667 1.639640
0.972973 1.333333 2.306306
0.972973 2.000000 2.972973
1.054054 0.000000 1.054054
1.054054 0.666667 1.720721
1.054054 1.333333 2.387387
1.054054 2.000000 3.054054
1.135135 0.000000 1.135135
1.135135 0.666667 1.801802
1.135135 1.333333 2.468468
1.135135 2.000000 3.135135
1.216216 0.000000 1.216216
1.216216 0.666667 1.882883
1.216216 1.333333 2.549550
1.216216 2.000000 3.216216
1.297297 0.000000 1.297297
1.297297 0.666667 1.963964
1.297297 1.333333 2.630631
1.297297 2.000000 3.297297
1.378378 0.000000 1.378378
1.378378 0.666667 2.045045
1.378378 1.333333 2.711712
1.378378 2.000000 3.378378
1.459459 0.000000 1.459459
1.459459 0.666667 2.126126
1.459459 1.333333 2.792793
1.459459 2.000000 3.459459
1.540541 0.000000 1.540541
1.540541 0.666667 2.207207
1.540541 1.333333 2.873874
1.540541 2.000000 3.540541
1.621622 0.000000 1.621622
1.621622 0.666667 2.288288
1.621622 1.333333 2.954955
1.621622 2.000000 3.621622
1.702703 0.000000 1.702703
1.702703 0.666667 2.369369
1.702703 1.333333 3.036036
1.702703 2.000000 3.702703
1.783784 0.000000 1.783784
1.783784 0.666667 2.450450
1.783784 1.333333 3.117117
1.783784 2.000000 3.783784
1.864865 0.000000 1.864865
1.864865 0.666667 2.531532
1.864865 1.333333 3.198198
1.864865 2.000000 3.864865
1.945946 0.000000 1.945946
1.945946 0.666667 2.612613
1.945946 1.333333 3.279279
1.945946 2.000000 3.945946
2.027027 0.000000 2.027027
2.027027 0.666667 2.693694
2.027027 1.333333 3.360360
2.027027 2.000000 4.027027
2.108108 0.000000 2.108108
2.108108 0.666667 2.774775
2.108108 1.333333 3.441441
2.108108 2.000000 4.108108
2.189189 0.000000 2.189189
2.189189 0.666667 2.855856
2.189189 1.333333 3.522523
2.189189 2.000000 4.189189
2.270270 0.000000 2.270270
2.270270 0.666667 2.936937
2.270270 1.333333 3.603604
2.270270 2.000000 4.270270
2.351351 0.000000 2.351351
2.351351 0.666667 3.018018
2.351351 1.333333 3.684685
2.351351 2.000000 4.351351
2.432432 0.000000 2.432432
2.432432 0.666667 3.099099
2.432432 1.333333 3.765766
2.432432 2.000000 4.432432
2.513514 0.000000 2.513514
2.513514 0.666667 3.180180
2.513514 1.333333 3.846847
2.513514 2.000000 4.513514
2.594595 0.000000 2.594595
2.594595 0.666667 3.261261
2.594595 1.333333 3.927928
2.594595 2.000000 4.594595
2.675676 0.000000 2.675676
2.675676 0.666667 3.342342
2.675676 1.333333 4.009009
2.675676 2.000000 4.675676
2.756757 0.000000 2.756757
2.756757 0.666667 3.423423
2.756757 1.333333 4.090090
2.756757 2.000000 4.756757
2.837838 0.000000 2.837838
2.837838 0.666667 3.504505
2.837838 1.333333 4.171171
2.837838 2.000000 4.837838
2.918919 0.000000 2.918919
2.918919 0.666667 3.585586
2.918919 1.333333 4.252252
2.918919 2.000000 4.918919
3.000000 0.000000 3.000000
3.000000 0.666667 3.666667
3.000000 1.333333 4.333333
3.000000 2.000000 5.000000
