0.000000 0.000000 0.000000
0.000000 0.500000 0.454545
0.000000 1.000000 0.909091
0.000000 1.500000 1.363636
0.000000 2.000000 1.818182
0.081081 0.000000 0.073710
0.081081 0.500000 0.528256
0.081081 1.000000 0.982801
0.081081 1.500000 1.437346
0.081081 2.000000 1.891892
0.162162 0.000000 0.147420
0.162162 0.500000 0.601966
0.162162 1.000000 1.056511
0.162162 1.500000 1.511057
0.162162 2.000000 1.965602
0.243243 0.000000 0.221130
0.243243 0.500000 0.675676
0.243243 1.000000 1.130221
0.243243 1.500000 1.584767
0.243243 2.000000 2.039312
0.324324 0.000000 0.294840
0.324324 0.500000 0.749386
0.324324 1.000000 1.203931
0.324324 1.500000 1.658477
0.324324 2.000000 2.113022
0.405405 0.000000 0.368550
0.405405 0.500000 0.823096
0.405405 1.000000 1.277641
0.405405 1.500000 1.732187
0.405405 2.000000 2.186732
0.486486 0.000000 0.442260
0.486486 0.500000 0.896806
0.486486 1.000000 1.351351
0.486486 1.500000 1.805897
0.486486 2.000000 2.260442
0.567568 0.000000 0.515971
0.567568 0.500000 0.970516
0.567568 1.000000 1.425061
0.567568 1.500000 1.879607
0.567568 2.000000 2.334152
0.648649 0.000000 0.589681
0.648649 0.500000 1.044226
0.648649 1.000000 1.498771
0.648649 1.500000 1.953317
0.648649 2.000000 2.407862
0.729730 0.000000 0.663391
0.729730 0.500000 1.117936
0.729730 1.000000 1.572482
0.729730 1.500000 2.027027
0.729730 2.000000 2.481572
0.810811 0.000000 0.737101
0.810811 0.500000 1.191646
0.810811 1.000000 1.646192
0.810811 1.500000 2.100737
0.810811 2.000000 2.555283
0.891892 0.000000 0.810811
0.891892 0.500000 1.265356
0.891892 1.000000 1.719902
0.891892 1.500000 2.174447
0.891892 2.000000 2.628993
0.972973 0.000000 0.884521
0.972973 0.500000 1.339066
0.972973 1.000000 1.793612
0.972973 1.500000 2.248157
0.972973 2.000000 2.702703
1.054054 0.000000 0.958231
1.054054 0.500000 1.412776
1.054054 1.000000 1.867322
1.054054 1.500000 2.321867
1.054054 2.000000 2.776413
1.135135 0.000000 1.031941
1.135135 0.500000 1.486486
1.135135 1.000000 1.941032
1.135135 1.500000 2.395577
1.135135 2.000000 2.850123
1.216216 0.000000 1.105651
1.216216 0.500000 1.560197
1.216216 1.000000 2.014742
1.216216 1.500000 2.469287
1.216216 2.000000 2.923833
1.297297 0.000000 1.179361
1.297297 0.500000 1.633907
1.297297 1.000000 2.088452
1.297297 1.500000 2.542998
1.297297 2.000000 2.997543
1.378378 0.000000 1.253071
1.378378 0.500000 1.707617
1.378378 1.000000 2.162162
1.378378 1.500000 2.616708
1.378378 2.000000 3.071253
1.459459 0.000000 1.326781
1.459459 0.500000 1.781327
1.459459 1.000000 2.235872
1.459459 1.500000 2.690418
1.459459 2.000000 3.144963
1.540541 0.000000 1.400491
1.540541 0.500000 1.855037
1.540541 1.000000 2.309582
1.540541 1.500000 2.764128
1.540541 2.000000 3.218673
1.621622 0.000000 1.474201
1.621622 0.500000 1.928747
1.621622 1.000000 2.383292
1.621622 1.500000 2.837838
1.621622 2.000000 3.292383
1.702703 0.000000 1.547912
1.702703 0.500000 2.002457
1.702703 1.000000 2.457002
1.702703 1.500000 2.911548
1.702703 2.000000 3.366093
1.783784 0.000000 1.621622
1.783784 0.500000 2.076167
1.783784 1.000000 2.530713
1.783784 1.500000 2.985258
1.783784 2.000000 3.439803
1.864865 0.000000 1.695332
1.864865 0.500000 2.149877
1.864865 1.000000 2.604423
1.864865 1.500000 3.058968
1.864865 2.000000 3.513514
1.945946 0.000000 1.769042
1.945946 0.500000 2.223587
1.945946 1.000000 2.678133
1.945946 1.500000 3.132678
1.945946 2.000000 3.587224
2.027027 0.000000 1.842752
2.027027 0.500000 2.297297
2.027027 1.000000 2.751843
2.027027 1.500000 3.206388
2.027027 2.000000 3.660934
2.108108 0.000000 1.916462
2.108108 0.500000 2.371007
2.108108 1.000000 2.825553
2.108108 1.500000 3.280098
2.108108 2.000000 3.734644
2.189189 0.000000 1.990172
2.189189 0.500000 2.444717
2.189189 1.000000 2.899263
2.189189 1.500000 3.353808
2.189189 2.000000 3.808354
2.270270 0.000000 2.063882
2.270270 0.500000 2.518428
2.270270 1.000000 2.972973
2.270270 1.500000 3.427518
2.270270 2.000000 3.882064
2.351351 0.000000 2.137592
2.351351 0.500000 2.592138
2.351351 1.000000 3.046683
2.351351 1.500000 3.501229
2.351351 2.000000 3.955774
2.432432 0.000000 2.211302
2.432432 0.500000 2.665848
2.432432 1.000000 3.120393
2.432432 1.500000 3.574939
2.432432 2.000000 4.029484
2.513514 0.000000 2.285012
2.513514 0.500000 2.739558
2.513514 1.000000 3.194103
2.513514 1.500000 3.648649
2.513514 2.000000 4.103194
2.594595 0.000000 2.358722
2.594595 0.500000 2.813268
2.594595 1.000000 3.267813
2.594595 1.500000 3.722359
2.594595 2.000000 4.176904
2.675676 0.000000 2.432432
2.675676 0.500000 2.886978
2.675676 1.000000 3.341523
2.675676 1.500000 3.796069
2.675676 2.000000 4.250614
2.756757 0.000000 2.506143
2.756757 0.500000 2.960688
2.756757 1.000000 3.415233
2.756757 1.500000 3.869779
2.756757 2.000000 4.324324
2.837838 0.000000 2.579853
2.837838 0.500000 3.034398
2.837838 1.000000 3.488943
2.837838 1.500000 3.943489
2.837838 2.000000 4.398034
2.918919 0.000000 2.653563
2.918919 0.500000 3.108108
2.918919 1.000000 3.562654
2.918919 1.500000 4.017199
2.918919 2.000000 4.471744
3.000000 0.000000 2.727273
3.000000 0.500000 3.181818
3.000000 1.000000 3.636364
3.000000 1.500000 4.090909
3.000000 2.000000 4.545455
