0.000000 0.000000 0.000000
0.000000 0.500000 0.192772
0.000000 1.000000 0.385543
0.000000 1.500000 0.578315
0.000000 2.000000 0.771087
0.081081 0.000000 0.031260
0.081081 0.500000 0.224032
0.081081 1.000000 0.416804
0.081081 1.500000 0.609575
0.081081 2.000000 0.802347
0.162162 0.000000 0.062521
0.162162 0.500000 0.255292
0.162162 1.000000 0.448064
0.162162 1.500000 0.640835
0.162162 2.000000 0.833607
0.243243 0.000000 0.093781
0.243243 0.500000 0.286552
0.243243 1.000000 0.479324
0.243243 1.500000 0.672096
0.243243 2.000000 0.864867
0.324324 0.000000 0.125041
0.324324 0.500000 0.317813
0.324324 1.000000 0.510584
0.324324 1.500000 0.703356
0.324324 2.000000 0.896128
0.405405 0.000000 0.156301
0.405405 0.500000 0.349073
0.405405 1.000000 0.541845
0.405405 1.500000 0.734616
0.405405 2.000000 0.927388
0.486486 0.000000 0.187562
0.486486 0.500000 0.380333
0.486486 1.000000 0.573105
0.486486 1.500000 0.765877
0.486486 2.000000 0.958648
0.567568 0.000000 0.218822
0.567568 0.500000 0.411594
0.567568 1.000000 0.604365
0.567568 1.500000 0.797137
0.567568 2.000000 0.989908
0.648649 0.000000 0.250082
0.648649 0.500000 0.442854
0.648649 1.000000 0.635625
0.648649 1.500000 0.828397
0.648649 2.000000 1.021169
0.729730 0.000000 0.281342
0.729730 0.500000 0.474114
0.729730 1.000000 0.666886
0.729730 1.500000 0.859657
0.729730 2.000000 1.052429
0.810811 0.000000 0.312603
0.810811 0.500000 0.505374
0.810811 1.000000 0.698146
0.810811 1.500000 0.890918
0.810811 2.000000 1.083689
0.891892 0.000000 0.343863
0.891892 0.500000 0.536635
0.891892 1.000000 0.729406
0.891892 1.500000 0.922178
0.891892 2.000000 1.114950
0.972973 0.000000 0.375123
0.972973 0.500000 0.567895
0.972973 1.000000 0.760666
0.972973 1.500000 0.953438
0.972973 2.000000 1.146210
1.054054 0.000000 0.406383
1.054054 0.500000 0.599155
1.054054 1.000000 0.791927
1.054054 1.500000 0.984698
1.054054 2.000000 1.177470
1.135135 0.000000 0.437644
1.135135 0.500000 0.630415
1.135135 1.000000 0.823187
1.135135 1.500000 1.015959
1.135135 2.000000 1.208730
1.216216 0.000000 0.468904
1.216216 0.500000 0.661676
1.216216 1.000000 0.854447
1.216216 1.500000 1.047219
1.216216 2.000000 1.239991
1.297297 0.000000 0.500164
1.297297 0.500000 0.692936
1.297297 1.000000 0.885708
1.297297 1.500000 1.078479
1.297297 2.000000 1.271251
1.378378 0.000000 0.531425
1.378378 0.500000 0.724196
1.378378 1.000000 0.916968
1.378378 1.500000 1.109739
1.378378 2.000000 1.302511
1.459459 0.000000 0.562685
1.459459 0.500000 0.755456
1.459459 1.000000 0.948228
1.459459 1.500000 1.141000
1.459459 2.000000 1.333771
1.540541 0.000000 0.593945
1.540541 0.500000 0.786717
1.540541 1.000000 0.979488
1.540541 1.500000 1.172260
1.540541 2.000000 1.365032
1.621622 0.000000 0.625205
1.621622 0.500000 0.817977
1.621622 1.000000 1.010749
1.621622 1.500000 1.203520
1.621622 2.000000 1.396292
1.702703 0.000000 0.656466
1.702703 0.500000 0.849237
1.702703 1.000000 1.042009
1.702703 1.500000 1.234781
1.702703 2.000000 1.427552
1.783784 0.000000 0.687726
1.783784 0.500000 0.880498
1.783784 1.000000 1.073269
1.783784 1.500000 1.266041
1.783784 2.000000 1.458812
1.864865 0.000000 0.718986
1.864865 0.500000 0.911758
1.864865 1.000000 1.104529
1.864865 1.500000 1.297301
1.864865 2.000000 1.490073
1.945946 0.000000 0.750246
1.945946 0.500000 0.943018
1.945946 1.000000 1.135790
1.945946 1.500000 1.328561
1.945946 2.000000 1.521333
2.027027 0.000000 0.781507
2.027027 0.500000 0.974278
2.027027 1.000000 1.167050
2.027027 1.500000 1.359822
2.027027 2.000000 1.552593
2.108108 0.000000 0.812767
2.108108 0.500000 1.005539
2.108108 1.000000 1.198310
2.108108 1.500000 1.391082
2.108108 2.000000 1.583854
2.189189 0.000000 0.844027
2.189189 0.500000 1.036799
2.189189 1.000000 1.229570
2.189189 1.500000 1.422342
2.189189 2.000000 1.615114
2.270270 0.000000 0.875287
2.270270 0.500000 1.068059
2.270270 1.000000 1.260831
2.270270 1.500000 1.453602
2.270270 2.000000 1.646374
2.351351 0.000000 0.906548
2.351351 0.500000 1.099319
2.351351 1.000000 1.292091
2.351351 1.500000 1.484863
2.351351 2.000000 1.677634
2.432432 0.000000 0.937808
2.432432 0.500000 1.130580
2.432432 1.000000 1.323351
2.432432 1.500000 1.516123
2.432432 2.000000 1.708895
2.513514 0.000000 0.969068
2.513514 0.500000 1.161840
2.513514 1.000000 1.354612
2.513514 1.500000 1.547383
2.513514 2.000000 1.740155
2.594595 0.000000 1.000329
2.594595 0.500000 1.193100
2.594595 1.000000 1.385872
2.594595 1.500000 1.578643
2.594595 2.000000 1.771415
2.675676 0.000000 1.031589
2.675676 0.500000 1.224360
2.675676 1.000000 1.417132
2.675676 1.500000 1.609904
2.675676 2.000000 1.802675
2.756757 0.000000 1.062849
2.756757 0.500000 1.255621
2.756757 1.000000 1.448392
2.756757 1.500000 1.641164
2.756757 2.000000 1.833936
2.837838 0.000000 1.094109
2.837838 0.500000 1.286881
2.837838 1.000000 1.479653
2.837838 1.500000 1.672424
2.837838 2.000000 1.865196
2.918919 0.000000 1.125370
2.918919 0.500000 1.318141
2.918919 1.000000 1.510913
2.918919 1.500000 1.703685
2.918919 2.000000 1.896456
3.000000 0.000000 1.156630
3.000000 0.500000 1.349402
3.000000 1.000000 1.542173
3.000000 1.500000 1.734945
3.000000 2.000000 1.927716
