0.000000 0.000000 0.000000
0.000000 0.085106 0.000000
0.000000 0.170213 0.000000
0.000000 0.255319 0.000000
0.000000 0.340426 0.000000
0.000000 0.425532 0.000000
0.000000 0.510638 0.000000
0.000000 0.595745 0.000000
0.000000 0.680851 0.000000
0.000000 0.765957 0.000000
0.000000 0.851064 0.000000
0.000000 0.936170 0.000000
0.000000 1.021277 0.000000
0.000000 1.106383 0.000000
0.000000 1.191489 0.000000
0.000000 1.276596 0.000000
0.000000 1.361702 0.000000
0.000000 1.446809 0.000000
0.000000 1.531915 0.000000
0.000000 1.617021 0.000000
0.000000 1.702128 0.000000
0.000000 1.787234 0.000000
0.000000 1.872340 0.000000
0.000000 1.957447 0.000000
0.000000 2.042553 0.000000
0.000000 2.127660 0.000000
0.000000 2.212766 0.000000
0.000000 2.297872 0.000000
0.000000 2.382979 0.000000
0.000000 2.468085 0.000000
0.000000 2.553191 0.000000
0.000000 2.638298 0.000000
0.000000 2.723404 0.000000
0.000000 2.808511 0.000000
0.000000 2.893617 0.000000
0.000000 2.978723 0.000000
0.000000 3.063830 0.000000
0.000000 3.148936 0.000000
0.000000 3.234043 0.000000
0.000000 3.319149 0.000000
0.000000 3.404255 0.000000
0.000000 3.489362 0.000000
0.000000 3.574468 0.000000
0.000000 3.659574 0.000000
0.000000 3.744681 0.000000
0.000000 3.829787 0.000000
0.000000 3.914894 0.000000
0.000000 4.000000 0.000000
0.076923 0.000000 0.000000
0.076923 0.085106 0.056790
0.076923 0.170213 0.086620
0.076923 0.255319 0.116449
0.076923 0.340426 0.146278
0.076923 0.425532 0.176107
0.076923 0.510638 0.205937
0.076923 0.595745 0.235766
0.076923 0.680851 0.265595
0.076923 0.765957 0.295424
0.076923 0.851064 0.325254
0.076923 0.936170 0.355083
0.076923 1.021277 0.384912
0.076923 1.106383 0.414742
0.076923 1.191489 0.444571
0.076923 1.276596 0.474400
0.076923 1.361702 0.504229
0.076923 1.446809 0.534059
0.076923 1.531915 0.563888
0.076923 1.617021 0.593717
0.076923 1.702128 0.623546
0.076923 1.787234 0.653376
0.076923 1.872340 0.683205
0.076923 1.957447 0.713034
0.076923 2.042553 0.742864
0.076923 2.127660 0.772693
0.076923 2.212766 0.802522
0.076923 2.297872 0.832351
0.076923 2.382979 0.862181
0.076923 2.468085 0.892010
0.076923 2.553191 0.921839
0.076923 2.638298 0.951668
0.076923 2.723404 0.981498
0.076923 2.808511 1.011327
0.076923 2.893617 1.041156
0.076923 2.978723 1.070985
0.076923 3.063830 1.100815
0.076923 3.148936 1.130644
0.076923 3.234043 1.160473
0.076923 3.319149 1.190303
0.076923 3.404255 1.220132
0.076923 3.489362 1.249961
0.076923 3.574468 1.279790
0.076923 3.659574 1.309620
0.076923 3.744681 1.339449
0.076923 3.829787 1.369278
0.076923 3.914894 1.399107
0.076923 4.000000 0.000000
0.153846 0.000000 0.000000
0.153846 0.085106 0.083751
0.153846 0.170213 0.113581
0.153846 0.255319 0.143410
0.153846 0.340426 0.173239
0.153846 0.425532 0.203068
0.153846 0.510638 0.232898
0.153846 0.595745 0.262727
0.153846 0.680851 0.292556
0.153846 0.765957 0.322386
0.153846 0.851064 0.352215
0.153846 0.936170 0.382044
0.153846 1.021277 0.411873
0.153846 1.106383 0.441703
0.153846 1.191489 0.471532
0.153846 1.276596 0.501361
0.153846 1.361702 0.531190
0.153846 1.446809 0.561020
0.153846 1.531915 0.590849
0.153846 1.617021 0.620678
0.153846 1.702128 0.650507
0.153846 1.787234 0.680337
0.153846 1.872340 0.710166
0.153846 1.957447 0.739995
0.153846 2.042553 0.769825
0.153846 2.127660 0.799654
0.153846 2.212766 0.829483
0.153846 2.297872 0.859312
0.153846 2.382979 0.889142
0.153846 2.468085 0.918971
0.153846 2.553191 0.948800
0.153846 2.638298 0.978629
0.153846 2.723404 1.008459
0.153846 2.808511 1.038288
0.153846 2.893617 1.068117
0.153846 2.978723 1.097947
0.153846 3.063830 1.127776
0.153846 3.148936 1.157605
0.153846 3.234043 1.187434
0.153846 3.319149 1.217264
0.153846 3.404255 1.247093
0.153846 3.489362 1.276922
0.153846 3.574468 1.306751
0.153846 3.659574 1.336581
0.153846 3.744681 1.366410
0.153846 3.829787 1.396239
0.153846 3.914894 1.426068
0.153846 4.000000 0.000000
0.230769 0.000000 0.000000
0.230769 0.085106 0.110712
0.230769 0.170213 0.140542
0.230769 0.255319 0.170371
0.230769 0.340426 0.200200
0.230769 0.425532 0.230030
0.230769 0.510638 0.259859
0.230769 0.595745 0.289688
0.230769 0.680851 0.319517
0.230769 0.765957 0.349347
0.230769 0.851064 0.379176
0.230769 0.936170 0.409005
0.230769 1.021277 0.438834
0.230769 1.106383 0.468664
0.230769 1.191489 0.498493
0.230769 1.276596 0.528322
0.230769 1.361702 0.558151
0.230769 1.446809 0.587981
0.230769 1.531915 0.617810
0.230769 1.617021 0.647639
0.230769 1.702128 0.677469
0.230769 1.787234 0.707298
0.230769 1.872340 0.737127
0.230769 1.957447 0.766956
0.230769 2.042553 0.796786
0.230769 2.127660 0.826615
0.230769 2.212766 0.856444
0.230769 2.297872 0.886273
0.230769 2.382979 0.916103
0.230769 2.468085 0.945932
0.230769 2.553191 0.975761
0.230769 2.638298 1.005591
0.230769 2.723404 1.035420
0.230769 2.808511 1.065249
0.230769 2.893617 1.095078
0.230769 2.978723 1.124908
0.230769 3.063830 1.154737
0.230769 3.148936 1.184566
0.230769 3.234043 1.214395
0.230769 3.319149 1.244225
0.230769 3.404255 1.274054
0.230769 3.489362 1.303883
0.230769 3.574468 1.333712
0.230769 3.659574 1.363542
0.230769 3.744681 1.393371
0.230769 3.829787 1.423200
0.230769 3.914894 1.453030
0.230769 4.000000 0.000000
0.307692 0.000000 0.000000
0.307692 0.085106 0.137674
0.307692 0.170213 0.167503
0.307692 0.255319 0.197332
0.307692 0.340426 0.227161
0.307692 0.425532 0.256991
0.307692 0.510638 0.286820
0.307692 0.595745 0.316649
0.307692 0.680851 0.346478
0.307692 0.765957 0.376308
0.307692 0.851064 0.406137
0.307692 0.936170 0.435966
0.307692 1.021277 0.465795
0.307692 1.106383 0.495625
0.307692 1.191489 0.525454
0.307692 1.276596 0.555283
0.307692 1.361702 0.585113
0.307692 1.446809 0.614942
0.307692 1.531915 0.644771
0.307692 1.617021 0.674600
0.307692 1.702128 0.704430
0.307692 1.787234 0.734259
0.307692 1.872340 0.764088
0.307692 1.957447 0.793917
0.307692 2.042553 0.823747
0.307692 2.127660 0.853576
0.307692 2.212766 0.883405
0.307692 2.297872 0.913235
0.307692 2.382979 0.943064
0.307692 2.468085 0.972893
0.307692 2.553191 1.002722
0.307692 2.638298 1.032552
0.307692 2.723404 1.062381
0.307692 2.808511 1.092210
0.307692 2.893617 1.122039
0.307692 2.978723 1.151869
0.307692 3.063830 1.181698
0.307692 3.148936 1.211527
0.307692 3.234043 1.241356
0.307692 3.319149 1.271186
0.307692 3.404255 1.301015
0.307692 3.489362 1.330844
0.307692 3.574468 1.360674
0.307692 3.659574 1.390503
0.307692 3.744681 1.420332
0.307692 3.829787 1.450161
0.307692 3.914894 1.479991
0.307692 4.000000 0.000000
0.384615 0.000000 0.000000
0.384615 0.085106 0.164635
0.384615 0.170213 0.194464
0.384615 0.255319 0.224293
0.384615 0.340426 0.254122
0.384615 0.425532 0.283952
0.384615 0.510638 0.313781
0.384615 0.595745 0.343610
0.384615 0.680851 0.373439
0.384615 0.765957 0.403269
0.384615 0.851064 0.433098
0.384615 0.936170 0.462927
0.384615 1.021277 0.492757
0.384615 1.106383 0.522586
0.384615 1.191489 0.552415
0.384615 1.276596 0.582244
0.384615 1.361702 0.612074
0.384615 1.446809 0.641903
0.384615 1.531915 0.671732
0.384615 1.617021 0.701561
0.384615 1.702128 0.731391
0.384615 1.787234 0.761220
0.384615 1.872340 0.791049
0.384615 1.957447 0.820879
0.384615 2.042553 0.850708
0.384615 2.127660 0.880537
0.384615 2.212766 0.910366
0.384615 2.297872 0.940196
0.384615 2.382979 0.970025
0.384615 2.468085 0.999854
0.384615 2.553191 1.029683
0.384615 2.638298 1.059513
0.384615 2.723404 1.089342
0.384615 2.808511 1.119171
0.384615 2.893617 1.149000
0.384615 2.978723 1.178830
0.384615 3.063830 1.208659
0.384615 3.148936 1.238488
0.384615 3.234043 1.268318
0.384615 3.319149 1.298147
0.384615 3.404255 1.327976
0.384615 3.489362 1.357805
0.384615 3.574468 1.387635
0.384615 3.659574 1.417464
0.384615 3.744681 1.447293
0.384615 3.829787 1.477122
0.384615 3.914894 1.506952
0.384615 4.000000 0.000000
0.461538 0.000000 0.000000
0.461538 0.085106 0.191596
0.461538 0.170213 0.221425
0.461538 0.255319 0.251254
0.461538 0.340426 0.281083
0.461538 0.425532 0.310913
0.461538 0.510638 0.340742
0.461538 0.595745 0.370571
0.461538 0.680851 0.400401
0.461538 0.765957 0.430230
0.461538 0.851064 0.460059
0.461538 0.936170 0.489888
0.461538 1.021277 0.519718
0.461538 1.106383 0.549547
0.461538 1.191489 0.579376
0.461538 1.276596 0.609205
0.461538 1.361702 0.639035
0.461538 1.446809 0.668864
0.461538 1.531915 0.698693
0.461538 1.617021 0.728523
0.461538 1.702128 0.758352
0.461538 1.787234 0.788181
0.461538 1.872340 0.818010
0.461538 1.957447 0.847840
0.461538 2.042553 0.877669
0.461538 2.127660 0.907498
0.461538 2.212766 0.937327
0.461538 2.297872 0.967157
0.461538 2.382979 0.996986
0.461538 2.468085 1.026815
0.461538 2.553191 1.056644
0.461538 2.638298 1.086474
0.461538 2.723404 1.116303
0.461538 2.808511 1.146132
0.461538 2.893617 1.175962
0.461538 2.978723 1.205791
0.461538 3.063830 1.235620
0.461538 3.148936 1.265449
0.461538 3.234043 1.295279
0.461538 3.319149 1.325108
0.461538 3.404255 1.354937
0.461538 3.489362 1.384766
0.461538 3.574468 1.414596
0.461538 3.659574 1.444425
0.461538 3.744681 1.474254
0.461538 3.829787 1.504083
0.461538 3.914894 1.533913
0.461538 4.000000 0.000000
0.538462 0.000000 0.000000
0.538462 0.085106 0.218557
0.538462 0.170213 0.248386
0.538462 0.255319 0.278215
0.538462 0.340426 0.308045
0.538462 0.425532 0.337874
0.538462 0.510638 0.367703
0.538462 0.595745 0.397532
0.538462 0.680851 0.427362
0.538462 0.765957 0.457191
0.538462 0.851064 0.487020
0.538462 0.936170 0.516849
0.538462 1.021277 0.546679
0.538462 1.106383 0.576508
0.538462 1.191489 0.606337
0.538462 1.276596 0.636167
0.538462 1.361702 0.665996
0.538462 1.446809 0.695825
0.538462 1.531915 0.725654
0.538462 1.617021 0.755484
0.538462 1.702128 0.785313
0.538462 1.787234 0.815142
0.538462 1.872340 0.844971
0.538462 1.957447 0.874801
0.538462 2.042553 0.904630
0.538462 2.127660 0.934459
0.538462 2.212766 0.964288
0.538462 2.297872 0.994118
0.538462 2.382979 1.023947
0.538462 2.468085 1.053776
0.538462 2.553191 1.083606
0.538462 2.638298 1.113435
0.538462 2.723404 1.143264
0.538462 2.808511 1.173093
0.538462 2.893617 1.202923
0.538462 2.978723 1.232752
0.538462 3.063830 1.262581
0.538462 3.148936 1.292410
0.538462 3.234043 1.322240
0.538462 3.319149 1.352069
0.538462 3.404255 1.381898
0.538462 3.489362 1.411727
0.538462 3.574468 1.441557
0.538462 3.659574 1.471386
0.538462 3.744681 1.501215
0.538462 3.829787 1.531045
0.538462 3.914894 1.560874
0.538462 4.000000 0.000000
0.615385 0.000000 0.000000
0.615385 0.085106 0.245518
0.615385 0.170213 0.275347
0.615385 0.255319 0.305176
0.615385 0.340426 0.335006
0.615385 0.425532 0.364835
0.615385 0.510638 0.394664
0.615385 0.595745 0.424493
0.615385 0.680851 0.454323
0.615385 0.765957 0.484152
0.615385 0.851064 0.513981
0.615385 0.936170 0.543811
0.615385 1.021277 0.573640
0.615385 1.106383 0.603469
0.615385 1.191489 0.633298
0.615385 1.276596 0.663128
0.615385 1.361702 0.692957
0.615385 1.446809 0.722786
0.615385 1.531915 0.752615
0.615385 1.617021 0.782445
0.615385 1.702128 0.812274
0.615385 1.787234 0.842103
0.615385 1.872340 0.871932
0.615385 1.957447 0.901762
0.615385 2.042553 0.931591
0.615385 2.127660 0.961420
0.615385 2.212766 0.991250
0.615385 2.297872 1.021079
0.615385 2.382979 1.050908
0.615385 2.468085 1.080737
0.615385 2.553191 1.110567
0.615385 2.638298 1.140396
0.615385 2.723404 1.170225
0.615385 2.808511 1.200054
0.615385 2.893617 1.229884
0.615385 2.978723 1.259713
0.615385 3.063830 1.289542
0.615385 3.148936 1.319371
0.615385 3.234043 1.349201
0.615385 3.319149 1.379030
0.615385 3.404255 1.408859
0.615385 3.489362 1.438689
0.615385 3.574468 1.468518
0.615385 3.659574 1.498347
0.615385 3.744681 1.528176
0.615385 3.829787 1.558006
0.615385 3.914894 1.587835
0.615385 4.000000 0.000000
0.692308 0.000000 0.000000
0.692308 0.085106 0.272479
0.692308 0.170213 0.302308
0.692308 0.255319 0.332137
0.692308 0.340426 0.361967
0.692308 0.425532 0.391796
0.692308 0.510638 0.421625
0.692308 0.595745 0.451454
0.692308 0.680851 0.481284
0.692308 0.765957 0.511113
0.692308 0.851064 0.540942
0.692308 0.936170 0.570772
0.692308 1.021277 0.600601
0.692308 1.106383 0.630430
0.692308 1.191489 0.660259
0.692308 1.276596 0.690089
0.692308 1.361702 0.719918
0.692308 1.446809 0.749747
0.692308 1.531915 0.779576
0.692308 1.617021 0.809406
0.692308 1.702128 0.839235
0.692308 1.787234 0.869064
0.692308 1.872340 0.898894
0.692308 1.957447 0.928723
0.692308 2.042553 0.958552
0.692308 2.127660 0.988381
0.692308 2.212766 1.018211
0.692308 2.297872 1.048040
0.692308 2.382979 1.077869
0.692308 2.468085 1.107698
0.692308 2.553191 1.137528
0.692308 2.638298 1.167357
0.692308 2.723404 1.197186
0.692308 2.808511 1.227015
0.692308 2.893617 1.256845
0.692308 2.978723 1.286674
0.692308 3.063830 1.316503
0.692308 3.148936 1.346333
0.692308 3.234043 1.376162
0.692308 3.319149 1.405991
0.692308 3.404255 1.435820
0.692308 3.489362 1.465650
0.692308 3.574468 1.495479
0.692308 3.659574 1.525308
0.692308 3.744681 1.555137
0.692308 3.829787 1.584967
0.692308 3.914894 1.614796
0.692308 4.000000 0.000000
0.769231 0.000000 0.000000
0.769231 0.085106 0.299440
0.769231 0.170213 0.329269
0.769231 0.255319 0.359098
0.769231 0.340426 0.388928
0.769231 0.425532 0.418757
0.769231 0.510638 0.448586
0.769231 0.595745 0.478416
0.769231 0.680851 0.508245
0.769231 0.765957 0.538074
0.769231 0.851064 0.567903
0.769231 0.936170 0.597733
0.769231 1.021277 0.627562
0.769231 1.106383 0.657391
0.769231 1.191489 0.687220
0.769231 1.276596 0.717050
0.769231 1.361702 0.746879
0.769231 1.446809 0.776708
0.769231 1.531915 0.806538
0.769231 1.617021 0.836367
0.769231 1.702128 0.866196
0.769231 1.787234 0.896025
0.769231 1.872340 0.925855
0.769231 1.957447 0.955684
0.769231 2.042553 0.985513
0.769231 2.127660 1.015342
0.769231 2.212766 1.045172
0.769231 2.297872 1.075001
0.769231 2.382979 1.104830
0.769231 2.468085 1.134659
0.769231 2.553191 1.164489
0.769231 2.638298 1.194318
0.769231 2.723404 1.224147
0.769231 2.808511 1.253977
0.769231 2.893617 1.283806
0.769231 2.978723 1.313635
0.769231 3.063830 1.343464
0.769231 3.148936 1.373294
0.769231 3.234043 1.403123
0.769231 3.319149 1.432952
0.769231 3.404255 1.462781
0.769231 3.489362 1.492611
0.769231 3.574468 1.522440
0.769231 3.659574 1.552269
0.769231 3.744681 1.582098
0.769231 3.829787 1.611928
0.769231 3.914894 1.641757
0.769231 4.000000 0.000000
0.846154 0.000000 0.000000
0.846154 0.085106 0.326401
0.846154 0.170213 0.356230
0.846154 0.255319 0.386060
0.846154 0.340426 0.415889
0.846154 0.425532 0.445718
0.846154 0.510638 0.475547
0.846154 0.595745 0.505377
0.846154 0.680851 0.535206
0.846154 0.765957 0.565035
0.846154 0.851064 0.594864
0.846154 0.936170 0.624694
0.846154 1.021277 0.654523
0.846154 1.106383 0.684352
0.846154 1.191489 0.714182
0.846154 1.276596 0.744011
0.846154 1.361702 0.773840
0.846154 1.446809 0.803669
0.846154 1.531915 0.833499
0.846154 1.617021 0.863328
0.846154 1.702128 0.893157
0.846154 1.787234 0.922986
0.846154 1.872340 0.952816
0.846154 1.957447 0.982645
0.846154 2.042553 1.012474
0.846154 2.127660 1.042303
0.846154 2.212766 1.072133
0.846154 2.297872 1.101962
0.846154 2.382979 1.131791
0.846154 2.468085 1.161621
0.846154 2.553191 1.191450
0.846154 2.638298 1.221279
0.846154 2.723404 1.251108
0.846154 2.808511 1.280938
0.846154 2.893617 1.310767
0.846154 2.978723 1.340596
0.846154 3.063830 1.370425
0.846154 3.148936 1.400255
0.846154 3.234043 1.430084
0.846154 3.319149 1.459913
0.846154 3.404255 1.489742
0.846154 3.489362 1.519572
0.846154 3.574468 1.549401
0.846154 3.659574 1.579230
0.846154 3.744681 1.609060
0.846154 3.829787 1.638889
0.846154 3.914894 1.668718
0.846154 4.000000 0.000000
0.923077 0.000000 0.000000
0.923077 0.085106 0.353362
0.923077 0.170213 0.383191
0.923077 0.255319 0.413021
0.923077 0.340426 0.442850
0.923077 0.425532 0.472679
0.923077 0.510638 0.502508
0.923077 0.595745 0.532338
0.923077 0.680851 0.562167
0.923077 0.765957 0.591996
0.923077 0.851064 0.621826
0.923077 0.936170 0.651655
0.923077 1.021277 0.681484
0.923077 1.106383 0.711313
0.923077 1.191489 0.741143
0.923077 1.276596 0.770972
0.923077 1.361702 0.800801
0.923077 1.446809 0.830630
0.923077 1.531915 0.860460
0.923077 1.617021 0.890289
0.923077 1.702128 0.920118
0.923077 1.787234 0.949947
0.923077 1.872340 0.979777
0.923077 1.957447 1.009606
0.923077 2.042553 1.039435
0.923077 2.127660 1.069265
0.923077 2.212766 1.099094
0.923077 2.297872 1.128923
0.923077 2.382979 1.158752
0.923077 2.468085 1.188582
0.923077 2.553191 1.218411
0.923077 2.638298 1.248240
0.923077 2.723404 1.278069
0.923077 2.808511 1.307899
0.923077 2.893617 1.337728
0.923077 2.978723 1.367557
0.923077 3.063830 1.397386
0.923077 3.148936 1.427216
0.923077 3.234043 1.457045
0.923077 3.319149 1.486874
0.923077 3.404255 1.516704
0.923077 3.489362 1.546533
0.923077 3.574468 1.576362
0.923077 3.659574 1.606191
0.923077 3.744681 1.636021
0.923077 3.829787 1.665850
0.923077 3.914894 1.695679
0.923077 4.000000 0.000000
1.000000 0.000000 0.000000
1.000000 0.085106 0.380323
1.000000 0.170213 0.410152
1.000000 0.255319 0.439982
1.000000 0.340426 0.469811
1.000000 0.425532 0.499640
1.000000 0.510638 0.529470
1.000000 0.595745 0.559299
1.000000 0.680851 0.589128
1.000000 0.765957 0.618957
1.000000 0.851064 0.648787
1.000000 0.936170 0.678616
1.000000 1.021277 0.708445
1.000000 1.106383 0.738274
1.000000 1.191489 0.768104
1.000000 1.276596 0.797933
1.000000 1.361702 0.827762
1.000000 1.446809 0.857591
1.000000 1.531915 0.887421
1.000000 1.617021 0.917250
1.000000 1.702128 0.947079
1.000000 1.787234 0.976909
1.000000 1.872340 1.006738
1.000000 1.957447 1.036567
1.000000 2.042553 1.066396
1.000000 2.127660 1.096226
1.000000 2.212766 1.126055
1.000000 2.297872 1.155884
1.000000 2.382979 1.185713
1.000000 2.468085 1.215543
1.000000 2.553191 1.245372
1.000000 2.638298 1.275201
1.000000 2.723404 1.305030
1.000000 2.808511 1.334860
1.000000 2.893617 1.364689
1.000000 2.978723 1.394518
1.000000 3.063830 1.424348
1.000000 3.148936 1.454177
1.000000 3.234043 1.484006
1.000000 3.319149 1.513835
1.000000 3.404255 1.543665
1.000000 3.489362 1.573494
1.000000 3.574468 1.603323
1.000000 3.659574 1.633152
1.000000 3.744681 1.662982
1.000000 3.829787 1.692811
1.000000 3.914894 1.722640
1.000000 4.000000 0.000000
1.076923 0.000000 0.000000
1.076923 0.085106 0.407284
1.076923 0.170213 0.437114
1.076923 0.255319 0.466943
1.076923 0.340426 0.496772
1.076923 0.425532 0.526601
1.076923 0.510638 0.556431
1.076923 0.595745 0.586260
1.076923 0.680851 0.616089
1.076923 0.765957 0.645918
1.076923 0.851064 0.675748
1.076923 0.936170 0.705577
1.076923 1.021277 0.735406
1.076923 1.106383 0.765235
1.076923 1.191489 0.795065
1.076923 1.276596 0.824894
1.076923 1.361702 0.854723
1.076923 1.446809 0.884553
1.076923 1.531915 0.914382
1.076923 1.617021 0.944211
1.076923 1.702128 0.974040
1.076923 1.787234 1.003870
1.076923 1.872340 1.033699
1.076923 1.957447 1.063528
1.076923 2.042553 1.093357
1.076923 2.127660 1.123187
1.076923 2.212766 1.153016
1.076923 2.297872 1.182845
1.076923 2.382979 1.212674
1.076923 2.468085 1.242504
1.076923 2.553191 1.272333
1.076923 2.638298 1.302162
1.076923 2.723404 1.331992
1.076923 2.808511 1.361821
1.076923 2.893617 1.391650
1.076923 2.978723 1.421479
1.076923 3.063830 1.451309
1.076923 3.148936 1.481138
1.076923 3.234043 1.510967
1.076923 3.319149 1.540796
1.076923 3.404255 1.570626
1.076923 3.489362 1.600455
1.076923 3.574468 1.630284
1.076923 3.659574 1.660113
1.076923 3.744681 1.689943
1.076923 3.829787 1.719772
1.076923 3.914894 1.749601
1.076923 4.000000 0.000000
1.153846 0.000000 0.000000
1.153846 0.085106 0.434245
1.153846 0.170213 0.464075
1.153846 0.255319 0.493904
1.153846 0.340426 0.523733
1.153846 0.425532 0.553562
1.153846 0.510638 0.583392
1.153846 0.595745 0.613221
1.153846 0.680851 0.643050
1.153846 0.765957 0.672879
1.153846 0.851064 0.702709
1.153846 0.936170 0.732538
1.153846 1.021277 0.762367
1.153846 1.106383 0.792197
1.153846 1.191489 0.822026
1.153846 1.276596 0.851855
1.153846 1.361702 0.881684
1.153846 1.446809 0.911514
1.153846 1.531915 0.941343
1.153846 1.617021 0.971172
1.153846 1.702128 1.001001
1.153846 1.787234 1.030831
1.153846 1.872340 1.060660
1.153846 1.957447 1.090489
1.153846 2.042553 1.120318
1.153846 2.127660 1.150148
1.153846 2.212766 1.179977
1.153846 2.297872 1.209806
1.153846 2.382979 1.239636
1.153846 2.468085 1.269465
1.153846 2.553191 1.299294
1.153846 2.638298 1.329123
1.153846 2.723404 1.358953
1.153846 2.808511 1.388782
1.153846 2.893617 1.418611
1.153846 2.978723 1.448440
1.153846 3.063830 1.478270
1.153846 3.148936 1.508099
1.153846 3.234043 1.537928
1.153846 3.319149 1.567757
1.153846 3.404255 1.597587
1.153846 3.489362 1.627416
1.153846 3.574468 1.657245
1.153846 3.659574 1.687075
1.153846 3.744681 1.716904
1.153846 3.829787 1.746733
1.153846 3.914894 1.776562
1.153846 4.000000 0.000000
1.230769 0.000000 0.000000
1.230769 0.085106 0.461206
1.230769 0.170213 0.491036
1.230769 0.255319 0.520865
1.230769 0.340426 0.550694
1.230769 0.425532 0.580523
1.230769 0.510638 0.610353
1.230769 0.595745 0.640182
1.230769 0.680851 0.670011
1.230769 0.765957 0.699841
1.230769 0.851064 0.729670
1.230769 0.936170 0.759499
1.230769 1.021277 0.789328
1.230769 1.106383 0.819158
1.230769 1.191489 0.848987
1.230769 1.276596 0.878816
1.230769 1.361702 0.908645
1.230769 1.446809 0.938475
1.230769 1.531915 0.968304
1.230769 1.617021 0.998133
1.230769 1.702128 1.027962
1.230769 1.787234 1.057792
1.230769 1.872340 1.087621
1.230769 1.957447 1.117450
1.230769 2.042553 1.147280
1.230769 2.127660 1.177109
1.230769 2.212766 1.206938
1.230769 2.297872 1.236767
1.230769 2.382979 1.266597
1.230769 2.468085 1.296426
1.230769 2.553191 1.326255
1.230769 2.638298 1.356084
1.230769 2.723404 1.385914
1.230769 2.808511 1.415743
1.230769 2.893617 1.445572
1.230769 2.978723 1.475401
1.230769 3.063830 1.505231
1.230769 3.148936 1.535060
1.230769 3.234043 1.564889
1.230769 3.319149 1.594719
1.230769 3.404255 1.624548
1.230769 3.489362 1.654377
1.230769 3.574468 1.684206
1.230769 3.659574 1.714036
1.230769 3.744681 1.743865
1.230769 3.829787 1.773694
1.230769 3.914894 1.803523
1.230769 4.000000 0.000000
1.307692 0.000000 0.000000
1.307692 0.085106 0.488167
1.307692 0.170213 0.517997
1.307692 0.255319 0.547826
1.307692 0.340426 0.577655
1.307692 0.425532 0.607485
1.307692 0.510638 0.637314
1.307692 0.595745 0.667143
1.307692 0.680851 0.696972
1.307692 0.765957 0.726802
1.307692 0.851064 0.756631
1.307692 0.936170 0.786460
1.307692 1.021277 0.816289
1.307692 1.106383 0.846119
1.307692 1.191489 0.875948
1.307692 1.276596 0.905777
1.307692 1.361702 0.935606
1.307692 1.446809 0.965436
1.307692 1.531915 0.995265
1.307692 1.617021 1.025094
1.307692 1.702128 1.054924
1.307692 1.787234 1.084753
1.307692 1.872340 1.114582
1.307692 1.957447 1.144411
1.307692 2.042553 1.174241
1.307692 2.127660 1.204070
1.307692 2.212766 1.233899
1.307692 2.297872 1.263728
1.307692 2.382979 1.293558
1.307692 2.468085 1.323387
1.307692 2.553191 1.353216
1.307692 2.638298 1.383045
1.307692 2.723404 1.412875
1.307692 2.808511 1.442704
1.307692 2.893617 1.472533
1.307692 2.978723 1.502363
1.307692 3.063830 1.532192
1.307692 3.148936 1.562021
1.307692 3.234043 1.591850
1.307692 3.319149 1.621680
1.307692 3.404255 1.651509
1.307692 3.489362 1.681338
1.307692 3.574468 1.711167
1.307692 3.659574 1.740997
1.307692 3.744681 1.770826
1.307692 3.829787 1.800655
1.307692 3.914894 1.830485
1.307692 4.000000 0.000000
1.384615 0.000000 0.000000
1.384615 0.085106 0.515129
1.384615 0.170213 0.544958
1.384615 0.255319 0.574787
1.384615 0.340426 0.604616
1.384615 0.425532 0.634446
1.384615 0.510638 0.664275
1.384615 0.595745 0.694104
1.384615 0.680851 0.723933
1.384615 0.765957 0.753763
1.384615 0.851064 0.783592
1.384615 0.936170 0.813421
1.384615 1.021277 0.843250
1.384615 1.106383 0.873080
1.384615 1.191489 0.902909
1.384615 1.276596 0.932738
1.384615 1.361702 0.962568
1.384615 1.446809 0.992397
1.384615 1.531915 1.022226
1.384615 1.617021 1.052055
1.384615 1.702128 1.081885
1.384615 1.787234 1.111714
1.384615 1.872340 1.141543
1.384615 1.957447 1.171372
1.384615 2.042553 1.201202
1.384615 2.127660 1.231031
1.384615 2.212766 1.260860
1.384615 2.297872 1.290689
1.384615 2.382979 1.320519
1.384615 2.468085 1.350348
1.384615 2.553191 1.380177
1.384615 2.638298 1.410007
1.384615 2.723404 1.439836
1.384615 2.808511 1.469665
1.384615 2.893617 1.499494
1.384615 2.978723 1.529324
1.384615 3.063830 1.559153
1.384615 3.148936 1.588982
1.384615 3.234043 1.618811
1.384615 3.319149 1.648641
1.384615 3.404255 1.678470
1.384615 3.489362 1.708299
1.384615 3.574468 1.738129
1.384615 3.659574 1.767958
1.384615 3.744681 1.797787
1.384615 3.829787 1.827616
1.384615 3.914894 1.857446
1.384615 4.000000 0.000000
1.461538 0.000000 0.000000
1.461538 0.085106 0.542090
1.461538 0.170213 0.571919
1.461538 0.255319 0.601748
1.461538 0.340426 0.631577
1.461538 0.425532 0.661407
1.461538 0.510638 0.691236
1.461538 0.595745 0.721065
1.461538 0.680851 0.750894
1.461538 0.765957 0.780724
1.461538 0.851064 0.810553
1.461538 0.936170 0.840382
1.461538 1.021277 0.870212
1.461538 1.106383 0.900041
1.461538 1.191489 0.929870
1.461538 1.276596 0.959699
1.461538 1.361702 0.989529
1.461538 1.446809 1.019358
1.461538 1.531915 1.049187
1.461538 1.617021 1.079016
1.461538 1.702128 1.108846
1.461538 1.787234 1.138675
1.461538 1.872340 1.168504
1.461538 1.957447 1.198333
1.461538 2.042553 1.228163
1.461538 2.127660 1.257992
1.461538 2.212766 1.287821
1.461538 2.297872 1.317651
1.461538 2.382979 1.347480
1.461538 2.468085 1.377309
1.461538 2.553191 1.407138
1.461538 2.638298 1.436968
1.461538 2.723404 1.466797
1.461538 2.808511 1.496626
1.461538 2.893617 1.526455
1.461538 2.978723 1.556285
1.461538 3.063830 1.586114
1.461538 3.148936 1.615943
1.461538 3.234043 1.645773
1.461538 3.319149 1.675602
1.461538 3.404255 1.705431
1.461538 3.489362 1.735260
1.461538 3.574468 1.765090
1.461538 3.659574 1.794919
1.461538 3.744681 1.824748
1.461538 3.829787 1.854577
1.461538 3.914894 1.884407
1.461538 4.000000 0.000000
1.538462 0.000000 0.000000
1.538462 0.085106 0.569051
1.538462 0.170213 0.598880
1.538462 0.255319 0.628709
1.538462 0.340426 0.658538
1.538462 0.425532 0.688368
1.538462 0.510638 0.718197
1.538462 0.595745 0.748026
1.538462 0.680851 0.777856
1.538462 0.765957 0.807685
1.538462 0.851064 0.837514
1.538462 0.936170 0.867343
1.538462 1.021277 0.897173
1.538462 1.106383 0.927002
1.538462 1.191489 0.956831
1.538462 1.276596 0.986660
1.538462 1.361702 1.016490
1.538462 1.446809 1.046319
1.538462 1.531915 1.076148
1.538462 1.617021 1.105977
1.538462 1.702128 1.135807
1.538462 1.787234 1.165636
1.538462 1.872340 1.195465
1.538462 1.957447 1.225295
1.538462 2.042553 1.255124
1.538462 2.127660 1.284953
1.538462 2.212766 1.314782
1.538462 2.297872 1.344612
1.538462 2.382979 1.374441
1.538462 2.468085 1.404270
1.538462 2.553191 1.434099
1.538462 2.638298 1.463929
1.538462 2.723404 1.493758
1.538462 2.808511 1.523587
1.538462 2.893617 1.553416
1.538462 2.978723 1.583246
1.538462 3.063830 1.613075
1.538462 3.148936 1.642904
1.538462 3.234043 1.672734
1.538462 3.319149 1.702563
1.538462 3.404255 1.732392
1.538462 3.489362 1.762221
1.538462 3.574468 1.792051
1.538462 3.659574 1.821880
1.538462 3.744681 1.851709
1.538462 3.829787 1.881538
1.538462 3.914894 1.911368
1.538462 4.000000 0.000000
1.615385 0.000000 0.000000
1.615385 0.085106 0.596012
1.615385 0.170213 0.625841
1.615385 0.255319 0.655670
1.615385 0.340426 0.685500
1.615385 0.425532 0.715329
1.615385 0.510638 0.745158
1.615385 0.595745 0.774987
1.615385 0.680851 0.804817
1.615385 0.765957 0.834646
1.615385 0.851064 0.864475
1.615385 0.936170 0.894304
1.615385 1.021277 0.924134
1.615385 1.106383 0.953963
1.615385 1.191489 0.983792
1.615385 1.276596 1.013621
1.615385 1.361702 1.043451
1.615385 1.446809 1.073280
1.615385 1.531915 1.103109
1.615385 1.617021 1.132939
1.615385 1.702128 1.162768
1.615385 1.787234 1.192597
1.615385 1.872340 1.222426
1.615385 1.957447 1.252256
1.615385 2.042553 1.282085
1.615385 2.127660 1.311914
1.615385 2.212766 1.341743
1.615385 2.297872 1.371573
1.615385 2.382979 1.401402
1.615385 2.468085 1.431231
1.615385 2.553191 1.461060
1.615385 2.638298 1.490890
1.615385 2.723404 1.520719
1.615385 2.808511 1.550548
1.615385 2.893617 1.580378
1.615385 2.978723 1.610207
1.615385 3.063830 1.640036
1.615385 3.148936 1.669865
1.615385 3.234043 1.699695
1.615385 3.319149 1.729524
1.615385 3.404255 1.759353
1.615385 3.489362 1.789182
1.615385 3.574468 1.819012
1.615385 3.659574 1.848841
1.615385 3.744681 1.878670
1.615385 3.829787 1.908500
1.615385 3.914894 1.938329
1.615385 4.000000 0.000000
1.692308 0.000000 0.000000
1.692308 0.085106 0.622973
1.692308 0.170213 0.652802
1.692308 0.255319 0.682631
1.692308 0.340426 0.712461
1.692308 0.425532 0.742290
1.692308 0.510638 0.772119
1.692308 0.595745 0.801948
1.692308 0.680851 0.831778
1.692308 0.765957 0.861607
1.692308 0.851064 0.891436
1.692308 0.936170 0.921265
1.692308 1.021277 0.951095
1.692308 1.106383 0.980924
1.692308 1.191489 1.010753
1.692308 1.276596 1.040583
1.692308 1.361702 1.070412
1.692308 1.446809 1.100241
1.692308 1.531915 1.130070
1.692308 1.617021 1.159900
1.692308 1.702128 1.189729
1.692308 1.787234 1.219558
1.692308 1.872340 1.249387
1.692308 1.957447 1.279217
1.692308 2.042553 1.309046
1.692308 2.127660 1.338875
1.692308 2.212766 1.368704
1.692308 2.297872 1.398534
1.692308 2.382979 1.428363
1.692308 2.468085 1.458192
1.692308 2.553191 1.488022
1.692308 2.638298 1.517851
1.692308 2.723404 1.547680
1.692308 2.808511 1.577509
1.692308 2.893617 1.607339
1.692308 2.978723 1.637168
1.692308 3.063830 1.666997
1.692308 3.148936 1.696826
1.692308 3.234043 1.726656
1.692308 3.319149 1.756485
1.692308 3.404255 1.786314
1.692308 3.489362 1.816144
1.692308 3.574468 1.845973
1.692308 3.659574 1.875802
1.692308 3.744681 1.905631
1.692308 3.829787 1.935461
1.692308 3.914894 1.965290
1.692308 4.000000 0.000000
1.769231 0.000000 0.000000
1.769231 0.085106 0.649934
1.769231 0.170213 0.679763
1.769231 0.255319 0.709592
1.769231 0.340426 0.739422
1.769231 0.425532 0.769251
1.769231 0.510638 0.799080
1.769231 0.595745 0.828909
1.769231 0.680851 0.858739
1.769231 0.765957 0.888568
1.769231 0.851064 0.918397
1.769231 0.936170 0.948227
1.769231 1.021277 0.978056
1.769231 1.106383 1.007885
1.769231 1.191489 1.037714
1.769231 1.276596 1.067544
1.769231 1.361702 1.097373
1.769231 1.446809 1.127202
1.769231 1.531915 1.157031
1.769231 1.617021 1.186861
1.769231 1.702128 1.216690
1.769231 1.787234 1.246519
1.769231 1.872340 1.276348
1.769231 1.957447 1.306178
1.769231 2.042553 1.336007
1.769231 2.127660 1.365836
1.769231 2.212766 1.395666
1.769231 2.297872 1.425495
1.769231 2.382979 1.455324
1.769231 2.468085 1.485153
1.769231 2.553191 1.514983
1.769231 2.638298 1.544812
1.769231 2.723404 1.574641
1.769231 2.808511 1.604470
1.769231 2.893617 1.634300
1.769231 2.978723 1.664129
1.769231 3.063830 1.693958
1.769231 3.148936 1.723788
1.769231 3.234043 1.753617
1.769231 3.319149 1.783446
1.769231 3.404255 1.813275
1.769231 3.489362 1.843105
1.769231 3.574468 1.872934
1.769231 3.659574 1.902763
1.769231 3.744681 1.932592
1.769231 3.829787 1.962422
1.769231 3.914894 1.992251
1.769231 4.000000 0.000000
1.846154 0.000000 0.000000
1.846154 0.085106 0.676895
1.846154 0.170213 0.706724
1.846154 0.255319 0.736553
1.846154 0.340426 0.766383
1.846154 0.425532 0.796212
1.846154 0.510638 0.826041
1.846154 0.595745 0.855871
1.846154 0.680851 0.885700
1.846154 0.765957 0.915529
1.846154 0.851064 0.945358
1.846154 0.936170 0.975188
1.846154 1.021277 1.005017
1.846154 1.106383 1.034846
1.846154 1.191489 1.064675
1.846154 1.276596 1.094505
1.846154 1.361702 1.124334
1.846154 1.446809 1.154163
1.846154 1.531915 1.183992
1.846154 1.617021 1.213822
1.846154 1.702128 1.243651
1.846154 1.787234 1.273480
1.846154 1.872340 1.303310
1.846154 1.957447 1.333139
1.846154 2.042553 1.362968
1.846154 2.127660 1.392797
1.846154 2.212766 1.422627
1.846154 2.297872 1.452456
1.846154 2.382979 1.482285
1.846154 2.468085 1.512114
1.846154 2.553191 1.541944
1.846154 2.638298 1.571773
1.846154 2.723404 1.601602
1.846154 2.808511 1.631432
1.846154 2.893617 1.661261
1.846154 2.978723 1.691090
1.846154 3.063830 1.720919
1.846154 3.148936 1.750749
1.846154 3.234043 1.780578
1.846154 3.319149 1.810407
1.846154 3.404255 1.840236
1.846154 3.489362 1.870066
1.846154 3.574468 1.899895
1.846154 3.659574 1.929724
1.846154 3.744681 1.959553
1.846154 3.829787 1.989383
1.846154 3.914894 2.019212
1.846154 4.000000 0.000000
1.923077 0.000000 0.000000
1.923077 0.085106 0.703856
1.923077 0.170213 0.733685
1.923077 0.255319 0.763515
1.923077 0.340426 0.793344
1.923077 0.425532 0.823173
1.923077 0.510638 0.853002
1.923077 0.595745 0.882832
1.923077 0.680851 0.912661
1.923077 0.765957 0.942490
1.923077 0.851064 0.972319
1.923077 0.936170 1.002149
1.923077 1.021277 1.031978
1.923077 1.106383 1.061807
1.923077 1.191489 1.091636
1.923077 1.276596 1.121466
1.923077 1.361702 1.151295
1.923077 1.446809 1.181124
1.923077 1.531915 1.210954
1.923077 1.617021 1.240783
1.923077 1.702128 1.270612
1.923077 1.787234 1.300441
1.923077 1.872340 1.330271
1.923077 1.957447 1.360100
1.923077 2.042553 1.389929
1.923077 2.127660 1.419758
1.923077 2.212766 1.449588
1.923077 2.297872 1.479417
1.923077 2.382979 1.509246
1.923077 2.468085 1.539076
1.923077 2.553191 1.568905
1.923077 2.638298 1.598734
1.923077 2.723404 1.628563
1.923077 2.808511 1.658393
1.923077 2.893617 1.688222
1.923077 2.978723 1.718051
1.923077 3.063830 1.747880
1.923077 3.148936 1.777710
1.923077 3.234043 1.807539
1.923077 3.319149 1.837368
1.923077 3.404255 1.867197
1.923077 3.489362 1.897027
1.923077 3.574468 1.926856
1.923077 3.659574 1.956685
1.923077 3.744681 1.986515
1.923077 3.829787 2.016344
1.923077 3.914894 2.046173
1.923077 4.000000 0.000000
2.000000 0.000000 0.000000
2.000000 0.085106 0.730817
2.000000 0.170213 0.760646
2.000000 0.255319 0.790476
2.000000 0.340426 0.820305
2.000000 0.425532 0.850134
2.000000 0.510638 0.879963
2.000000 0.595745 0.909793
2.000000 0.680851 0.939622
2.000000 0.765957 0.969451
2.000000 0.851064 0.999280
2.000000 0.936170 1.029110
2.000000 1.021277 1.058939
2.000000 1.106383 1.088768
2.000000 1.191489 1.118598
2.000000 1.276596 1.148427
2.000000 1.361702 1.178256
2.000000 1.446809 1.208085
2.000000 1.531915 1.237915
2.000000 1.617021 1.267744
2.000000 1.702128 1.297573
2.000000 1.787234 1.327402
2.000000 1.872340 1.357232
2.000000 1.957447 1.387061
2.000000 2.042553 1.416890
2.000000 2.127660 1.446719
2.000000 2.212766 1.476549
2.000000 2.297872 1.506378
2.000000 2.382979 1.536207
2.000000 2.468085 1.566037
2.000000 2.553191 1.595866
2.000000 2.638298 1.625695
2.000000 2.723404 1.655524
2.000000 2.808511 1.685354
2.000000 2.893617 1.715183
2.000000 2.978723 1.745012
2.000000 3.063830 1.774841
2.000000 3.148936 1.804671
2.000000 3.234043 1.834500
2.000000 3.319149 1.864329
2.000000 3.404255 1.894159
2.000000 3.489362 1.923988
2.000000 3.574468 1.953817
2.000000 3.659574 1.983646
2.000000 3.744681 2.013476
2.000000 3.829787 2.043305
2.000000 3.914894 2.073134
2.000000 4.000000 0.000000
2.076923 0.000000 0.000000
2.076923 0.085106 0.757778
2.076923 0.170213 0.787607
2.076923 0.255319 0.817437
2.076923 0.340426 0.847266
2.076923 0.425532 0.877095
2.076923 0.510638 0.906924
2.076923 0.595745 0.936754
2.076923 0.680851 0.966583
2.076923 0.765957 0.996412
2.076923 0.851064 1.026242
2.076923 0.936170 1.056071
2.076923 1.021277 1.085900
2.076923 1.106383 1.115729
2.076923 1.191489 1.145559
2.076923 1.276596 1.175388
2.076923 1.361702 1.205217
2.076923 1.446809 1.235046
2.076923 1.531915 1.264876
2.076923 1.617021 1.294705
2.076923 1.702128 1.324534
2.076923 1.787234 1.354363
2.076923 1.872340 1.384193
2.076923 1.957447 1.414022
2.076923 2.042553 1.443851
2.076923 2.127660 1.473681
2.076923 2.212766 1.503510
2.076923 2.297872 1.533339
2.076923 2.382979 1.563168
2.076923 2.468085 1.592998
2.076923 2.553191 1.622827
2.076923 2.638298 1.652656
2.076923 2.723404 1.682485
2.076923 2.808511 1.712315
2.076923 2.893617 1.742144
2.076923 2.978723 1.771973
2.076923 3.063830 1.801803
2.076923 3.148936 1.831632
2.076923 3.234043 1.861461
2.076923 3.319149 1.891290
2.076923 3.404255 1.921120
2.076923 3.489362 1.950949
2.076923 3.574468 1.980778
2.076923 3.659574 2.010607
2.076923 3.744681 2.040437
2.076923 3.829787 2.070266
2.076923 3.914894 2.100095
2.076923 4.000000 0.000000
2.153846 0.000000 0.000000
2.153846 0.085106 0.784739
2.153846 0.170213 0.814568
2.153846 0.255319 0.844398
2.153846 0.340426 0.874227
2.153846 0.425532 0.904056
2.153846 0.510638 0.933886
2.153846 0.595745 0.963715
2.153846 0.680851 0.993544
2.153846 0.765957 1.023373
2.153846 0.851064 1.053203
2.153846 0.936170 1.083032
2.153846 1.021277 1.112861
2.153846 1.106383 1.142690
2.153846 1.191489 1.172520
2.153846 1.276596 1.202349
2.153846 1.361702 1.232178
2.153846 1.446809 1.262007
2.153846 1.531915 1.291837
2.153846 1.617021 1.321666
2.153846 1.702128 1.351495
2.153846 1.787234 1.381325
2.153846 1.872340 1.411154
2.153846 1.957447 1.440983
2.153846 2.042553 1.470812
2.153846 2.127660 1.500642
2.153846 2.212766 1.530471
2.153846 2.297872 1.560300
2.153846 2.382979 1.590129
2.153846 2.468085 1.619959
2.153846 2.553191 1.649788
2.153846 2.638298 1.679617
2.153846 2.723404 1.709447
2.153846 2.808511 1.739276
2.153846 2.893617 1.769105
2.153846 2.978723 1.798934
2.153846 3.063830 1.828764
2.153846 3.148936 1.858593
2.153846 3.234043 1.888422
2.153846 3.319149 1.918251
2.153846 3.404255 1.948081
2.153846 3.489362 1.977910
2.153846 3.574468 2.007739
2.153846 3.659574 2.037568
2.153846 3.744681 2.067398
2.153846 3.829787 2.097227
2.153846 3.914894 2.127056
2.153846 4.000000 0.000000
2.230769 0.000000 0.000000
2.230769 0.085106 0.811700
2.230769 0.170213 0.841530
2.230769 0.255319 0.871359
2.230769 0.340426 0.901188
2.230769 0.425532 0.931017
2.230769 0.510638 0.960847
2.230769 0.595745 0.990676
2.230769 0.680851 1.020505
2.230769 0.765957 1.050334
2.230769 0.851064 1.080164
2.230769 0.936170 1.109993
2.230769 1.021277 1.139822
2.230769 1.106383 1.169651
2.230769 1.191489 1.199481
2.230769 1.276596 1.229310
2.230769 1.361702 1.259139
2.230769 1.446809 1.288969
2.230769 1.531915 1.318798
2.230769 1.617021 1.348627
2.230769 1.702128 1.378456
2.230769 1.787234 1.408286
2.230769 1.872340 1.438115
2.230769 1.957447 1.467944
2.230769 2.042553 1.497773
2.230769 2.127660 1.527603
2.230769 2.212766 1.557432
2.230769 2.297872 1.587261
2.230769 2.382979 1.617091
2.230769 2.468085 1.646920
2.230769 2.553191 1.676749
2.230769 2.638298 1.706578
2.230769 2.723404 1.736408
2.230769 2.808511 1.766237
2.230769 2.893617 1.796066
2.230769 2.978723 1.825895
2.230769 3.063830 1.855725
2.230769 3.148936 1.885554
2.230769 3.234043 1.915383
2.230769 3.319149 1.945212
2.230769 3.404255 1.975042
2.230769 3.489362 2.004871
2.230769 3.574468 2.034700
2.230769 3.659574 2.064530
2.230769 3.744681 2.094359
2.230769 3.829787 2.124188
2.230769 3.914894 2.154017
2.230769 4.000000 0.000000
2.307692 0.000000 0.000000
2.307692 0.085106 0.838661
2.307692 0.170213 0.868491
2.307692 0.255319 0.898320
2.307692 0.340426 0.928149
2.307692 0.425532 0.957978
2.307692 0.510638 0.987808
2.307692 0.595745 1.017637
2.307692 0.680851 1.047466
2.307692 0.765957 1.077295
2.307692 0.851064 1.107125
2.307692 0.936170 1.136954
2.307692 1.021277 1.166783
2.307692 1.106383 1.196613
2.307692 1.191489 1.226442
2.307692 1.276596 1.256271
2.307692 1.361702 1.286100
2.307692 1.446809 1.315930
2.307692 1.531915 1.345759
2.307692 1.617021 1.375588
2.307692 1.702128 1.405417
2.307692 1.787234 1.435247
2.307692 1.872340 1.465076
2.307692 1.957447 1.494905
2.307692 2.042553 1.524735
2.307692 2.127660 1.554564
2.307692 2.212766 1.584393
2.307692 2.297872 1.614222
2.307692 2.382979 1.644052
2.307692 2.468085 1.673881
2.307692 2.553191 1.703710
2.307692 2.638298 1.733539
2.307692 2.723404 1.763369
2.307692 2.808511 1.793198
2.307692 2.893617 1.823027
2.307692 2.978723 1.852856
2.307692 3.063830 1.882686
2.307692 3.148936 1.912515
2.307692 3.234043 1.942344
2.307692 3.319149 1.972174
2.307692 3.404255 2.002003
2.307692 3.489362 2.031832
2.307692 3.574468 2.061661
2.307692 3.659574 2.091491
2.307692 3.744681 2.121320
2.307692 3.829787 2.151149
2.307692 3.914894 2.180978
2.307692 4.000000 0.000000
2.384615 0.000000 0.000000
2.384615 0.085106 0.865622
2.384615 0.170213 0.895452
2.384615 0.255319 0.925281
2.384615 0.340426 0.955110
2.384615 0.425532 0.984939
2.384615 0.510638 1.014769
2.384615 0.595745 1.044598
2.384615 0.680851 1.074427
2.384615 0.765957 1.104257
2.384615 0.851064 1.134086
2.384615 0.936170 1.163915
2.384615 1.021277 1.193744
2.384615 1.106383 1.223574
2.384615 1.191489 1.253403
2.384615 1.276596 1.283232
2.384615 1.361702 1.313061
2.384615 1.446809 1.342891
2.384615 1.531915 1.372720
2.384615 1.617021 1.402549
2.384615 1.702128 1.432379
2.384615 1.787234 1.462208
2.384615 1.872340 1.492037
2.384615 1.957447 1.521866
2.384615 2.042553 1.551696
2.384615 2.127660 1.581525
2.384615 2.212766 1.611354
2.384615 2.297872 1.641183
2.384615 2.382979 1.671013
2.384615 2.468085 1.700842
2.384615 2.553191 1.730671
2.384615 2.638298 1.760500
2.384615 2.723404 1.790330
2.384615 2.808511 1.820159
2.384615 2.893617 1.849988
2.384615 2.978723 1.879818
2.384615 3.063830 1.909647
2.384615 3.148936 1.939476
2.384615 3.234043 1.969305
2.384615 3.319149 1.999135
2.384615 3.404255 2.028964
2.384615 3.489362 2.058793
2.384615 3.574468 2.088622
2.384615 3.659574 2.118452
2.384615 3.744681 2.148281
2.384615 3.829787 2.178110
2.384615 3.914894 2.207939
2.384615 4.000000 0.000000
2.461538 0.000000 0.000000
2.461538 0.085106 0.892583
2.461538 0.170213 0.922413
2.461538 0.255319 0.952242
2.461538 0.340426 0.982071
2.461538 0.425532 1.011901
2.461538 0.510638 1.041730
2.461538 0.595745 1.071559
2.461538 0.680851 1.101388
2.461538 0.765957 1.131218
2.461538 0.851064 1.161047
2.461538 0.936170 1.190876
2.461538 1.021277 1.220705
2.461538 1.106383 1.250535
2.461538 1.191489 1.280364
2.461538 1.276596 1.310193
2.461538 1.361702 1.340023
2.461538 1.446809 1.369852
2.461538 1.531915 1.399681
2.461538 1.617021 1.429510
2.461538 1.702128 1.459340
2.461538 1.787234 1.489169
2.461538 1.872340 1.518998
2.461538 1.957447 1.548827
2.461538 2.042553 1.578657
2.461538 2.127660 1.608486
2.461538 2.212766 1.638315
2.461538 2.297872 1.668144
2.461538 2.382979 1.697974
2.461538 2.468085 1.727803
2.461538 2.553191 1.757632
2.461538 2.638298 1.787462
2.461538 2.723404 1.817291
2.461538 2.808511 1.847120
2.461538 2.893617 1.876949
2.461538 2.978723 1.906779
2.461538 3.063830 1.936608
2.461538 3.148936 1.966437
2.461538 3.234043 1.996266
2.461538 3.319149 2.026096
2.461538 3.404255 2.055925
2.461538 3.489362 2.085754
2.461538 3.574468 2.115583
2.461538 3.659574 2.145413
2.461538 3.744681 2.175242
2.461538 3.829787 2.205071
2.461538 3.914894 2.234901
2.461538 4.000000 0.000000
2.538462 0.000000 0.000000
2.538462 0.085106 0.919545
2.538462 0.170213 0.949374
2.538462 0.255319 0.979203
2.538462 0.340426 1.009032
2.538462 0.425532 1.038862
2.538462 0.510638 1.068691
2.538462 0.595745 1.098520
2.538462 0.680851 1.128349
2.538462 0.765957 1.158179
2.538462 0.851064 1.188008
2.538462 0.936170 1.217837
2.538462 1.021277 1.247666
2.538462 1.106383 1.277496
2.538462 1.191489 1.307325
2.538462 1.276596 1.337154
2.538462 1.361702 1.366984
2.538462 1.446809 1.396813
2.538462 1.531915 1.426642
2.538462 1.617021 1.456471
2.538462 1.702128 1.486301
2.538462 1.787234 1.516130
2.538462 1.872340 1.545959
2.538462 1.957447 1.575788
2.538462 2.042553 1.605618
2.538462 2.127660 1.635447
2.538462 2.212766 1.665276
2.538462 2.297872 1.695106
2.538462 2.382979 1.724935
2.538462 2.468085 1.754764
2.538462 2.553191 1.784593
2.538462 2.638298 1.814423
2.538462 2.723404 1.844252
2.538462 2.808511 1.874081
2.538462 2.893617 1.903910
2.538462 2.978723 1.933740
2.538462 3.063830 1.963569
2.538462 3.148936 1.993398
2.538462 3.234043 2.023227
2.538462 3.319149 2.053057
2.538462 3.404255 2.082886
2.538462 3.489362 2.112715
2.538462 3.574468 2.142545
2.538462 3.659574 2.172374
2.538462 3.744681 2.202203
2.538462 3.829787 2.232032
2.538462 3.914894 2.261862
2.538462 4.000000 0.000000
2.615385 0.000000 0.000000
2.615385 0.085106 0.946506
2.615385 0.170213 0.976335
2.615385 0.255319 1.006164
2.615385 0.340426 1.035993
2.615385 0.425532 1.065823
2.615385 0.510638 1.095652
2.615385 0.595745 1.125481
2.615385 0.680851 1.155310
2.615385 0.765957 1.185140
2.615385 0.851064 1.214969
2.615385 0.936170 1.244798
2.615385 1.021277 1.274628
2.615385 1.106383 1.304457
2.615385 1.191489 1.334286
2.615385 1.276596 1.364115
2.615385 1.361702 1.393945
2.615385 1.446809 1.423774
2.615385 1.531915 1.453603
2.615385 1.617021 1.483432
2.615385 1.702128 1.513262
2.615385 1.787234 1.543091
2.615385 1.872340 1.572920
2.615385 1.957447 1.602750
2.615385 2.042553 1.632579
2.615385 2.127660 1.662408
2.615385 2.212766 1.692237
2.615385 2.297872 1.722067
2.615385 2.382979 1.751896
2.615385 2.468085 1.781725
2.615385 2.553191 1.811554
2.615385 2.638298 1.841384
2.615385 2.723404 1.871213
2.615385 2.808511 1.901042
2.615385 2.893617 1.930871
2.615385 2.978723 1.960701
2.615385 3.063830 1.990530
2.615385 3.148936 2.020359
2.615385 3.234043 2.050189
2.615385 3.319149 2.080018
2.615385 3.404255 2.109847
2.615385 3.489362 2.139676
2.615385 3.574468 2.169506
2.615385 3.659574 2.199335
2.615385 3.744681 2.229164
2.615385 3.829787 2.258993
2.615385 3.914894 2.288823
2.615385 4.000000 0.000000
2.692308 0.000000 0.000000
2.692308 0.085106 0.973467
2.692308 0.170213 1.003296
2.692308 0.255319 1.033125
2.692308 0.340426 1.062954
2.692308 0.425532 1.092784
2.692308 0.510638 1.122613
2.692308 0.595745 1.152442
2.692308 0.680851 1.182272
2.692308 0.765957 1.212101
2.692308 0.851064 1.241930
2.692308 0.936170 1.271759
2.692308 1.021277 1.301589
2.692308 1.106383 1.331418
2.692308 1.191489 1.361247
2.692308 1.276596 1.391076
2.692308 1.361702 1.420906
2.692308 1.446809 1.450735
2.692308 1.531915 1.480564
2.692308 1.617021 1.510394
2.692308 1.702128 1.540223
2.692308 1.787234 1.570052
2.692308 1.872340 1.599881
2.692308 1.957447 1.629711
2.692308 2.042553 1.659540
2.692308 2.127660 1.689369
2.692308 2.212766 1.719198
2.692308 2.297872 1.749028
2.692308 2.382979 1.778857
2.692308 2.468085 1.808686
2.692308 2.553191 1.838515
2.692308 2.638298 1.868345
2.692308 2.723404 1.898174
2.692308 2.808511 1.928003
2.692308 2.893617 1.957833
2.692308 2.978723 1.987662
2.692308 3.063830 2.017491
2.692308 3.148936 2.047320
2.692308 3.234043 2.077150
2.692308 3.319149 2.106979
2.692308 3.404255 2.136808
2.692308 3.489362 2.166637
2.692308 3.574468 2.196467
2.692308 3.659574 2.226296
2.692308 3.744681 2.256125
2.692308 3.829787 2.285954
2.692308 3.914894 2.315784
2.692308 4.000000 0.000000
2.769231 0.000000 0.000000
2.769231 0.085106 1.000428
2.769231 0.170213 1.030257
2.769231 0.255319 1.060086
2.769231 0.340426 1.089916
2.769231 0.425532 1.119745
2.769231 0.510638 1.149574
2.769231 0.595745 1.179403
2.769231 0.680851 1.209233
2.769231 0.765957 1.239062
2.769231 0.851064 1.268891
2.769231 0.936170 1.298720
2.769231 1.021277 1.328550
2.769231 1.106383 1.358379
2.769231 1.191489 1.388208
2.769231 1.276596 1.418038
2.769231 1.361702 1.447867
2.769231 1.446809 1.477696
2.769231 1.531915 1.507525
2.769231 1.617021 1.537355
2.769231 1.702128 1.567184
2.769231 1.787234 1.597013
2.769231 1.872340 1.626842
2.769231 1.957447 1.656672
2.769231 2.042553 1.686501
2.769231 2.127660 1.716330
2.769231 2.212766 1.746159
2.769231 2.297872 1.775989
2.769231 2.382979 1.805818
2.769231 2.468085 1.835647
2.769231 2.553191 1.865477
2.769231 2.638298 1.895306
2.769231 2.723404 1.925135
2.769231 2.808511 1.954964
2.769231 2.893617 1.984794
2.769231 2.978723 2.014623
2.769231 3.063830 2.044452
2.769231 3.148936 2.074281
2.769231 3.234043 2.104111
2.769231 3.319149 2.133940
2.769231 3.404255 2.163769
2.769231 3.489362 2.193598
2.769231 3.574468 2.223428
2.769231 3.659574 2.253257
2.769231 3.744681 2.283086
2.769231 3.829787 2.312916
2.769231 3.914894 2.342745
2.769231 4.000000 0.000000
2.846154 0.000000 0.000000
2.846154 0.085106 1.027389
2.846154 0.170213 1.057218
2.846154 0.255319 1.087047
2.846154 0.340426 1.116877
2.846154 0.425532 1.146706
2.846154 0.510638 1.176535
2.846154 0.595745 1.206364
2.846154 0.680851 1.236194
2.846154 0.765957 1.266023
2.846154 0.851064 1.295852
2.846154 0.936170 1.325682
2.846154 1.021277 1.355511
2.846154 1.106383 1.385340
2.846154 1.191489 1.415169
2.846154 1.276596 1.444999
2.846154 1.361702 1.474828
2.846154 1.446809 1.504657
2.846154 1.531915 1.534486
2.846154 1.617021 1.564316
2.846154 1.702128 1.594145
2.846154 1.787234 1.623974
2.846154 1.872340 1.653803
2.846154 1.957447 1.683633
2.846154 2.042553 1.713462
2.846154 2.127660 1.743291
2.846154 2.212766 1.773121
2.846154 2.297872 1.802950
2.846154 2.382979 1.832779
2.846154 2.468085 1.862608
2.846154 2.553191 1.892438
2.846154 2.638298 1.922267
2.846154 2.723404 1.952096
2.846154 2.808511 1.981925
2.846154 2.893617 2.011755
2.846154 2.978723 2.041584
2.846154 3.063830 2.071413
2.846154 3.148936 2.101242
2.846154 3.234043 2.131072
2.846154 3.319149 2.160901
2.846154 3.404255 2.190730
2.846154 3.489362 2.220560
2.846154 3.574468 2.250389
2.846154 3.659574 2.280218
2.846154 3.744681 2.310047
2.846154 3.829787 2.339877
2.846154 3.914894 2.369706
2.846154 4.000000 0.000000
2.923077 0.000000 0.000000
2.923077 0.085106 1.054350
2.923077 0.170213 1.084179
2.923077 0.255319 1.114008
2.923077 0.340426 1.143838
2.923077 0.425532 1.173667
2.923077 0.510638 1.203496
2.923077 0.595745 1.233326
2.923077 0.680851 1.263155
2.923077 0.765957 1.292984
2.923077 0.851064 1.322813
2.923077 0.936170 1.352643
2.923077 1.021277 1.382472
2.923077 1.106383 1.412301
2.923077 1.191489 1.442130
2.923077 1.276596 1.471960
2.923077 1.361702 1.501789
2.923077 1.446809 1.531618
2.923077 1.531915 1.561447
2.923077 1.617021 1.591277
2.923077 1.702128 1.621106
2.923077 1.787234 1.650935
2.923077 1.872340 1.680765
2.923077 1.957447 1.710594
2.923077 2.042553 1.740423
2.923077 2.127660 1.770252
2.923077 2.212766 1.800082
2.923077 2.297872 1.829911
2.923077 2.382979 1.859740
2.923077 2.468085 1.889569
2.923077 2.553191 1.919399
2.923077 2.638298 1.949228
2.923077 2.723404 1.979057
2.923077 2.808511 2.008886
2.923077 2.893617 2.038716
2.923077 2.978723 2.068545
2.923077 3.063830 2.098374
2.923077 3.148936 2.128204
2.923077 3.234043 2.158033
2.923077 3.319149 2.187862
2.923077 3.404255 2.217691
2.923077 3.489362 2.247521
2.923077 3.574468 2.277350
2.923077 3.659574 2.307179
2.923077 3.744681 2.337008
2.923077 3.829787 2.366838
2.923077 3.914894 2.396667
2.923077 4.000000 0.000000
3.000000 0.000000 0.000000
3.000000 0.085106 0.000000
3.000000 0.170213 0.000000
3.000000 0.255319 0.000000
3.000000 0.340426 0.000000
3.000000 0.425532 0.000000
3.000000 0.510638 0.000000
3.000000 0.595745 0.000000
3.000000 0.680851 0.000000
3.000000 0.765957 0.000000
3.000000 0.851064 0.000000
3.000000 0.936170 0.000000
3.000000 1.021277 0.000000
3.000000 1.106383 0.000000
3.000000 1.191489 0.000000
3.000000 1.276596 0.000000
3.000000 1.361702 0.000000
3.000000 1.446809 0.000000
3.000000 1.531915 0.000000
3.000000 1.617021 0.000000
3.000000 1.702128 0.000000
3.000000 1.787234 0.000000
3.000000 1.872340 0.000000
3.000000 1.957447 0.000000
3.000000 2.042553 0.000000
3.000000 2.127660 0.000000
3.000000 2.212766 0.000000
3.000000 2.297872 0.000000
3.000000 2.382979 0.000000
3.000000 2.468085 0.000000
3.000000 2.553191 0.000000
3.000000 2.638298 0.000000
3.000000 2.723404 0.000000
3.000000 2.808511 0.000000
3.000000 2.893617 0.000000
3.000000 2.978723 0.000000
3.000000 3.063830 0.000000
3.000000 3.148936 0.000000
3.000000 3.234043 0.000000
3.000000 3.319149 0.000000
3.000000 3.404255 0.000000
3.000000 3.489362 0.000000
3.000000 3.574468 0.000000
3.000000 3.659574 0.000000
3.000000 3.744681 0.000000
3.000000 3.829787 0.000000
3.000000 3.914894 0.000000
3.000000 4.000000 0.000000
