0.000000 0.000000 0.000000
0.000000 0.666667 0.212421
0.000000 1.333333 0.424841
0.000000 2.000000 0.637262
0.081081 0.000000 0.025835
0.081081 0.666667 0.238255
0.081081 1.333333 0.450676
0.081081 2.000000 0.663097
0.162162 0.000000 0.051670
0.162162 0.666667 0.264090
0.162162 1.333333 0.476511
0.162162 2.000000 0.688931
0.243243 0.000000 0.077505
0.243243 0.666667 0.289925
0.243243 1.333333 0.502346
0.243243 2.000000 0.714766
0.324324 0.000000 0.103340
0.324324 0.666667 0.315760
0.324324 1.333333 0.528181
0.324324 2.000000 0.740601
0.405405 0.000000 0.129175
0.405405 0.666667 0.341595
0.405405 1.333333 0.554016
0.405405 2.000000 0.766436
0.486486 0.000000 0.155010
0.486486 0.666667 0.367430
0.486486 1.333333 0.579851
0.486486 2.000000 0.792271
0.567568 0.000000 0.180845
0.567568 0.666667 0.393265
0.567568 1.333333 0.605686
0.567568 2.000000 0.818106
0.648649 0.000000 0.206679
0.648649 0.666667 0.419100
0.648649 1.333333 0.631521
0.648649 2.000000 0.843941
0.729730 0.000000 0.232514
0.729730 0.666667 0.444935
0.729730 1.333333 0.657355
0.729730 2.000000 0.869776
0.810811 0.000000 0.258349
0.810811 0.666667 0.470770
0.810811 1.333333 0.683190
0.810811 2.000000 0.895611
0.891892 0.000000 0.284184
0.891892 0.666667 0.496605
0.891892 1.333333 0.709025
0.891892 2.000000 0.921446
0.972973 0.000000 0.310019
0.972973 0.666667 0.522440
0.972973 1.333333 0.734860
0.972973 2.000000 0.947281
1.054054 0.000000 0.335854
1.054054 0.666667 0.548275
1.054054 1.333333 0.760695
1.054054 2.000000 0.973116
1.135135 0.000000 0.361689
1.135135 0.666667 0.574110
1.135135 1.333333 0.786530
1.135135 2.000000 0.998951
1.216216 0.000000 0.387524
1.216216 0.666667 0.599945
1.216216 1.333333 0.812365
1.216216 2.000000 1.024786
1.297297 0.000000 0.413359
1.297297 0.666667 0.625779
1.297297 1.333333 0.838200
1.297297 2.000000 1.050621
1.378378 0.000000 0.439194
1.378378 0.666667 0.651614
1.378378 1.333333 0.864035
1.378378 2.000000 1.076455
1.459459 0.000000 0.465029
1.459459 0.666667 0.677449
1.459459 1.333333 0.889870
1.459459 2.000000 1.102290
1.540541 0.000000 0.490864
1.540541 0.666667 0.703284
1.540541 1.333333 0.915705
1.540541 2.000000 1.128125
1.621622 0.000000 0.516699
1.621622 0.666667 0.729119
1.621622 1.333333 0.941540
1.621622 2.000000 1.153960
1.702703 0.000000 0.542534
1.702703 0.666667 0.754954
1.702703 1.333333 0.967375
1.702703 2.000000 1.179795
1.783784 0.000000 0.568368
1.783784 0.666667 0.780789
1.783784 1.333333 0.993210
1.783784 2.000000 1.205630
1.864865 0.000000 0.594203
1.864865 0.666667 0.806624
1.864865 1.333333 1.019045
1.864865 2.000000 1.231465
1.945946 0.000000 0.620038
1.945946 0.666667 0.832459
1.945946 1.333333 1.044879
1.945946 2.000000 1.257300
2.027027 0.000000 0.645873
2.027027 0.666667 0.858294
2.027027 1.333333 1.070714
2.027027 2.000000 1.283135
2.108108 0.000000 0.671708
2.108108 0.666667 0.884129
2.108108 1.333333 1.096549
2.108108 2.000000 1.308970
2.189189 0.000000 0.697543
2.189189 0.666667 0.909964
2.189189 1.333333 1.122384
2.189189 2.000000 1.334805
2.270270 0.000000 0.723378
2.270270 0.666667 0.935799
2.270270 1.333333 1.148219
2.270270 2.000000 1.360640
2.351351 0.000000 0.749213
2.351351 0.666667 0.961634
2.351351 1.333333 1.174054
2.351351 2.000000 1.386475
2.432432 0.000000 0.775048
2.432432 0.666667 0.987468
2.432432 1.333333 1.199889
2.432432 2.000000 1.412310
2.513514 0.000000 0.800883
2.513514 0.666667 1.013303
2.513514 1.333333 1.225724
2.513514 2.000000 1.438145
2.594595 0.000000 0.826718
2.594595 0.666667 1.039138
2.594595 1.333333 1.251559
2.594595 2.000000 1.463979
2.675676 0.000000 0.852553
2.675676 0.666667 1.064973
2.675676 1.333333 1.277394
2.675676 2.000000 1.489814
2.756757 0.000000 0.878388
2.756757 0.666667 1.090808
2.756757 1.333333 1.303229
2.756757 2.000000 1.515649
2.837838 0.000000 0.904223
2.837838 0.666667 1.116643
2.837838 1.333333 1.329064
2.837838 2.000000 1.541484
2.918919 0.000000 0.930058
2.918919 0.666667 1.142478
2.918919 1.333333 1.354899
2.918919 2.000000 1.567319
3.000000 0.000000 0.955892
3.000000 0.666667 1.168313
3.000000 1.333333 1.380734
3.000000 2.000000 1.593154
