0.000000 0.000000 0.000000
0.000000 0.085106 0.000000
0.000000 0.170213 0.000000
0.000000 0.255319 0.000000
0.000000 0.340426 0.000000
0.000000 0.425532 0.000000
0.000000 0.510638 0.000000
0.000000 0.595745 0.000000
0.000000 0.680851 0.000000
0.000000 0.765957 0.000000
0.000000 0.851064 0.000000
0.000000 0.936170 0.000000
0.000000 1.021277 0.000000
0.000000 1.106383 0.000000
0.000000 1.191489 0.000000
0.000000 1.276596 0.000000
0.000000 1.361702 0.000000
0.000000 1.446809 0.000000
0.000000 1.531915 0.000000
0.000000 1.617021 0.000000
0.000000 1.702128 0.000000
0.000000 1.787234 0.000000
0.000000 1.872340 0.000000
0.000000 1.957447 0.000000
0.000000 2.042553 0.000000
0.000000 2.127660 0.000000
0.000000 2.212766 0.000000
0.000000 2.297872 0.000000
0.000000 2.382979 0.000000
0.000000 2.468085 0.000000
0.000000 2.553191 0.000000
0.000000 2.638298 0.000000
0.000000 2.723404 0.000000
0.000000 2.808511 0.000000
0.000000 2.893617 0.000000
0.000000 2.978723 0.000000
0.000000 3.063830 0.000000
0.000000 3.148936 0.000000
0.000000 3.234043 0.000000
0.000000 3.319149 0.000000
0.000000 3.404255 0.000000
0.000000 3.489362 0.000000
0.000000 3.574468 0.000000
0.000000 3.659574 0.000000
0.000000 3.744681 0.000000
0.000000 3.829787 0.000000
0.000000 3.914894 0.000000
0.000000 4.000000 0.000000
0.076923 0.000000 0.000000
0.076923 0.085106 0.046934
0.076923 0.170213 0.071586
0.076923 0.255319 0.096239
0.076923 0.340426 0.120891
0.076923 0.425532 0.145543
0.076923 0.510638 0.170196
0.076923 0.595745 0.194848
0.076923 0.680851 0.219500
0.076923 0.765957 0.244152
0.076923 0.851064 0.268805
0.076923 0.936170 0.293457
0.076923 1.021277 0.318109
0.076923 1.106383 0.342762
0.076923 1.191489 0.367414
0.076923 1.276596 0.392066
0.076923 1.361702 0.416718
0.076923 1.446809 0.441371
0.076923 1.531915 0.466023
0.076923 1.617021 0.490675
0.076923 1.702128 0.515328
0.076923 1.787234 0.539980
0.076923 1.872340 0.564632
0.076923 1.957447 0.589284
0.076923 2.042553 0.613937
0.076923 2.127660 0.638589
0.076923 2.212766 0.663241
0.076923 2.297872 0.687894
0.076923 2.382979 0.712546
0.076923 2.468085 0.737198
0.076923 2.553191 0.761851
0.076923 2.638298 0.786503
0.076923 2.723404 0.811155
0.076923 2.808511 0.835807
0.076923 2.893617 0.860460
0.076923 2.978723 0.885112
0.076923 3.063830 0.909764
0.076923 3.148936 0.934417
0.076923 3.234043 0.959069
0.076923 3.319149 0.983721
0.076923 3.404255 1.008373
0.076923 3.489362 1.033026
0.076923 3.574468 1.057678
0.076923 3.659574 1.082330
0.076923 3.744681 1.106983
0.076923 3.829787 1.131635
0.076923 3.914894 1.156287
0.076923 4.000000 0.000000
0.153846 0.000000 0.000000
0.153846 0.085106 0.069216
0.153846 0.170213 0.093868
0.153846 0.255319 0.118521
0.153846 0.340426 0.143173
0.153846 0.425532 0.167825
0.153846 0.510638 0.192477
0.153846 0.595745 0.217130
0.153846 0.680851 0.241782
0.153846 0.765957 0.266434
0.153846 0.851064 0.291087
0.153846 0.936170 0.315739
0.153846 1.021277 0.340391
0.153846 1.106383 0.365043
0.153846 1.191489 0.389696
0.153846 1.276596 0.414348
0.153846 1.361702 0.439000
0.153846 1.446809 0.463653
0.153846 1.531915 0.488305
0.153846 1.617021 0.512957
0.153846 1.702128 0.537610
0.153846 1.787234 0.562262
0.153846 1.872340 0.586914
0.153846 1.957447 0.611566
0.153846 2.042553 0.636219
0.153846 2.127660 0.660871
0.153846 2.212766 0.685523
0.153846 2.297872 0.710176
0.153846 2.382979 0.734828
0.153846 2.468085 0.759480
0.153846 2.553191 0.784132
0.153846 2.638298 0.808785
0.153846 2.723404 0.833437
0.153846 2.808511 0.858089
0.153846 2.893617 0.882742
0.153846 2.978723 0.907394
0.153846 3.063830 0.932046
0.153846 3.148936 0.956698
0.153846 3.234043 0.981351
0.153846 3.319149 1.006003
0.153846 3.404255 1.030655
0.153846 3.489362 1.055308
0.153846 3.574468 1.079960
0.153846 3.659574 1.104612
0.153846 3.744681 1.129264
0.153846 3.829787 1.153917
0.153846 3.914894 1.178569
0.153846 4.000000 0.000000
0.230769 0.000000 0.000000
0.230769 0.085106 0.091498
0.230769 0.170213 0.116150
0.230769 0.255319 0.140802
0.230769 0.340426 0.165455
0.230769 0.425532 0.190107
0.230769 0.510638 0.214759
0.230769 0.595745 0.239412
0.230769 0.680851 0.264064
0.230769 0.765957 0.288716
0.230769 0.851064 0.313369
0.230769 0.936170 0.338021
0.230769 1.021277 0.362673
0.230769 1.106383 0.387325
0.230769 1.191489 0.411978
0.230769 1.276596 0.436630
0.230769 1.361702 0.461282
0.230769 1.446809 0.485935
0.230769 1.531915 0.510587
0.230769 1.617021 0.535239
0.230769 1.702128 0.559891
0.230769 1.787234 0.584544
0.230769 1.872340 0.609196
0.230769 1.957447 0.633848
0.230769 2.042553 0.658501
0.230769 2.127660 0.683153
0.230769 2.212766 0.707805
0.230769 2.297872 0.732457
0.230769 2.382979 0.757110
0.230769 2.468085 0.781762
0.230769 2.553191 0.806414
0.230769 2.638298 0.831067
0.230769 2.723404 0.855719
0.230769 2.808511 0.880371
0.230769 2.893617 0.905023
0.230769 2.978723 0.929676
0.230769 3.063830 0.954328
0.230769 3.148936 0.978980
0.230769 3.234043 1.003633
0.230769 3.319149 1.028285
0.230769 3.404255 1.052937
0.230769 3.489362 1.077589
0.230769 3.574468 1.102242
0.230769 3.659574 1.126894
0.230769 3.744681 1.151546
0.230769 3.829787 1.176199
0.230769 3.914894 1.200851
0.230769 4.000000 0.000000
0.307692 0.000000 0.000000
0.307692 0.085106 0.113780
0.307692 0.170213 0.138432
0.307692 0.255319 0.163084
0.307692 0.340426 0.187737
0.307692 0.425532 0.212389
0.307692 0.510638 0.237041
0.307692 0.595745 0.261694
0.307692 0.680851 0.286346
0.307692 0.765957 0.310998
0.307692 0.851064 0.335650
0.307692 0.936170 0.360303
0.307692 1.021277 0.384955
0.307692 1.106383 0.409607
0.307692 1.191489 0.434260
0.307692 1.276596 0.458912
0.307692 1.361702 0.483564
0.307692 1.446809 0.508216
0.307692 1.531915 0.532869
0.307692 1.617021 0.557521
0.307692 1.702128 0.582173
0.307692 1.787234 0.606826
0.307692 1.872340 0.631478
0.307692 1.957447 0.656130
0.307692 2.042553 0.680782
0.307692 2.127660 0.705435
0.307692 2.212766 0.730087
0.307692 2.297872 0.754739
0.307692 2.382979 0.779392
0.307692 2.468085 0.804044
0.307692 2.553191 0.828696
0.307692 2.638298 0.853348
0.307692 2.723404 0.878001
0.307692 2.808511 0.902653
0.307692 2.893617 0.927305
0.307692 2.978723 0.951958
0.307692 3.063830 0.976610
0.307692 3.148936 1.001262
0.307692 3.234043 1.025914
0.307692 3.319149 1.050567
0.307692 3.404255 1.075219
0.307692 3.489362 1.099871
0.307692 3.574468 1.124524
0.307692 3.659574 1.149176
0.307692 3.744681 1.173828
0.307692 3.829787 1.198480
0.307692 3.914894 1.223133
0.307692 4.000000 0.000000
0.384615 0.000000 0.000000
0.384615 0.085106 0.136062
0.384615 0.170213 0.160714
0.384615 0.255319 0.185366
0.384615 0.340426 0.210019
0.384615 0.425532 0.234671
0.384615 0.510638 0.259323
0.384615 0.595745 0.283975
0.384615 0.680851 0.308628
0.384615 0.765957 0.333280
0.384615 0.851064 0.357932
0.384615 0.936170 0.382585
0.384615 1.021277 0.407237
0.384615 1.106383 0.431889
0.384615 1.191489 0.456541
0.384615 1.276596 0.481194
0.384615 1.361702 0.505846
0.384615 1.446809 0.530498
0.384615 1.531915 0.555151
0.384615 1.617021 0.579803
0.384615 1.702128 0.604455
0.384615 1.787234 0.629107
0.384615 1.872340 0.653760
0.384615 1.957447 0.678412
0.384615 2.042553 0.703064
0.384615 2.127660 0.727717
0.384615 2.212766 0.752369
0.384615 2.297872 0.777021
0.384615 2.382979 0.801673
0.384615 2.468085 0.826326
0.384615 2.553191 0.850978
0.384615 2.638298 0.875630
0.384615 2.723404 0.900283
0.384615 2.808511 0.924935
0.384615 2.893617 0.949587
0.384615 2.978723 0.974239
0.384615 3.063830 0.998892
0.384615 3.148936 1.023544
0.384615 3.234043 1.048196
0.384615 3.319149 1.072849
0.384615 3.404255 1.097501
0.384615 3.489362 1.122153
0.384615 3.574468 1.146805
0.384615 3.659574 1.171458
0.384615 3.744681 1.196110
0.384615 3.829787 1.220762
0.384615 3.914894 1.245415
0.384615 4.000000 0.000000
0.461538 0.000000 0.000000
0.461538 0.085106 0.158344
0.461538 0.170213 0.182996
0.461538 0.255319 0.207648
0.461538 0.340426 0.232300
0.461538 0.425532 0.256953
0.461538 0.510638 0.281605
0.461538 0.595745 0.306257
0.461538 0.680851 0.330910
0.461538 0.765957 0.355562
0.461538 0.851064 0.380214
0.461538 0.936170 0.404866
0.461538 1.021277 0.429519
0.461538 1.106383 0.454171
0.461538 1.191489 0.478823
0.461538 1.276596 0.503476
0.461538 1.361702 0.528128
0.461538 1.446809 0.552780
0.461538 1.531915 0.577432
0.461538 1.617021 0.602085
0.461538 1.702128 0.626737
0.461538 1.787234 0.651389
0.461538 1.872340 0.676042
0.461538 1.957447 0.700694
0.461538 2.042553 0.725346
0.461538 2.127660 0.749998
0.461538 2.212766 0.774651
0.461538 2.297872 0.799303
0.461538 2.382979 0.823955
0.461538 2.468085 0.848608
0.461538 2.553191 0.873260
0.461538 2.638298 0.897912
0.461538 2.723404 0.922564
0.461538 2.808511 0.947217
0.461538 2.893617 0.971869
0.461538 2.978723 0.996521
0.461538 3.063830 1.021174
0.461538 3.148936 1.045826
0.461538 3.234043 1.070478
0.461538 3.319149 1.095130
0.461538 3.404255 1.119783
0.461538 3.489362 1.144435
0.461538 3.574468 1.169087
0.461538 3.659574 1.193740
0.461538 3.744681 1.218392
0.461538 3.829787 1.243044
0.461538 3.914894 1.267696
0.461538 4.000000 0.000000
0.538462 0.000000 0.000000
0.538462 0.085106 0.180625
0.538462 0.170213 0.205278
0.538462 0.255319 0.229930
0.538462 0.340426 0.254582
0.538462 0.425532 0.279235
0.538462 0.510638 0.303887
0.538462 0.595745 0.328539
0.538462 0.680851 0.353191
0.538462 0.765957 0.377844
0.538462 0.851064 0.402496
0.538462 0.936170 0.427148
0.538462 1.021277 0.451801
0.538462 1.106383 0.476453
0.538462 1.191489 0.501105
0.538462 1.276596 0.525757
0.538462 1.361702 0.550410
0.538462 1.446809 0.575062
0.538462 1.531915 0.599714
0.538462 1.617021 0.624367
0.538462 1.702128 0.649019
0.538462 1.787234 0.673671
0.538462 1.872340 0.698323
0.538462 1.957447 0.722976
0.538462 2.042553 0.747628
0.538462 2.127660 0.772280
0.538462 2.212766 0.796933
0.538462 2.297872 0.821585
0.538462 2.382979 0.846237
0.538462 2.468085 0.870889
0.538462 2.553191 0.895542
0.538462 2.638298 0.920194
0.538462 2.723404 0.944846
0.538462 2.808511 0.969499
0.538462 2.893617 0.994151
0.538462 2.978723 1.018803
0.538462 3.063830 1.043455
0.538462 3.148936 1.068108
0.538462 3.234043 1.092760
0.538462 3.319149 1.117412
0.538462 3.404255 1.142065
0.538462 3.489362 1.166717
0.538462 3.574468 1.191369
0.538462 3.659574 1.216021
0.538462 3.744681 1.240674
0.538462 3.829787 1.265326
0.538462 3.914894 1.289978
0.538462 4.000000 0.000000
0.615385 0.000000 0.000000
0.615385 0.085106 0.202907
0.615385 0.170213 0.227560
0.615385 0.255319 0.252212
0.615385 0.340426 0.276864
0.615385 0.425532 0.301516
0.615385 0.510638 0.326169
0.615385 0.595745 0.350821
0.615385 0.680851 0.375473
0.615385 0.765957 0.400126
0.615385 0.851064 0.424778
0.615385 0.936170 0.449430
0.615385 1.021277 0.474082
0.615385 1.106383 0.498735
0.615385 1.191489 0.523387
0.615385 1.276596 0.548039
0.615385 1.361702 0.572692
0.615385 1.446809 0.597344
0.615385 1.531915 0.621996
0.615385 1.617021 0.646648
0.615385 1.702128 0.671301
0.615385 1.787234 0.695953
0.615385 1.872340 0.720605
0.615385 1.957447 0.745258
0.615385 2.042553 0.769910
0.615385 2.127660 0.794562
0.615385 2.212766 0.819214
0.615385 2.297872 0.843867
0.615385 2.382979 0.868519
0.615385 2.468085 0.893171
0.615385 2.553191 0.917824
0.615385 2.638298 0.942476
0.615385 2.723404 0.967128
0.615385 2.808511 0.991780
0.615385 2.893617 1.016433
0.615385 2.978723 1.041085
0.615385 3.063830 1.065737
0.615385 3.148936 1.090390
0.615385 3.234043 1.115042
0.615385 3.319149 1.139694
0.615385 3.404255 1.164347
0.615385 3.489362 1.188999
0.615385 3.574468 1.213651
0.615385 3.659574 1.238303
0.615385 3.744681 1.262956
0.615385 3.829787 1.287608
0.615385 3.914894 1.312260
0.615385 4.000000 0.000000
0.692308 0.000000 0.000000
0.692308 0.085106 0.225189
0.692308 0.170213 0.249841
0.692308 0.255319 0.274494
0.692308 0.340426 0.299146
0.692308 0.425532 0.323798
0.692308 0.510638 0.348451
0.692308 0.595745 0.373103
0.692308 0.680851 0.397755
0.692308 0.765957 0.422407
0.692308 0.851064 0.447060
0.692308 0.936170 0.471712
0.692308 1.021277 0.496364
0.692308 1.106383 0.521017
0.692308 1.191489 0.545669
0.692308 1.276596 0.570321
0.692308 1.361702 0.594973
0.692308 1.446809 0.619626
0.692308 1.531915 0.644278
0.692308 1.617021 0.668930
0.692308 1.702128 0.693583
0.692308 1.787234 0.718235
0.692308 1.872340 0.742887
0.692308 1.957447 0.767539
0.692308 2.042553 0.792192
0.692308 2.127660 0.816844
0.692308 2.212766 0.841496
0.692308 2.297872 0.866149
0.692308 2.382979 0.890801
0.692308 2.468085 0.915453
0.692308 2.553191 0.940106
0.692308 2.638298 0.964758
0.692308 2.723404 0.989410
0.692308 2.808511 1.014062
0.692308 2.893617 1.038715
0.692308 2.978723 1.063367
0.692308 3.063830 1.088019
0.692308 3.148936 1.112672
0.692308 3.234043 1.137324
0.692308 3.319149 1.161976
0.692308 3.404255 1.186628
0.692308 3.489362 1.211281
0.692308 3.574468 1.235933
0.692308 3.659574 1.260585
0.692308 3.744681 1.285238
0.692308 3.829787 1.309890
0.692308 3.914894 1.334542
0.692308 4.000000 0.000000
0.769231 0.000000 0.000000
0.769231 0.085106 0.247471
0.769231 0.170213 0.272123
0.769231 0.255319 0.296776
0.769231 0.340426 0.321428
0.769231 0.425532 0.346080
0.769231 0.510638 0.370732
0.769231 0.595745 0.395385
0.769231 0.680851 0.420037
0.769231 0.765957 0.444689
0.769231 0.851064 0.469342
0.769231 0.936170 0.493994
0.769231 1.021277 0.518646
0.769231 1.106383 0.543298
0.769231 1.191489 0.567951
0.769231 1.276596 0.592603
0.769231 1.361702 0.617255
0.769231 1.446809 0.641908
0.769231 1.531915 0.666560
0.769231 1.617021 0.691212
0.769231 1.702128 0.715865
0.769231 1.787234 0.740517
0.769231 1.872340 0.765169
0.769231 1.957447 0.789821
0.769231 2.042553 0.814474
0.769231 2.127660 0.839126
0.769231 2.212766 0.863778
0.769231 2.297872 0.888431
0.769231 2.382979 0.913083
0.769231 2.468085 0.937735
0.769231 2.553191 0.962387
0.769231 2.638298 0.987040
0.769231 2.723404 1.011692
0.769231 2.808511 1.036344
0.769231 2.893617 1.060997
0.769231 2.978723 1.085649
0.769231 3.063830 1.110301
0.769231 3.148936 1.134953
0.769231 3.234043 1.159606
0.769231 3.319149 1.184258
0.769231 3.404255 1.208910
0.769231 3.489362 1.233563
0.769231 3.574468 1.258215
0.769231 3.659574 1.282867
0.769231 3.744681 1.307519
0.769231 3.829787 1.332172
0.769231 3.914894 1.356824
0.769231 4.000000 0.000000
0.846154 0.000000 0.000000
0.846154 0.085106 0.269753
0.846154 0.170213 0.294405
0.846154 0.255319 0.319057
0.846154 0.340426 0.343710
0.846154 0.425532 0.368362
0.846154 0.510638 0.393014
0.846154 0.595745 0.417667
0.846154 0.680851 0.442319
0.846154 0.765957 0.466971
0.846154 0.851064 0.491624
0.846154 0.936170 0.516276
0.846154 1.021277 0.540928
0.846154 1.106383 0.565580
0.846154 1.191489 0.590233
0.846154 1.276596 0.614885
0.846154 1.361702 0.639537
0.846154 1.446809 0.664190
0.846154 1.531915 0.688842
0.846154 1.617021 0.713494
0.846154 1.702128 0.738146
0.846154 1.787234 0.762799
0.846154 1.872340 0.787451
0.846154 1.957447 0.812103
0.846154 2.042553 0.836756
0.846154 2.127660 0.861408
0.846154 2.212766 0.886060
0.846154 2.297872 0.910712
0.846154 2.382979 0.935365
0.846154 2.468085 0.960017
0.846154 2.553191 0.984669
0.846154 2.638298 1.009322
0.846154 2.723404 1.033974
0.846154 2.808511 1.058626
0.846154 2.893617 1.083278
0.846154 2.978723 1.107931
0.846154 3.063830 1.132583
0.846154 3.148936 1.157235
0.846154 3.234043 1.181888
0.846154 3.319149 1.206540
0.846154 3.404255 1.231192
0.846154 3.489362 1.255844
0.846154 3.574468 1.280497
0.846154 3.659574 1.305149
0.846154 3.744681 1.329801
0.846154 3.829787 1.354454
0.846154 3.914894 1.379106
0.846154 4.000000 0.000000
0.923077 0.000000 0.000000
0.923077 0.085106 0.292035
0.923077 0.170213 0.316687
0.923077 0.255319 0.341339
0.923077 0.340426 0.365992
0.923077 0.425532 0.390644
0.923077 0.510638 0.415296
0.923077 0.595745 0.439949
0.923077 0.680851 0.464601
0.923077 0.765957 0.489253
0.923077 0.851064 0.513905
0.923077 0.936170 0.538558
0.923077 1.021277 0.563210
0.923077 1.106383 0.587862
0.923077 1.191489 0.612515
0.923077 1.276596 0.637167
0.923077 1.361702 0.661819
0.923077 1.446809 0.686471
0.923077 1.531915 0.711124
0.923077 1.617021 0.735776
0.923077 1.702128 0.760428
0.923077 1.787234 0.785081
0.923077 1.872340 0.809733
0.923077 1.957447 0.834385
0.923077 2.042553 0.859037
0.923077 2.127660 0.883690
0.923077 2.212766 0.908342
0.923077 2.297872 0.932994
0.923077 2.382979 0.957647
0.923077 2.468085 0.982299
0.923077 2.553191 1.006951
0.923077 2.638298 1.031603
0.923077 2.723404 1.056256
0.923077 2.808511 1.080908
0.923077 2.893617 1.105560
0.923077 2.978723 1.130213
0.923077 3.063830 1.154865
0.923077 3.148936 1.179517
0.923077 3.234043 1.204169
0.923077 3.319149 1.228822
0.923077 3.404255 1.253474
0.923077 3.489362 1.278126
0.923077 3.574468 1.302779
0.923077 3.659574 1.327431
0.923077 3.744681 1.352083
0.923077 3.829787 1.376735
0.923077 3.914894 1.401388
0.923077 4.000000 0.000000
1.000000 0.000000 0.000000
1.000000 0.085106 0.314317
1.000000 0.170213 0.338969
1.000000 0.255319 0.363621
1.000000 0.340426 0.388274
1.000000 0.425532 0.412926
1.000000 0.510638 0.437578
1.000000 0.595745 0.462230
1.000000 0.680851 0.486883
1.000000 0.765957 0.511535
1.000000 0.851064 0.536187
1.000000 0.936170 0.560840
1.000000 1.021277 0.585492
1.000000 1.106383 0.610144
1.000000 1.191489 0.634796
1.000000 1.276596 0.659449
1.000000 1.361702 0.684101
1.000000 1.446809 0.708753
1.000000 1.531915 0.733406
1.000000 1.617021 0.758058
1.000000 1.702128 0.782710
1.000000 1.787234 0.807362
1.000000 1.872340 0.832015
1.000000 1.957447 0.856667
1.000000 2.042553 0.881319
1.000000 2.127660 0.905972
1.000000 2.212766 0.930624
1.000000 2.297872 0.955276
1.000000 2.382979 0.979928
1.000000 2.468085 1.004581
1.000000 2.553191 1.029233
1.000000 2.638298 1.053885
1.000000 2.723404 1.078538
1.000000 2.808511 1.103190
1.000000 2.893617 1.127842
1.000000 2.978723 1.152494
1.000000 3.063830 1.177147
1.000000 3.148936 1.201799
1.000000 3.234043 1.226451
1.000000 3.319149 1.251104
1.000000 3.404255 1.275756
1.000000 3.489362 1.300408
1.000000 3.574468 1.325060
1.000000 3.659574 1.349713
1.000000 3.744681 1.374365
1.000000 3.829787 1.399017
1.000000 3.914894 1.423670
1.000000 4.000000 0.000000
1.076923 0.000000 0.000000
1.076923 0.085106 0.336599
1.076923 0.170213 0.361251
1.076923 0.255319 0.385903
1.076923 0.340426 0.410555
1.076923 0.425532 0.435208
1.076923 0.510638 0.459860
1.076923 0.595745 0.484512
1.076923 0.680851 0.509165
1.076923 0.765957 0.533817
1.076923 0.851064 0.558469
1.076923 0.936170 0.583121
1.076923 1.021277 0.607774
1.076923 1.106383 0.632426
1.076923 1.191489 0.657078
1.076923 1.276596 0.681731
1.076923 1.361702 0.706383
1.076923 1.446809 0.731035
1.076923 1.531915 0.755687
1.076923 1.617021 0.780340
1.076923 1.702128 0.804992
1.076923 1.787234 0.829644
1.076923 1.872340 0.854297
1.076923 1.957447 0.878949
1.076923 2.042553 0.903601
1.076923 2.127660 0.928253
1.076923 2.212766 0.952906
1.076923 2.297872 0.977558
1.076923 2.382979 1.002210
1.076923 2.468085 1.026863
1.076923 2.553191 1.051515
1.076923 2.638298 1.076167
1.076923 2.723404 1.100819
1.076923 2.808511 1.125472
1.076923 2.893617 1.150124
1.076923 2.978723 1.174776
1.076923 3.063830 1.199429
1.076923 3.148936 1.224081
1.076923 3.234043 1.248733
1.076923 3.319149 1.273385
1.076923 3.404255 1.298038
1.076923 3.489362 1.322690
1.076923 3.574468 1.347342
1.076923 3.659574 1.371995
1.076923 3.744681 1.396647
1.076923 3.829787 1.421299
1.076923 3.914894 1.445951
1.076923 4.000000 0.000000
1.153846 0.000000 0.000000
1.153846 0.085106 0.358880
1.153846 0.170213 0.383533
1.153846 0.255319 0.408185
1.153846 0.340426 0.432837
1.153846 0.425532 0.457490
1.153846 0.510638 0.482142
1.153846 0.595745 0.506794
1.153846 0.680851 0.531446
1.153846 0.765957 0.556099
1.153846 0.851064 0.580751
1.153846 0.936170 0.605403
1.153846 1.021277 0.630056
1.153846 1.106383 0.654708
1.153846 1.191489 0.679360
1.153846 1.276596 0.704012
1.153846 1.361702 0.728665
1.153846 1.446809 0.753317
1.153846 1.531915 0.777969
1.153846 1.617021 0.802622
1.153846 1.702128 0.827274
1.153846 1.787234 0.851926
1.153846 1.872340 0.876578
1.153846 1.957447 0.901231
1.153846 2.042553 0.925883
1.153846 2.127660 0.950535
1.153846 2.212766 0.975188
1.153846 2.297872 0.999840
1.153846 2.382979 1.024492
1.153846 2.468085 1.049144
1.153846 2.553191 1.073797
1.153846 2.638298 1.098449
1.153846 2.723404 1.123101
1.153846 2.808511 1.147754
1.153846 2.893617 1.172406
1.153846 2.978723 1.197058
1.153846 3.063830 1.221710
1.153846 3.148936 1.246363
1.153846 3.234043 1.271015
1.153846 3.319149 1.295667
1.153846 3.404255 1.320320
1.153846 3.489362 1.344972
1.153846 3.574468 1.369624
1.153846 3.659574 1.394276
1.153846 3.744681 1.418929
1.153846 3.829787 1.443581
1.153846 3.914894 1.468233
1.153846 4.000000 0.000000
1.230769 0.000000 0.000000
1.230769 0.085106 0.381162
1.230769 0.170213 0.405815
1.230769 0.255319 0.430467
1.230769 0.340426 0.455119
1.230769 0.425532 0.479771
1.230769 0.510638 0.504424
1.230769 0.595745 0.529076
1.230769 0.680851 0.553728
1.230769 0.765957 0.578381
1.230769 0.851064 0.603033
1.230769 0.936170 0.627685
1.230769 1.021277 0.652337
1.230769 1.106383 0.676990
1.230769 1.191489 0.701642
1.230769 1.276596 0.726294
1.230769 1.361702 0.750947
1.230769 1.446809 0.775599
1.230769 1.531915 0.800251
1.230769 1.617021 0.824903
1.230769 1.702128 0.849556
1.230769 1.787234 0.874208
1.230769 1.872340 0.898860
1.230769 1.957447 0.923513
1.230769 2.042553 0.948165
1.230769 2.127660 0.972817
1.230769 2.212766 0.997469
1.230769 2.297872 1.022122
1.230769 2.382979 1.046774
1.230769 2.468085 1.071426
1.230769 2.553191 1.096079
1.230769 2.638298 1.120731
1.230769 2.723404 1.145383
1.230769 2.808511 1.170035
1.230769 2.893617 1.194688
1.230769 2.978723 1.219340
1.230769 3.063830 1.243992
1.230769 3.148936 1.268645
1.230769 3.234043 1.293297
1.230769 3.319149 1.317949
1.230769 3.404255 1.342602
1.230769 3.489362 1.367254
1.230769 3.574468 1.391906
1.230769 3.659574 1.416558
1.230769 3.744681 1.441211
1.230769 3.829787 1.465863
1.230769 3.914894 1.490515
1.230769 4.000000 0.000000
1.307692 0.000000 0.000000
1.307692 0.085106 0.403444
1.307692 0.170213 0.428096
1.307692 0.255319 0.452749
1.307692 0.340426 0.477401
1.307692 0.425532 0.502053
1.307692 0.510638 0.526706
1.307692 0.595745 0.551358
1.307692 0.680851 0.576010
1.307692 0.765957 0.600662
1.307692 0.851064 0.625315
1.307692 0.936170 0.649967
1.307692 1.021277 0.674619
1.307692 1.106383 0.699272
1.307692 1.191489 0.723924
1.307692 1.276596 0.748576
1.307692 1.361702 0.773228
1.307692 1.446809 0.797881
1.307692 1.531915 0.822533
1.307692 1.617021 0.847185
1.307692 1.702128 0.871838
1.307692 1.787234 0.896490
1.307692 1.872340 0.921142
1.307692 1.957447 0.945794
1.307692 2.042553 0.970447
1.307692 2.127660 0.995099
1.307692 2.212766 1.019751
1.307692 2.297872 1.044404
1.307692 2.382979 1.069056
1.307692 2.468085 1.093708
1.307692 2.553191 1.118361
1.307692 2.638298 1.143013
1.307692 2.723404 1.167665
1.307692 2.808511 1.192317
1.307692 2.893617 1.216970
1.307692 2.978723 1.241622
1.307692 3.063830 1.266274
1.307692 3.148936 1.290927
1.307692 3.234043 1.315579
1.307692 3.319149 1.340231
1.307692 3.404255 1.364883
1.307692 3.489362 1.389536
1.307692 3.574468 1.414188
1.307692 3.659574 1.438840
1.307692 3.744681 1.463493
1.307692 3.829787 1.488145
1.307692 3.914894 1.512797
1.307692 4.000000 0.000000
1.384615 0.000000 0.000000
1.384615 0.085106 0.425726
1.384615 0.170213 0.450378
1.384615 0.255319 0.475031
1.384615 0.340426 0.499683
1.384615 0.425532 0.524335
1.384615 0.510638 0.548987
1.384615 0.595745 0.573640
1.384615 0.680851 0.598292
1.384615 0.765957 0.622944
1.384615 0.851064 0.647597
1.384615 0.936170 0.672249
1.384615 1.021277 0.696901
1.384615 1.106383 0.721553
1.384615 1.191489 0.746206
1.384615 1.276596 0.770858
1.384615 1.361702 0.795510
1.384615 1.446809 0.820163
1.384615 1.531915 0.844815
1.384615 1.617021 0.869467
1.384615 1.702128 0.894120
1.384615 1.787234 0.918772
1.384615 1.872340 0.943424
1.384615 1.957447 0.968076
1.384615 2.042553 0.992729
1.384615 2.127660 1.017381
1.384615 2.212766 1.042033
1.384615 2.297872 1.066686
1.384615 2.382979 1.091338
1.384615 2.468085 1.115990
1.384615 2.553191 1.140642
1.384615 2.638298 1.165295
1.384615 2.723404 1.189947
1.384615 2.808511 1.214599
1.384615 2.893617 1.239252
1.384615 2.978723 1.263904
1.384615 3.063830 1.288556
1.384615 3.148936 1.313208
1.384615 3.234043 1.337861
1.384615 3.319149 1.362513
1.384615 3.404255 1.387165
1.384615 3.489362 1.411818
1.384615 3.574468 1.436470
1.384615 3.659574 1.461122
1.384615 3.744681 1.485774
1.384615 3.829787 1.510427
1.384615 3.914894 1.535079
1.384615 4.000000 0.000000
1.461538 0.000000 0.000000
1.461538 0.085106 0.448008
1.461538 0.170213 0.472660
1.461538 0.255319 0.497312
1.461538 0.340426 0.521965
1.461538 0.425532 0.546617
1.461538 0.510638 0.571269
1.461538 0.595745 0.595922
1.461538 0.680851 0.620574
1.461538 0.765957 0.645226
1.461538 0.851064 0.669879
1.461538 0.936170 0.694531
1.461538 1.021277 0.719183
1.461538 1.106383 0.743835
1.461538 1.191489 0.768488
1.461538 1.276596 0.793140
1.461538 1.361702 0.817792
1.461538 1.446809 0.842445
1.461538 1.531915 0.867097
1.461538 1.617021 0.891749
1.461538 1.702128 0.916401
1.461538 1.787234 0.941054
1.461538 1.872340 0.965706
1.461538 1.957447 0.990358
1.461538 2.042553 1.015011
1.461538 2.127660 1.039663
1.461538 2.212766 1.064315
1.461538 2.297872 1.088967
1.461538 2.382979 1.113620
1.461538 2.468085 1.138272
1.461538 2.553191 1.162924
1.461538 2.638298 1.187577
1.461538 2.723404 1.212229
1.461538 2.808511 1.236881
1.461538 2.893617 1.261533
1.461538 2.978723 1.286186
1.461538 3.063830 1.310838
1.461538 3.148936 1.335490
1.461538 3.234043 1.360143
1.461538 3.319149 1.384795
1.461538 3.404255 1.409447
1.461538 3.489362 1.434099
1.461538 3.574468 1.458752
1.461538 3.659574 1.483404
1.461538 3.744681 1.508056
1.461538 3.829787 1.532709
1.461538 3.914894 1.557361
1.461538 4.000000 0.000000
1.538462 0.000000 0.000000
1.538462 0.085106 0.470290
1.538462 0.170213 0.494942
1.538462 0.255319 0.519594
1.538462 0.340426 0.544247
1.538462 0.425532 0.568899
1.538462 0.510638 0.593551
1.538462 0.595745 0.618204
1.538462 0.680851 0.642856
1.538462 0.765957 0.667508
1.538462 0.851064 0.692160
1.538462 0.936170 0.716813
1.538462 1.021277 0.741465
1.538462 1.106383 0.766117
1.538462 1.191489 0.790770
1.538462 1.276596 0.815422
1.538462 1.361702 0.840074
1.538462 1.446809 0.864726
1.538462 1.531915 0.889379
1.538462 1.617021 0.914031
1.538462 1.702128 0.938683
1.538462 1.787234 0.963336
1.538462 1.872340 0.987988
1.538462 1.957447 1.012640
1.538462 2.042553 1.037292
1.538462 2.127660 1.061945
1.538462 2.212766 1.086597
1.538462 2.297872 1.111249
1.538462 2.382979 1.135902
1.538462 2.468085 1.160554
1.538462 2.553191 1.185206
1.538462 2.638298 1.209858
1.538462 2.723404 1.234511
1.538462 2.808511 1.259163
1.538462 2.893617 1.283815
1.538462 2.978723 1.308468
1.538462 3.063830 1.333120
1.538462 3.148936 1.357772
1.538462 3.234043 1.382424
1.538462 3.319149 1.407077
1.538462 3.404255 1.431729
1.538462 3.489362 1.456381
1.538462 3.574468 1.481034
1.538462 3.659574 1.505686
1.538462 3.744681 1.530338
1.538462 3.829787 1.554990
1.538462 3.914894 1.579643
1.538462 4.000000 0.000000
1.615385 0.000000 0.000000
1.615385 0.085106 0.492572
1.615385 0.170213 0.517224
1.615385 0.255319 0.541876
1.615385 0.340426 0.566529
1.615385 0.425532 0.591181
1.615385 0.510638 0.615833
1.615385 0.595745 0.640485
1.615385 0.680851 0.665138
1.615385 0.765957 0.689790
1.615385 0.851064 0.714442
1.615385 0.936170 0.739095
1.615385 1.021277 0.763747
1.615385 1.106383 0.788399
1.615385 1.191489 0.813051
1.615385 1.276596 0.837704
1.615385 1.361702 0.862356
1.615385 1.446809 0.887008
1.615385 1.531915 0.911661
1.615385 1.617021 0.936313
1.615385 1.702128 0.960965
1.615385 1.787234 0.985617
1.615385 1.872340 1.010270
1.615385 1.957447 1.034922
1.615385 2.042553 1.059574
1.615385 2.127660 1.084227
1.615385 2.212766 1.108879
1.615385 2.297872 1.133531
1.615385 2.382979 1.158183
1.615385 2.468085 1.182836
1.615385 2.553191 1.207488
1.615385 2.638298 1.232140
1.615385 2.723404 1.256793
1.615385 2.808511 1.281445
1.615385 2.893617 1.306097
1.615385 2.978723 1.330749
1.615385 3.063830 1.355402
1.615385 3.148936 1.380054
1.615385 3.234043 1.404706
1.615385 3.319149 1.429359
1.615385 3.404255 1.454011
1.615385 3.489362 1.478663
1.615385 3.574468 1.503315
1.615385 3.659574 1.527968
1.615385 3.744681 1.552620
1.615385 3.829787 1.577272
1.615385 3.914894 1.601925
1.615385 4.000000 0.000000
1.692308 0.000000 0.000000
1.692308 0.085106 0.514854
1.692308 0.170213 0.539506
1.692308 0.255319 0.564158
1.692308 0.340426 0.588810
1.692308 0.425532 0.613463
1.692308 0.510638 0.638115
1.692308 0.595745 0.662767
1.692308 0.680851 0.687420
1.692308 0.765957 0.712072
1.692308 0.851064 0.736724
1.692308 0.936170 0.761376
1.692308 1.021277 0.786029
1.692308 1.106383 0.810681
1.692308 1.191489 0.835333
1.692308 1.276596 0.859986
1.692308 1.361702 0.884638
1.692308 1.446809 0.909290
1.692308 1.531915 0.933942
1.692308 1.617021 0.958595
1.692308 1.702128 0.983247
1.692308 1.787234 1.007899
1.692308 1.872340 1.032552
1.692308 1.957447 1.057204
1.692308 2.042553 1.081856
1.692308 2.127660 1.106508
1.692308 2.212766 1.131161
1.692308 2.297872 1.155813
1.692308 2.382979 1.180465
1.692308 2.468085 1.205118
1.692308 2.553191 1.229770
1.692308 2.638298 1.254422
1.692308 2.723404 1.279074
1.692308 2.808511 1.303727
1.692308 2.893617 1.328379
1.692308 2.978723 1.353031
1.692308 3.063830 1.377684
1.692308 3.148936 1.402336
1.692308 3.234043 1.426988
1.692308 3.319149 1.451640
1.692308 3.404255 1.476293
1.692308 3.489362 1.500945
1.692308 3.574468 1.525597
1.692308 3.659574 1.550250
1.692308 3.744681 1.574902
1.692308 3.829787 1.599554
1.692308 3.914894 1.624206
1.692308 4.000000 0.000000
1.769231 0.000000 0.000000
1.769231 0.085106 0.537135
1.769231 0.170213 0.561788
1.769231 0.255319 0.586440
1.769231 0.340426 0.611092
1.769231 0.425532 0.635745
1.769231 0.510638 0.660397
1.769231 0.595745 0.685049
1.769231 0.680851 0.709701
1.769231 0.765957 0.734354
1.769231 0.851064 0.759006
1.769231 0.936170 0.783658
1.769231 1.021277 0.808311
1.769231 1.106383 0.832963
1.769231 1.191489 0.857615
1.769231 1.276596 0.882267
1.769231 1.361702 0.906920
1.769231 1.446809 0.931572
1.769231 1.531915 0.956224
1.769231 1.617021 0.980877
1.769231 1.702128 1.005529
1.769231 1.787234 1.030181
1.769231 1.872340 1.054833
1.769231 1.957447 1.079486
1.769231 2.042553 1.104138
1.769231 2.127660 1.128790
1.769231 2.212766 1.153443
1.769231 2.297872 1.178095
1.769231 2.382979 1.202747
1.769231 2.468085 1.227399
1.769231 2.553191 1.252052
1.769231 2.638298 1.276704
1.769231 2.723404 1.301356
1.769231 2.808511 1.326009
1.769231 2.893617 1.350661
1.769231 2.978723 1.375313
1.769231 3.063830 1.399965
1.769231 3.148936 1.424618
1.769231 3.234043 1.449270
1.769231 3.319149 1.473922
1.769231 3.404255 1.498575
1.769231 3.489362 1.523227
1.769231 3.574468 1.547879
1.769231 3.659574 1.572532
1.769231 3.744681 1.597184
1.769231 3.829787 1.621836
1.769231 3.914894 1.646488
1.769231 4.000000 0.000000
1.846154 0.000000 0.000000
1.846154 0.085106 0.559417
1.846154 0.170213 0.584070
1.846154 0.255319 0.608722
1.846154 0.340426 0.633374
1.846154 0.425532 0.658026
1.846154 0.510638 0.682679
1.846154 0.595745 0.707331
1.846154 0.680851 0.731983
1.846154 0.765957 0.756636
1.846154 0.851064 0.781288
1.846154 0.936170 0.805940
1.846154 1.021277 0.830592
1.846154 1.106383 0.855245
1.846154 1.191489 0.879897
1.846154 1.276596 0.904549
1.846154 1.361702 0.929202
1.846154 1.446809 0.953854
1.846154 1.531915 0.978506
1.846154 1.617021 1.003158
1.846154 1.702128 1.027811
1.846154 1.787234 1.052463
1.846154 1.872340 1.077115
1.846154 1.957447 1.101768
1.846154 2.042553 1.126420
1.846154 2.127660 1.151072
1.846154 2.212766 1.175724
1.846154 2.297872 1.200377
1.846154 2.382979 1.225029
1.846154 2.468085 1.249681
1.846154 2.553191 1.274334
1.846154 2.638298 1.298986
1.846154 2.723404 1.323638
1.846154 2.808511 1.348291
1.846154 2.893617 1.372943
1.846154 2.978723 1.397595
1.846154 3.063830 1.422247
1.846154 3.148936 1.446900
1.846154 3.234043 1.471552
1.846154 3.319149 1.496204
1.846154 3.404255 1.520857
1.846154 3.489362 1.545509
1.846154 3.574468 1.570161
1.846154 3.659574 1.594813
1.846154 3.744681 1.619466
1.846154 3.829787 1.644118
1.846154 3.914894 1.668770
1.846154 4.000000 0.000000
1.923077 0.000000 0.000000
1.923077 0.085106 0.581699
1.923077 0.170213 0.606351
1.923077 0.255319 0.631004
1.923077 0.340426 0.655656
1.923077 0.425532 0.680308
1.923077 0.510638 0.704961
1.923077 0.595745 0.729613
1.923077 0.680851 0.754265
1.923077 0.765957 0.778917
1.923077 0.851064 0.803570
1.923077 0.936170 0.828222
1.923077 1.021277 0.852874
1.923077 1.106383 0.877527
1.923077 1.191489 0.902179
1.923077 1.276596 0.926831
1.923077 1.361702 0.951483
1.923077 1.446809 0.976136
1.923077 1.531915 1.000788
1.923077 1.617021 1.025440
1.923077 1.702128 1.050093
1.923077 1.787234 1.074745
1.923077 1.872340 1.099397
1.923077 1.957447 1.124049
1.923077 2.042553 1.148702
1.923077 2.127660 1.173354
1.923077 2.212766 1.198006
1.923077 2.297872 1.222659
1.923077 2.382979 1.247311
1.923077 2.468085 1.271963
1.923077 2.553191 1.296616
1.923077 2.638298 1.321268
1.923077 2.723404 1.345920
1.923077 2.808511 1.370572
1.923077 2.893617 1.395225
1.923077 2.978723 1.419877
1.923077 3.063830 1.444529
1.923077 3.148936 1.469182
1.923077 3.234043 1.493834
1.923077 3.319149 1.518486
1.923077 3.404255 1.543138
1.923077 3.489362 1.567791
1.923077 3.574468 1.592443
1.923077 3.659574 1.617095
1.923077 3.744681 1.641748
1.923077 3.829787 1.666400
1.923077 3.914894 1.691052
1.923077 4.000000 0.000000
2.000000 0.000000 0.000000
2.000000 0.085106 0.603981
2.000000 0.170213 0.628633
2.000000 0.255319 0.653286
2.000000 0.340426 0.677938
2.000000 0.425532 0.702590
2.000000 0.510638 0.727242
2.000000 0.595745 0.751895
2.000000 0.680851 0.776547
2.000000 0.765957 0.801199
2.000000 0.851064 0.825852
2.000000 0.936170 0.850504
2.000000 1.021277 0.875156
2.000000 1.106383 0.899808
2.000000 1.191489 0.924461
2.000000 1.276596 0.949113
2.000000 1.361702 0.973765
2.000000 1.446809 0.998418
2.000000 1.531915 1.023070
2.000000 1.617021 1.047722
2.000000 1.702128 1.072375
2.000000 1.787234 1.097027
2.000000 1.872340 1.121679
2.000000 1.957447 1.146331
2.000000 2.042553 1.170984
2.000000 2.127660 1.195636
2.000000 2.212766 1.220288
2.000000 2.297872 1.244941
2.000000 2.382979 1.269593
2.000000 2.468085 1.294245
2.000000 2.553191 1.318897
2.000000 2.638298 1.343550
2.000000 2.723404 1.368202
2.000000 2.808511 1.392854
2.000000 2.893617 1.417507
2.000000 2.978723 1.442159
2.000000 3.063830 1.466811
2.000000 3.148936 1.491463
2.000000 3.234043 1.516116
2.000000 3.319149 1.540768
2.000000 3.404255 1.565420
2.000000 3.489362 1.590073
2.000000 3.574468 1.614725
2.000000 3.659574 1.639377
2.000000 3.744681 1.664029
2.000000 3.829787 1.688682
2.000000 3.914894 1.713334
2.000000 4.000000 0.000000
2.076923 0.000000 0.000000
2.076923 0.085106 0.626263
2.076923 0.170213 0.650915
2.076923 0.255319 0.675567
2.076923 0.340426 0.700220
2.076923 0.425532 0.724872
2.076923 0.510638 0.749524
2.076923 0.595745 0.774177
2.076923 0.680851 0.798829
2.076923 0.765957 0.823481
2.076923 0.851064 0.848134
2.076923 0.936170 0.872786
2.076923 1.021277 0.897438
2.076923 1.106383 0.922090
2.076923 1.191489 0.946743
2.076923 1.276596 0.971395
2.076923 1.361702 0.996047
2.076923 1.446809 1.020700
2.076923 1.531915 1.045352
2.076923 1.617021 1.070004
2.076923 1.702128 1.094656
2.076923 1.787234 1.119309
2.076923 1.872340 1.143961
2.076923 1.957447 1.168613
2.076923 2.042553 1.193266
2.076923 2.127660 1.217918
2.076923 2.212766 1.242570
2.076923 2.297872 1.267222
2.076923 2.382979 1.291875
2.076923 2.468085 1.316527
2.076923 2.553191 1.341179
2.076923 2.638298 1.365832
2.076923 2.723404 1.390484
2.076923 2.808511 1.415136
2.076923 2.893617 1.439788
2.076923 2.978723 1.464441
2.076923 3.063830 1.489093
2.076923 3.148936 1.513745
2.076923 3.234043 1.538398
2.076923 3.319149 1.563050
2.076923 3.404255 1.587702
2.076923 3.489362 1.612354
2.076923 3.574468 1.637007
2.076923 3.659574 1.661659
2.076923 3.744681 1.686311
2.076923 3.829787 1.710964
2.076923 3.914894 1.735616
2.076923 4.000000 0.000000
2.153846 0.000000 0.000000
2.153846 0.085106 0.648545
2.153846 0.170213 0.673197
2.153846 0.255319 0.697849
2.153846 0.340426 0.722502
2.153846 0.425532 0.747154
2.153846 0.510638 0.771806
2.153846 0.595745 0.796459
2.153846 0.680851 0.821111
2.153846 0.765957 0.845763
2.153846 0.851064 0.870415
2.153846 0.936170 0.895068
2.153846 1.021277 0.919720
2.153846 1.106383 0.944372
2.153846 1.191489 0.969025
2.153846 1.276596 0.993677
2.153846 1.361702 1.018329
2.153846 1.446809 1.042981
2.153846 1.531915 1.067634
2.153846 1.617021 1.092286
2.153846 1.702128 1.116938
2.153846 1.787234 1.141591
2.153846 1.872340 1.166243
2.153846 1.957447 1.190895
2.153846 2.042553 1.215547
2.153846 2.127660 1.240200
2.153846 2.212766 1.264852
2.153846 2.297872 1.289504
2.153846 2.382979 1.314157
2.153846 2.468085 1.338809
2.153846 2.553191 1.363461
2.153846 2.638298 1.388113
2.153846 2.723404 1.412766
2.153846 2.808511 1.437418
2.153846 2.893617 1.462070
2.153846 2.978723 1.486723
2.153846 3.063830 1.511375
2.153846 3.148936 1.536027
2.153846 3.234043 1.560679
2.153846 3.319149 1.585332
2.153846 3.404255 1.609984
2.153846 3.489362 1.634636
2.153846 3.574468 1.659289
2.153846 3.659574 1.683941
2.153846 3.744681 1.708593
2.153846 3.829787 1.733245
2.153846 3.914894 1.757898
2.153846 4.000000 0.000000
2.230769 0.000000 0.000000
2.230769 0.085106 0.670827
2.230769 0.170213 0.695479
2.230769 0.255319 0.720131
2.230769 0.340426 0.744784
2.230769 0.425532 0.769436
2.230769 0.510638 0.794088
2.230769 0.595745 0.818740
2.230769 0.680851 0.843393
2.230769 0.765957 0.868045
2.230769 0.851064 0.892697
2.230769 0.936170 0.917350
2.230769 1.021277 0.942002
2.230769 1.106383 0.966654
2.230769 1.191489 0.991306
2.230769 1.276596 1.015959
2.230769 1.361702 1.040611
2.230769 1.446809 1.065263
2.230769 1.531915 1.089916
2.230769 1.617021 1.114568
2.230769 1.702128 1.139220
2.230769 1.787234 1.163872
2.230769 1.872340 1.188525
2.230769 1.957447 1.213177
2.230769 2.042553 1.237829
2.230769 2.127660 1.262482
2.230769 2.212766 1.287134
2.230769 2.297872 1.311786
2.230769 2.382979 1.336438
2.230769 2.468085 1.361091
2.230769 2.553191 1.385743
2.230769 2.638298 1.410395
2.230769 2.723404 1.435048
2.230769 2.808511 1.459700
2.230769 2.893617 1.484352
2.230769 2.978723 1.509004
2.230769 3.063830 1.533657
2.230769 3.148936 1.558309
2.230769 3.234043 1.582961
2.230769 3.319149 1.607614
2.230769 3.404255 1.632266
2.230769 3.489362 1.656918
2.230769 3.574468 1.681570
2.230769 3.659574 1.706223
2.230769 3.744681 1.730875
2.230769 3.829787 1.755527
2.230769 3.914894 1.780180
2.230769 4.000000 0.000000
2.307692 0.000000 0.000000
2.307692 0.085106 0.693109
2.307692 0.170213 0.717761
2.307692 0.255319 0.742413
2.307692 0.340426 0.767065
2.307692 0.425532 0.791718
2.307692 0.510638 0.816370
2.307692 0.595745 0.841022
2.307692 0.680851 0.865675
2.307692 0.765957 0.890327
2.307692 0.851064 0.914979
2.307692 0.936170 0.939631
2.307692 1.021277 0.964284
2.307692 1.106383 0.988936
2.307692 1.191489 1.013588
2.307692 1.276596 1.038241
2.307692 1.361702 1.062893
2.307692 1.446809 1.087545
2.307692 1.531915 1.112197
2.307692 1.617021 1.136850
2.307692 1.702128 1.161502
2.307692 1.787234 1.186154
2.307692 1.872340 1.210807
2.307692 1.957447 1.235459
2.307692 2.042553 1.260111
2.307692 2.127660 1.284763
2.307692 2.212766 1.309416
2.307692 2.297872 1.334068
2.307692 2.382979 1.358720
2.307692 2.468085 1.383373
2.307692 2.553191 1.408025
2.307692 2.638298 1.432677
2.307692 2.723404 1.457329
2.307692 2.808511 1.481982
2.307692 2.893617 1.506634
2.307692 2.978723 1.531286
2.307692 3.063830 1.555939
2.307692 3.148936 1.580591
2.307692 3.234043 1.605243
2.307692 3.319149 1.629895
2.307692 3.404255 1.654548
2.307692 3.489362 1.679200
2.307692 3.574468 1.703852
2.307692 3.659574 1.728505
2.307692 3.744681 1.753157
2.307692 3.829787 1.777809
2.307692 3.914894 1.802461
2.307692 4.000000 0.000000
2.384615 0.000000 0.000000
2.384615 0.085106 0.715390
2.384615 0.170213 0.740043
2.384615 0.255319 0.764695
2.384615 0.340426 0.789347
2.384615 0.425532 0.814000
2.384615 0.510638 0.838652
2.384615 0.595745 0.863304
2.384615 0.680851 0.887956
2.384615 0.765957 0.912609
2.384615 0.851064 0.937261
2.384615 0.936170 0.961913
2.384615 1.021277 0.986566
2.384615 1.106383 1.011218
2.384615 1.191489 1.035870
2.384615 1.276596 1.060522
2.384615 1.361702 1.085175
2.384615 1.446809 1.109827
2.384615 1.531915 1.134479
2.384615 1.617021 1.159132
2.384615 1.702128 1.183784
2.384615 1.787234 1.208436
2.384615 1.872340 1.233088
2.384615 1.957447 1.257741
2.384615 2.042553 1.282393
2.384615 2.127660 1.307045
2.384615 2.212766 1.331698
2.384615 2.297872 1.356350
2.384615 2.382979 1.381002
2.384615 2.468085 1.405654
2.384615 2.553191 1.430307
2.384615 2.638298 1.454959
2.384615 2.723404 1.479611
2.384615 2.808511 1.504264
2.384615 2.893617 1.528916
2.384615 2.978723 1.553568
2.384615 3.063830 1.578220
2.384615 3.148936 1.602873
2.384615 3.234043 1.627525
2.384615 3.319149 1.652177
2.384615 3.404255 1.676830
2.384615 3.489362 1.701482
2.384615 3.574468 1.726134
2.384615 3.659574 1.750787
2.384615 3.744681 1.775439
2.384615 3.829787 1.800091
2.384615 3.914894 1.824743
2.384615 4.000000 0.000000
2.461538 0.000000 0.000000
2.461538 0.085106 0.737672
2.461538 0.170213 0.762325
2.461538 0.255319 0.786977
2.461538 0.340426 0.811629
2.461538 0.425532 0.836281
2.461538 0.510638 0.860934
2.461538 0.595745 0.885586
2.461538 0.680851 0.910238
2.461538 0.765957 0.934891
2.461538 0.851064 0.959543
2.461538 0.936170 0.984195
2.461538 1.021277 1.008847
2.461538 1.106383 1.033500
2.461538 1.191489 1.058152
2.461538 1.276596 1.082804
2.461538 1.361702 1.107457
2.461538 1.446809 1.132109
2.461538 1.531915 1.156761
2.461538 1.617021 1.181413
2.461538 1.702128 1.206066
2.461538 1.787234 1.230718
2.461538 1.872340 1.255370
2.461538 1.957447 1.280023
2.461538 2.042553 1.304675
2.461538 2.127660 1.329327
2.461538 2.212766 1.353979
2.461538 2.297872 1.378632
2.461538 2.382979 1.403284
2.461538 2.468085 1.427936
2.461538 2.553191 1.452589
2.461538 2.638298 1.477241
2.461538 2.723404 1.501893
2.461538 2.808511 1.526546
2.461538 2.893617 1.551198
2.461538 2.978723 1.575850
2.461538 3.063830 1.600502
2.461538 3.148936 1.625155
2.461538 3.234043 1.649807
2.461538 3.319149 1.674459
2.461538 3.404255 1.699112
2.461538 3.489362 1.723764
2.461538 3.574468 1.748416
2.461538 3.659574 1.773068
2.461538 3.744681 1.797721
2.461538 3.829787 1.822373
2.461538 3.914894 1.847025
2.461538 4.000000 0.000000
2.538462 0.000000 0.000000
2.538462 0.085106 0.759954
2.538462 0.170213 0.784606
2.538462 0.255319 0.809259
2.538462 0.340426 0.833911
2.538462 0.425532 0.858563
2.538462 0.510638 0.883216
2.538462 0.595745 0.907868
2.538462 0.680851 0.932520
2.538462 0.765957 0.957172
2.538462 0.851064 0.981825
2.538462 0.936170 1.006477
2.538462 1.021277 1.031129
2.538462 1.106383 1.055782
2.538462 1.191489 1.080434
2.538462 1.276596 1.105086
2.538462 1.361702 1.129738
2.538462 1.446809 1.154391
2.538462 1.531915 1.179043
2.538462 1.617021 1.203695
2.538462 1.702128 1.228348
2.538462 1.787234 1.253000
2.538462 1.872340 1.277652
2.538462 1.957447 1.302305
2.538462 2.042553 1.326957
2.538462 2.127660 1.351609
2.538462 2.212766 1.376261
2.538462 2.297872 1.400914
2.538462 2.382979 1.425566
2.538462 2.468085 1.450218
2.538462 2.553191 1.474871
2.538462 2.638298 1.499523
2.538462 2.723404 1.524175
2.538462 2.808511 1.548827
2.538462 2.893617 1.573480
2.538462 2.978723 1.598132
2.538462 3.063830 1.622784
2.538462 3.148936 1.647437
2.538462 3.234043 1.672089
2.538462 3.319149 1.696741
2.538462 3.404255 1.721393
2.538462 3.489362 1.746046
2.538462 3.574468 1.770698
2.538462 3.659574 1.795350
2.538462 3.744681 1.820003
2.538462 3.829787 1.844655
2.538462 3.914894 1.869307
2.538462 4.000000 0.000000
2.615385 0.000000 0.000000
2.615385 0.085106 0.782236
2.615385 0.170213 0.806888
2.615385 0.255319 0.831541
2.615385 0.340426 0.856193
2.615385 0.425532 0.880845
2.615385 0.510638 0.905497
2.615385 0.595745 0.930150
2.615385 0.680851 0.954802
2.615385 0.765957 0.979454
2.615385 0.851064 1.004107
2.615385 0.936170 1.028759
2.615385 1.021277 1.053411
2.615385 1.106383 1.078064
2.615385 1.191489 1.102716
2.615385 1.276596 1.127368
2.615385 1.361702 1.152020
2.615385 1.446809 1.176673
2.615385 1.531915 1.201325
2.615385 1.617021 1.225977
2.615385 1.702128 1.250630
2.615385 1.787234 1.275282
2.615385 1.872340 1.299934
2.615385 1.957447 1.324586
2.615385 2.042553 1.349239
2.615385 2.127660 1.373891
2.615385 2.212766 1.398543
2.615385 2.297872 1.423196
2.615385 2.382979 1.447848
2.615385 2.468085 1.472500
2.615385 2.553191 1.497152
2.615385 2.638298 1.521805
2.615385 2.723404 1.546457
2.615385 2.808511 1.571109
2.615385 2.893617 1.595762
2.615385 2.978723 1.620414
2.615385 3.063830 1.645066
2.615385 3.148936 1.669718
2.615385 3.234043 1.694371
2.615385 3.319149 1.719023
2.615385 3.404255 1.743675
2.615385 3.489362 1.768328
2.615385 3.574468 1.792980
2.615385 3.659574 1.817632
2.615385 3.744681 1.842284
2.615385 3.829787 1.866937
2.615385 3.914894 1.891589
2.615385 4.000000 0.000000
2.692308 0.000000 0.000000
2.692308 0.085106 0.804518
2.692308 0.170213 0.829170
2.692308 0.255319 0.853823
2.692308 0.340426 0.878475
2.692308 0.425532 0.903127
2.692308 0.510638 0.927779
2.692308 0.595745 0.952432
2.692308 0.680851 0.977084
2.692308 0.765957 1.001736
2.692308 0.851064 1.026389
2.692308 0.936170 1.051041
2.692308 1.021277 1.075693
2.692308 1.106383 1.100345
2.692308 1.191489 1.124998
2.692308 1.276596 1.149650
2.692308 1.361702 1.174302
2.692308 1.446809 1.198955
2.692308 1.531915 1.223607
2.692308 1.617021 1.248259
2.692308 1.702128 1.272911
2.692308 1.787234 1.297564
2.692308 1.872340 1.322216
2.692308 1.957447 1.346868
2.692308 2.042553 1.371521
2.692308 2.127660 1.396173
2.692308 2.212766 1.420825
2.692308 2.297872 1.445477
2.692308 2.382979 1.470130
2.692308 2.468085 1.494782
2.692308 2.553191 1.519434
2.692308 2.638298 1.544087
2.692308 2.723404 1.568739
2.692308 2.808511 1.593391
2.692308 2.893617 1.618043
2.692308 2.978723 1.642696
2.692308 3.063830 1.667348
2.692308 3.148936 1.692000
2.692308 3.234043 1.716653
2.692308 3.319149 1.741305
2.692308 3.404255 1.765957
2.692308 3.489362 1.790609
2.692308 3.574468 1.815262
2.692308 3.659574 1.839914
2.692308 3.744681 1.864566
2.692308 3.829787 1.889219
2.692308 3.914894 1.913871
2.692308 4.000000 0.000000
2.769231 0.000000 0.000000
2.769231 0.085106 0.826800
2.769231 0.170213 0.851452
2.769231 0.255319 0.876104
2.769231 0.340426 0.900757
2.769231 0.425532 0.925409
2.769231 0.510638 0.950061
2.769231 0.595745 0.974714
2.769231 0.680851 0.999366
2.769231 0.765957 1.024018
2.769231 0.851064 1.048670
2.769231 0.936170 1.073323
2.769231 1.021277 1.097975
2.769231 1.106383 1.122627
2.769231 1.191489 1.147280
2.769231 1.276596 1.171932
2.769231 1.361702 1.196584
2.769231 1.446809 1.221236
2.769231 1.531915 1.245889
2.769231 1.617021 1.270541
2.769231 1.702128 1.295193
2.769231 1.787234 1.319846
2.769231 1.872340 1.344498
2.769231 1.957447 1.369150
2.769231 2.042553 1.393802
2.769231 2.127660 1.418455
2.769231 2.212766 1.443107
2.769231 2.297872 1.467759
2.769231 2.382979 1.492412
2.769231 2.468085 1.517064
2.769231 2.553191 1.541716
2.769231 2.638298 1.566368
2.769231 2.723404 1.591021
2.769231 2.808511 1.615673
2.769231 2.893617 1.640325
2.769231 2.978723 1.664978
2.769231 3.063830 1.689630
2.769231 3.148936 1.714282
2.769231 3.234043 1.738934
2.769231 3.319149 1.763587
2.769231 3.404255 1.788239
2.769231 3.489362 1.812891
2.769231 3.574468 1.837544
2.769231 3.659574 1.862196
2.769231 3.744681 1.886848
2.769231 3.829787 1.911500
2.769231 3.914894 1.936153
2.769231 4.000000 0.000000
2.846154 0.000000 0.000000
2.846154 0.085106 0.849082
2.846154 0.170213 0.873734
2.846154 0.255319 0.898386
2.846154 0.340426 0.923039
2.846154 0.425532 0.947691
2.846154 0.510638 0.972343
2.846154 0.595745 0.996995
2.846154 0.680851 1.021648
2.846154 0.765957 1.046300
2.846154 0.851064 1.070952
2.846154 0.936170 1.095605
2.846154 1.021277 1.120257
2.846154 1.106383 1.144909
2.846154 1.191489 1.169561
2.846154 1.276596 1.194214
2.846154 1.361702 1.218866
2.846154 1.446809 1.243518
2.846154 1.531915 1.268171
2.846154 1.617021 1.292823
2.846154 1.702128 1.317475
2.846154 1.787234 1.342127
2.846154 1.872340 1.366780
2.846154 1.957447 1.391432
2.846154 2.042553 1.416084
2.846154 2.127660 1.440737
2.846154 2.212766 1.465389
2.846154 2.297872 1.490041
2.846154 2.382979 1.514693
2.846154 2.468085 1.539346
2.846154 2.553191 1.563998
2.846154 2.638298 1.588650
2.846154 2.723404 1.613303
2.846154 2.808511 1.637955
2.846154 2.893617 1.662607
2.846154 2.978723 1.687259
2.846154 3.063830 1.711912
2.846154 3.148936 1.736564
2.846154 3.234043 1.761216
2.846154 3.319149 1.785869
2.846154 3.404255 1.810521
2.846154 3.489362 1.835173
2.846154 3.574468 1.859825
2.846154 3.659574 1.884478
2.846154 3.744681 1.909130
2.846154 3.829787 1.933782
2.846154 3.914894 1.958435
2.846154 4.000000 0.000000
2.923077 0.000000 0.000000
2.923077 0.085106 0.871364
2.923077 0.170213 0.896016
2.923077 0.255319 0.920668
2.923077 0.340426 0.945320
2.923077 0.425532 0.969973
2.923077 0.510638 0.994625
2.923077 0.595745 1.019277
2.923077 0.680851 1.043930
2.923077 0.765957 1.068582
2.923077 0.851064 1.093234
2.923077 0.936170 1.117886
2.923077 1.021277 1.142539
2.923077 1.106383 1.167191
2.923077 1.191489 1.191843
2.923077 1.276596 1.216496
2.923077 1.361702 1.241148
2.923077 1.446809 1.265800
2.923077 1.531915 1.290452
2.923077 1.617021 1.315105
2.923077 1.702128 1.339757
2.923077 1.787234 1.364409
2.923077 1.872340 1.389062
2.923077 1.957447 1.413714
2.923077 2.042553 1.438366
2.923077 2.127660 1.463018
2.923077 2.212766 1.487671
2.923077 2.297872 1.512323
2.923077 2.382979 1.536975
2.923077 2.468085 1.561628
2.923077 2.553191 1.586280
2.923077 2.638298 1.610932
2.923077 2.723404 1.635584
2.923077 2.808511 1.660237
2.923077 2.893617 1.684889
2.923077 2.978723 1.709541
2.923077 3.063830 1.734194
2.923077 3.148936 1.758846
2.923077 3.234043 1.783498
2.923077 3.319149 1.808150
2.923077 3.404255 1.832803
2.923077 3.489362 1.857455
2.923077 3.574468 1.882107
2.923077 3.659574 1.906760
2.923077 3.744681 1.931412
2.923077 3.829787 1.956064
2.923077 3.914894 1.980716
2.923077 4.000000 0.000000
3.000000 0.000000 0.000000
3.000000 0.085106 0.000000
3.000000 0.170213 0.000000
3.000000 0.255319 0.000000
3.000000 0.340426 0.000000
3.000000 0.425532 0.000000
3.000000 0.510638 0.000000
3.000000 0.595745 0.000000
3.000000 0.680851 0.000000
3.000000 0.765957 0.000000
3.000000 0.851064 0.000000
3.000000 0.936170 0.000000
3.000000 1.021277 0.000000
3.000000 1.106383 0.000000
3.000000 1.191489 0.000000
3.000000 1.276596 0.000000
3.000000 1.361702 0.000000
3.000000 1.446809 0.000000
3.000000 1.531915 0.000000
3.000000 1.617021 0.000000
3.000000 1.702128 0.000000
3.000000 1.787234 0.000000
3.000000 1.872340 0.000000
3.000000 1.957447 0.000000
3.000000 2.042553 0.000000
3.000000 2.127660 0.000000
3.000000 2.212766 0.000000
3.000000 2.297872 0.000000
3.000000 2.382979 0.000000
3.000000 2.468085 0.000000
3.000000 2.553191 0.000000
3.000000 2.638298 0.000000
3.000000 2.723404 0.000000
3.000000 2.808511 0.000000
3.000000 2.893617 0.000000
3.000000 2.978723 0.000000
3.000000 3.063830 0.000000
3.000000 3.148936 0.000000
3.000000 3.234043 0.000000
3.000000 3.319149 0.000000
3.000000 3.404255 0.000000
3.000000 3.489362 0.000000
3.000000 3.574468 0.000000
3.000000 3.659574 0.000000
3.000000 3.744681 0.000000
3.000000 3.829787 0.000000
3.000000 3.914894 0.000000
3.000000 4.000000 0.000000
