0.000000 0.000000 0.000000
0.000000 0.500000 0.131666
0.000000 1.000000 0.263331
0.000000 1.500000 0.394997
0.000000 2.000000 0.526663
0.081081 0.000000 0.021351
0.081081 0.500000 0.153017
0.081081 1.000000 0.284682
0.081081 1.500000 0.416348
0.081081 2.000000 0.548014
0.162162 0.000000 0.042702
0.162162 0.500000 0.174368
0.162162 1.000000 0.306034
0.162162 1.500000 0.437699
0.162162 2.000000 0.569365
0.243243 0.000000 0.064054
0.243243 0.500000 0.195719
0.243243 1.000000 0.327385
0.243243 1.500000 0.459050
0.243243 2.000000 0.590716
0.324324 0.000000 0.085405
0.324324 0.500000 0.217070
0.324324 1.000000 0.348736
0.324324 1.500000 0.480402
0.324324 2.000000 0.612067
0.405405 0.000000 0.106756
0.405405 0.500000 0.238422
0.405405 1.000000 0.370087
0.405405 1.500000 0.501753
0.405405 2.000000 0.633418
0.486486 0.000000 0.128107
0.486486 0.500000 0.259773
0.486486 1.000000 0.391438
0.486486 1.500000 0.523104
0.486486 2.000000 0.654770
0.567568 0.000000 0.149458
0.567568 0.500000 0.281124
0.567568 1.000000 0.412790
0.567568 1.500000 0.544455
0.567568 2.000000 0.676121
0.648649 0.000000 0.170809
0.648649 0.500000 0.302475
0.648649 1.000000 0.434141
0.648649 1.500000 0.565806
0.648649 2.000000 0.697472
0.729730 0.000000 0.192161
0.729730 0.500000 0.323826
0.729730 1.000000 0.455492
0.729730 1.500000 0.587158
0.729730 2.000000 0.718823
0.810811 0.000000 0.213512
0.810811 0.500000 0.345177
0.810811 1.000000 0.476843
0.810811 1.500000 0.608509
0.810811 2.000000 0.740174
0.891892 0.000000 0.234863
0.891892 0.500000 0.366529
0.891892 1.000000 0.498194
0.891892 1.500000 0.629860
0.891892 2.000000 0.761526
0.972973 0.000000 0.256214
0.972973 0.500000 0.387880
0.972973 1.000000 0.519545
0.972973 1.500000 0.651211
0.972973 2.000000 0.782877
1.054054 0.000000 0.277565
1.054054 0.500000 0.409231
1.054054 1.000000 0.540897
1.054054 1.500000 0.672562
1.054054 2.000000 0.804228
1.135135 0.000000 0.298917
1.135135 0.500000 0.430582
1.135135 1.000000 0.562248
1.135135 1.500000 0.693913
1.135135 2.000000 0.825579
1.216216 0.000000 0.320268
1.216216 0.500000 0.451933
1.216216 1.000000 0.583599
1.216216 1.500000 0.715265
1.216216 2.000000 0.846930
1.297297 0.000000 0.341619
1.297297 0.500000 0.473285
1.297297 1.000000 0.604950
1.297297 1.500000 0.736616
1.297297 2.000000 0.868281
1.378378 0.000000 0.362970
1.378378 0.500000 0.494636
1.378378 1.000000 0.626301
1.378378 1.500000 0.757967
1.378378 2.000000 0.889633
1.459459 0.000000 0.384321
1.459459 0.500000 0.515987
1.459459 1.000000 0.647653
1.459459 1.500000 0.779318
1.459459 2.000000 0.910984
1.540541 0.000000 0.405672
1.540541 0.500000 0.537338
1.540541 1.000000 0.669004
1.540541 1.500000 0.800669
1.540541 2.000000 0.932335
1.621622 0.000000 0.427024
1.621622 0.500000 0.558689
1.621622 1.000000 0.690355
1.621622 1.500000 0.822021
1.621622 2.000000 0.953686
1.702703 0.000000 0.448375
1.702703 0.500000 0.580040
1.702703 1.000000 0.711706
1.702703 1.500000 0.843372
1.702703 2.000000 0.975037
1.783784 0.000000 0.469726
1.783784 0.500000 0.601392
1.783784 1.000000 0.733057
1.783784 1.500000 0.864723
1.783784 2.000000 0.996389
1.864865 0.000000 0.491077
1.864865 0.500000 0.622743
1.864865 1.000000 0.754408
1.864865 1.500000 0.886074
1.864865 2.000000 1.017740
1.945946 0.000000 0.512428
1.945946 0.500000 0.644094
1.945946 1.000000 0.775760
1.945946 1.500000 0.907425
1.945946 2.000000 1.039091
2.027027 0.000000 0.533780
2.027027 0.500000 0.665445
2.027027 1.000000 0.797111
2.027027 1.500000 0.928776
2.027027 2.000000 1.060442
2.108108 0.000000 0.555131
2.108108 0.500000 0.686796
2.108108 1.000000 0.818462
2.108108 1.500000 0.950128
2.108108 2.000000 1.081793
2.189189 0.000000 0.576482
2.189189 0.500000 0.708148
2.189189 1.000000 0.839813
2.189189 1.500000 0.971479
2.189189 2.000000 1.103144
2.270270 0.000000 0.597833
2.270270 0.500000 0.729499
2.270270 1.000000 0.861164
2.270270 1.500000 0.992830
2.270270 2.000000 1.124496
2.351351 0.000000 0.619184
2.351351 0.500000 0.750850
2.351351 1.000000 0.882516
2.351351 1.500000 1.014181
2.351351 2.000000 1.145847
2.432432 0.000000 0.640535
2.432432 0.500000 0.772201
2.432432 1.000000 0.903867
2.432432 1.500000 1.035532
2.432432 2.000000 1.167198
2.513514 0.000000 0.661887
2.513514 0.500000 0.793552
2.513514 1.000000 0.925218
2.513514 1.500000 1.056884
2.513514 2.000000 1.188549
2.594595 0.000000 0.683238
2.594595 0.500000 0.814903
2.594595 1.000000 0.946569
2.594595 1.500000 1.078235
2.594595 2.000000 1.209900
2.675676 0.000000 0.704589
2.675676 0.500000 0.836255
2.675676 1.000000 0.967920
2.675676 1.500000 1.099586
2.675676 2.000000 1.231252
2.756757 0.000000 0.725940
2.756757 0.500000 0.857606
2.756757 1.000000 0.989271
2.756757 1.500000 1.120937
2.756757 2.000000 1.252603
2.837838 0.000000 0.747291
2.837838 0.500000 0.878957
2.837838 1.000000 1.010623
2.837838 1.500000 1.142288
2.837838 2.000000 1.273954
2.918919 0.000000 0.768643
2.918919 0.500000 0.900308
2.918919 1.000000 1.031974
2.918919 1.500000 1.163639
2.918919 2.000000 1.295305
3.000000 0.000000 0.789994
3.000000 0.500000 0.921659
3.000000 1.000000 1.053325
3.000000 1.500000 1.184991
3.000000 2.000000 1.316656
