0.000000 0.000000 0.000000
0.000000 0.666667 0.159595
0.000000 1.333333 0.319189
0.000000 2.000000 0.478784
0.081081 0.000000 0.019410
0.081081 0.666667 0.179005
0.081081 1.333333 0.338600
0.081081 2.000000 0.498194
0.162162 0.000000 0.038820
0.162162 0.666667 0.198415
0.162162 1.333333 0.358010
0.162162 2.000000 0.517604
0.243243 0.000000 0.058230
0.243243 0.666667 0.217825
0.243243 1.333333 0.377420
0.243243 2.000000 0.537015
0.324324 0.000000 0.077641
0.324324 0.666667 0.237235
0.324324 1.333333 0.396830
0.324324 2.000000 0.556425
0.405405 0.000000 0.097051
0.405405 0.666667 0.256646
0.405405 1.333333 0.416240
0.405405 2.000000 0.575835
0.486486 0.000000 0.116461
0.486486 0.666667 0.276056
0.486486 1.333333 0.435650
0.486486 2.000000 0.595245
0.567568 0.000000 0.135871
0.567568 0.666667 0.295466
0.567568 1.333333 0.455061
0.567568 2.000000 0.614655
0.648649 0.000000 0.155281
0.648649 0.666667 0.314876
0.648649 1.333333 0.474471
0.648649 2.000000 0.634065
0.729730 0.000000 0.174691
0.729730 0.666667 0.334286
0.729730 1.333333 0.493881
0.729730 2.000000 0.653476
0.810811 0.000000 0.194102
0.810811 0.666667 0.353696
0.810811 1.333333 0.513291
0.810811 2.000000 0.672886
0.891892 0.000000 0.213512
0.891892 0.666667 0.373107
0.891892 1.333333 0.532701
0.891892 2.000000 0.692296
0.972973 0.000000 0.232922
0.972973 0.666667 0.392517
0.972973 1.333333 0.552111
0.972973 2.000000 0.711706
1.054054 0.000000 0.252332
1.054054 0.666667 0.411927
1.054054 1.333333 0.571522
1.054054 2.000000 0.731116
1.135135 0.000000 0.271742
1.135135 0.666667 0.431337
1.135135 1.333333 0.590932
1.135135 2.000000 0.750526
1.216216 0.000000 0.291152
1.216216 0.666667 0.450747
1.216216 1.333333 0.610342
1.216216 2.000000 0.769937
1.297297 0.000000 0.310563
1.297297 0.666667 0.470157
1.297297 1.333333 0.629752
1.297297 2.000000 0.789347
1.378378 0.000000 0.329973
1.378378 0.666667 0.489568
1.378378 1.333333 0.649162
1.378378 2.000000 0.808757
1.459459 0.000000 0.349383
1.459459 0.666667 0.508978
1.459459 1.333333 0.668572
1.459459 2.000000 0.828167
1.540541 0.000000 0.368793
1.540541 0.666667 0.528388
1.540541 1.333333 0.687983
1.540541 2.000000 0.847577
1.621622 0.000000 0.388203
1.621622 0.666667 0.547798
1.621622 1.333333 0.707393
1.621622 2.000000 0.866987
1.702703 0.000000 0.407613
1.702703 0.666667 0.567208
1.702703 1.333333 0.726803
1.702703 2.000000 0.886398
1.783784 0.000000 0.427024
1.783784 0.666667 0.586618
1.783784 1.333333 0.746213
1.783784 2.000000 0.905808
1.864865 0.000000 0.446434
1.864865 0.666667 0.606029
1.864865 1.333333 0.765623
1.864865 2.000000 0.925218
1.945946 0.000000 0.465844
1.945946 0.666667 0.625439
1.945946 1.333333 0.785033
1.945946 2.000000 0.944628
2.027027 0.000000 0.485254
2.027027 0.666667 0.644849
2.027027 1.333333 0.804444
2.027027 2.000000 0.964038
2.108108 0.000000 0.504664
2.108108 0.666667 0.664259
2.108108 1.333333 0.823854
2.108108 2.000000 0.983448
2.189189 0.000000 0.524074
2.189189 0.666667 0.683669
2.189189 1.333333 0.843264
2.189189 2.000000 1.002859
2.270270 0.000000 0.543485
2.270270 0.666667 0.703079
2.270270 1.333333 0.862674
2.270270 2.000000 1.022269
2.351351 0.000000 0.562895
2.351351 0.666667 0.722490
2.351351 1.333333 0.882084
2.351351 2.000000 1.041679
2.432432 0.000000 0.582305
2.432432 0.666667 0.741900
2.432432 1.333333 0.901494
2.432432 2.000000 1.061089
2.513514 0.000000 0.601715
2.513514 0.666667 0.761310
2.513514 1.333333 0.920905
2.513514 2.000000 1.080499
2.594595 0.000000 0.621125
2.594595 0.666667 0.780720
2.594595 1.333333 0.940315
2.594595 2.000000 1.099909
2.675676 0.000000 0.640535
2.675676 0.666667 0.800130
2.675676 1.333333 0.959725
2.675676 2.000000 1.119320
2.756757 0.000000 0.659946
2.756757 0.666667 0.819540
2.756757 1.333333 0.979135
2.756757 2.000000 1.138730
2.837838 0.000000 0.679356
2.837838 0.666667 0.838951
2.837838 1.333333 0.998545
2.837838 2.000000 1.158140
2.918919 0.000000 0.698766
2.918919 0.666667 0.858361
2.918919 1.333333 1.017955
2.918919 2.000000 1.177550
3.000000 0.000000 0.718176
3.000000 0.666667 0.877771
3.000000 1.333333 1.037366
3.000000 2.000000 1.196960
