0.000000 0.000000 0.000000
0.000000 0.500000 0.108815
0.000000 1.000000 0.217629
0.000000 1.500000 0.326444
0.000000 2.000000 0.435258
0.081081 0.000000 0.017646
0.081081 0.500000 0.126460
0.081081 1.000000 0.235275
0.081081 1.500000 0.344089
0.081081 2.000000 0.452904
0.162162 0.000000 0.035291
0.162162 0.500000 0.144106
0.162162 1.000000 0.252920
0.162162 1.500000 0.361735
0.162162 2.000000 0.470549
0.243243 0.000000 0.052937
0.243243 0.500000 0.161751
0.243243 1.000000 0.270566
0.243243 1.500000 0.379381
0.243243 2.000000 0.488195
0.324324 0.000000 0.070582
0.324324 0.500000 0.179397
0.324324 1.000000 0.288212
0.324324 1.500000 0.397026
0.324324 2.000000 0.505841
0.405405 0.000000 0.088228
0.405405 0.500000 0.197043
0.405405 1.000000 0.305857
0.405405 1.500000 0.414672
0.405405 2.000000 0.523486
0.486486 0.000000 0.105874
0.486486 0.500000 0.214688
0.486486 1.000000 0.323503
0.486486 1.500000 0.432317
0.486486 2.000000 0.541132
0.567568 0.000000 0.123519
0.567568 0.500000 0.232334
0.567568 1.000000 0.341148
0.567568 1.500000 0.449963
0.567568 2.000000 0.558778
0.648649 0.000000 0.141165
0.648649 0.500000 0.249979
0.648649 1.000000 0.358794
0.648649 1.500000 0.467609
0.648649 2.000000 0.576423
0.729730 0.000000 0.158810
0.729730 0.500000 0.267625
0.729730 1.000000 0.376440
0.729730 1.500000 0.485254
0.729730 2.000000 0.594069
0.810811 0.000000 0.176456
0.810811 0.500000 0.285271
0.810811 1.000000 0.394085
0.810811 1.500000 0.502900
0.810811 2.000000 0.611714
0.891892 0.000000 0.194102
0.891892 0.500000 0.302916
0.891892 1.000000 0.411731
0.891892 1.500000 0.520545
0.891892 2.000000 0.629360
0.972973 0.000000 0.211747
0.972973 0.500000 0.320562
0.972973 1.000000 0.429376
0.972973 1.500000 0.538191
0.972973 2.000000 0.647006
1.054054 0.000000 0.229393
1.054054 0.500000 0.338207
1.054054 1.000000 0.447022
1.054054 1.500000 0.555837
1.054054 2.000000 0.664651
1.135135 0.000000 0.247038
1.135135 0.500000 0.355853
1.135135 1.000000 0.464668
1.135135 1.500000 0.573482
1.135135 2.000000 0.682297
1.216216 0.000000 0.264684
1.216216 0.500000 0.373499
1.216216 1.000000 0.482313
1.216216 1.500000 0.591128
1.216216 2.000000 0.699942
1.297297 0.000000 0.282330
1.297297 0.500000 0.391144
1.297297 1.000000 0.499959
1.297297 1.500000 0.608773
1.297297 2.000000 0.717588
1.378378 0.000000 0.299975
1.378378 0.500000 0.408790
1.378378 1.000000 0.517604
1.378378 1.500000 0.626419
1.378378 2.000000 0.735234
1.459459 0.000000 0.317621
1.459459 0.500000 0.426435
1.459459 1.000000 0.535250
1.459459 1.500000 0.644065
1.459459 2.000000 0.752879
1.540541 0.000000 0.335267
1.540541 0.500000 0.444081
1.540541 1.000000 0.552896
1.540541 1.500000 0.661710
1.540541 2.000000 0.770525
1.621622 0.000000 0.352912
1.621622 0.500000 0.461727
1.621622 1.000000 0.570541
1.621622 1.500000 0.679356
1.621622 2.000000 0.788170
1.702703 0.000000 0.370558
1.702703 0.500000 0.479372
1.702703 1.000000 0.588187
1.702703 1.500000 0.697001
1.702703 2.000000 0.805816
1.783784 0.000000 0.388203
1.783784 0.500000 0.497018
1.783784 1.000000 0.605832
1.783784 1.500000 0.714647
1.783784 2.000000 0.823462
1.864865 0.000000 0.405849
1.864865 0.500000 0.514663
1.864865 1.000000 0.623478
1.864865 1.500000 0.732293
1.864865 2.000000 0.841107
1.945946 0.000000 0.423495
1.945946 0.500000 0.532309
1.945946 1.000000 0.641124
1.945946 1.500000 0.749938
1.945946 2.000000 0.858753
2.027027 0.000000 0.441140
2.027027 0.500000 0.549955
2.027027 1.000000 0.658769
2.027027 1.500000 0.767584
2.027027 2.000000 0.876398
2.108108 0.000000 0.458786
2.108108 0.500000 0.567600
2.108108 1.000000 0.676415
2.108108 1.500000 0.785229
2.108108 2.000000 0.894044
2.189189 0.000000 0.476431
2.189189 0.500000 0.585246
2.189189 1.000000 0.694060
2.189189 1.500000 0.802875
2.189189 2.000000 0.911690
2.270270 0.000000 0.494077
2.270270 0.500000 0.602892
2.270270 1.000000 0.711706
2.270270 1.500000 0.820521
2.270270 2.000000 0.929335
2.351351 0.000000 0.511723
2.351351 0.500000 0.620537
2.351351 1.000000 0.729352
2.351351 1.500000 0.838166
2.351351 2.000000 0.946981
2.432432 0.000000 0.529368
2.432432 0.500000 0.638183
2.432432 1.000000 0.746997
2.432432 1.500000 0.855812
2.432432 2.000000 0.964626
2.513514 0.000000 0.547014
2.513514 0.500000 0.655828
2.513514 1.000000 0.764643
2.513514 1.500000 0.873457
2.513514 2.000000 0.982272
2.594595 0.000000 0.564659
2.594595 0.500000 0.673474
2.594595 1.000000 0.782289
2.594595 1.500000 0.891103
2.594595 2.000000 0.999918
2.675676 0.000000 0.582305
2.675676 0.500000 0.691120
2.675676 1.000000 0.799934
2.675676 1.500000 0.908749
2.675676 2.000000 1.017563
2.756757 0.000000 0.599951
2.756757 0.500000 0.708765
2.756757 1.000000 0.817580
2.756757 1.500000 0.926394
2.756757 2.000000 1.035209
2.837838 0.000000 0.617596
2.837838 0.500000 0.726411
2.837838 1.000000 0.835225
2.837838 1.500000 0.944040
2.837838 2.000000 1.052854
2.918919 0.000000 0.635242
2.918919 0.500000 0.744056
2.918919 1.000000 0.852871
2.918919 1.500000 0.961686
2.918919 2.000000 1.070500
3.000000 0.000000 0.652887
3.000000 0.500000 0.761702
3.000000 1.000000 0.870517
3.000000 1.500000 0.979331
3.000000 2.000000 1.088146
