0.000000 0.000000 0.000000
0.000000 0.500000 0.098922
0.000000 1.000000 0.197845
0.000000 1.500000 0.296767
0.000000 2.000000 0.395689
0.081081 0.000000 0.016041
0.081081 0.500000 0.114964
0.081081 1.000000 0.213886
0.081081 1.500000 0.312808
0.081081 2.000000 0.411731
0.162162 0.000000 0.032083
0.162162 0.500000 0.131005
0.162162 1.000000 0.229928
0.162162 1.500000 0.328850
0.162162 2.000000 0.427772
0.243243 0.000000 0.048124
0.243243 0.500000 0.147047
0.243243 1.000000 0.245969
0.243243 1.500000 0.344891
0.243243 2.000000 0.443814
0.324324 0.000000 0.064166
0.324324 0.500000 0.163088
0.324324 1.000000 0.262011
0.324324 1.500000 0.360933
0.324324 2.000000 0.459855
0.405405 0.000000 0.080207
0.405405 0.500000 0.179130
0.405405 1.000000 0.278052
0.405405 1.500000 0.376974
0.405405 2.000000 0.475897
0.486486 0.000000 0.096249
0.486486 0.500000 0.195171
0.486486 1.000000 0.294093
0.486486 1.500000 0.393016
0.486486 2.000000 0.491938
0.567568 0.000000 0.112290
0.567568 0.500000 0.211213
0.567568 1.000000 0.310135
0.567568 1.500000 0.409057
0.567568 2.000000 0.507980
0.648649 0.000000 0.128332
0.648649 0.500000 0.227254
0.648649 1.000000 0.326176
0.648649 1.500000 0.425099
0.648649 2.000000 0.524021
0.729730 0.000000 0.144373
0.729730 0.500000 0.243295
0.729730 1.000000 0.342218
0.729730 1.500000 0.441140
0.729730 2.000000 0.540062
0.810811 0.000000 0.160415
0.810811 0.500000 0.259337
0.810811 1.000000 0.358259
0.810811 1.500000 0.457182
0.810811 2.000000 0.556104
0.891892 0.000000 0.176456
0.891892 0.500000 0.275378
0.891892 1.000000 0.374301
0.891892 1.500000 0.473223
0.891892 2.000000 0.572145
0.972973 0.000000 0.192498
0.972973 0.500000 0.291420
0.972973 1.000000 0.390342
0.972973 1.500000 0.489265
0.972973 2.000000 0.588187
1.054054 0.000000 0.208539
1.054054 0.500000 0.307461
1.054054 1.000000 0.406384
1.054054 1.500000 0.505306
1.054054 2.000000 0.604228
1.135135 0.000000 0.224580
1.135135 0.500000 0.323503
1.135135 1.000000 0.422425
1.135135 1.500000 0.521347
1.135135 2.000000 0.620270
1.216216 0.000000 0.240622
1.216216 0.500000 0.339544
1.216216 1.000000 0.438467
1.216216 1.500000 0.537389
1.216216 2.000000 0.636311
1.297297 0.000000 0.256663
1.297297 0.500000 0.355586
1.297297 1.000000 0.454508
1.297297 1.500000 0.553430
1.297297 2.000000 0.652353
1.378378 0.000000 0.272705
1.378378 0.500000 0.371627
1.378378 1.000000 0.470549
1.378378 1.500000 0.569472
1.378378 2.000000 0.668394
1.459459 0.000000 0.288746
1.459459 0.500000 0.387669
1.459459 1.000000 0.486591
1.459459 1.500000 0.585513
1.459459 2.000000 0.684436
1.540541 0.000000 0.304788
1.540541 0.500000 0.403710
1.540541 1.000000 0.502632
1.540541 1.500000 0.601555
1.540541 2.000000 0.700477
1.621622 0.000000 0.320829
1.621622 0.500000 0.419752
1.621622 1.000000 0.518674
1.621622 1.500000 0.617596
1.621622 2.000000 0.716519
1.702703 0.000000 0.336871
1.702703 0.500000 0.435793
1.702703 1.000000 0.534715
1.702703 1.500000 0.633638
1.702703 2.000000 0.732560
1.783784 0.000000 0.352912
1.783784 0.500000 0.451834
1.783784 1.000000 0.550757
1.783784 1.500000 0.649679
1.783784 2.000000 0.748601
1.864865 0.000000 0.368954
1.864865 0.500000 0.467876
1.864865 1.000000 0.566798
1.864865 1.500000 0.665721
1.864865 2.000000 0.764643
1.945946 0.000000 0.384995
1.945946 0.500000 0.483917
1.945946 1.000000 0.582840
1.945946 1.500000 0.681762
1.945946 2.000000 0.780684
2.027027 0.000000 0.401036
2.027027 0.500000 0.499959
2.027027 1.000000 0.598881
2.027027 1.500000 0.697803
2.027027 2.000000 0.796726
2.108108 0.000000 0.417078
2.108108 0.500000 0.516000
2.108108 1.000000 0.614923
2.108108 1.500000 0.713845
2.108108 2.000000 0.812767
2.189189 0.000000 0.433119
2.189189 0.500000 0.532042
2.189189 1.000000 0.630964
2.189189 1.500000 0.729886
2.189189 2.000000 0.828809
2.270270 0.000000 0.449161
2.270270 0.500000 0.548083
2.270270 1.000000 0.647006
2.270270 1.500000 0.745928
2.270270 2.000000 0.844850
2.351351 0.000000 0.465202
2.351351 0.500000 0.564125
2.351351 1.000000 0.663047
2.351351 1.500000 0.761969
2.351351 2.000000 0.860892
2.432432 0.000000 0.481244
2.432432 0.500000 0.580166
2.432432 1.000000 0.679088
2.432432 1.500000 0.778011
2.432432 2.000000 0.876933
2.513514 0.000000 0.497285
2.513514 0.500000 0.596208
2.513514 1.000000 0.695130
2.513514 1.500000 0.794052
2.513514 2.000000 0.892975
2.594595 0.000000 0.513327
2.594595 0.500000 0.612249
2.594595 1.000000 0.711171
2.594595 1.500000 0.810094
2.594595 2.000000 0.909016
2.675676 0.000000 0.529368
2.675676 0.500000 0.628291
2.675676 1.000000 0.727213
2.675676 1.500000 0.826135
2.675676 2.000000 0.925058
2.756757 0.000000 0.545410
2.756757 0.500000 0.644332
2.756757 1.000000 0.743254
2.756757 1.500000 0.842177
2.756757 2.000000 0.941099
2.837838 0.000000 0.561451
2.837838 0.500000 0.660373
2.837838 1.000000 0.759296
2.837838 1.500000 0.858218
2.837838 2.000000 0.957140
2.918919 0.000000 0.577493
2.918919 0.500000 0.676415
2.918919 1.000000 0.775337
2.918919 1.500000 0.874260
2.918919 2.000000 0.973182
3.000000 0.000000 0.593534
3.000000 0.500000 0.692456
3.000000 1.000000 0.791379
3.000000 1.500000 0.890301
3.000000 2.000000 0.989223
