0.000000 0.000000 0.000000
0.000000 0.666667 0.119906
0.000000 1.333333 0.239812
0.000000 2.000000 0.359718
0.081081 0.000000 0.014583
0.081081 0.666667 0.134489
0.081081 1.333333 0.254395
0.081081 2.000000 0.374301
0.162162 0.000000 0.029166
0.162162 0.666667 0.149072
0.162162 1.333333 0.268978
0.162162 2.000000 0.388884
0.243243 0.000000 0.043749
0.243243 0.666667 0.163655
0.243243 1.333333 0.283561
0.243243 2.000000 0.403467
0.324324 0.000000 0.058333
0.324324 0.666667 0.178238
0.324324 1.333333 0.298144
0.324324 2.000000 0.418050
0.405405 0.000000 0.072916
0.405405 0.666667 0.192822
0.405405 1.333333 0.312727
0.405405 2.000000 0.432633
0.486486 0.000000 0.087499
0.486486 0.666667 0.207405
0.486486 1.333333 0.327311
0.486486 2.000000 0.447216
0.567568 0.000000 0.102082
0.567568 0.666667 0.221988
0.567568 1.333333 0.341894
0.567568 2.000000 0.461800
0.648649 0.000000 0.116665
0.648649 0.666667 0.236571
0.648649 1.333333 0.356477
0.648649 2.000000 0.476383
0.729730 0.000000 0.131248
0.729730 0.666667 0.251154
0.729730 1.333333 0.371060
0.729730 2.000000 0.490966
0.810811 0.000000 0.145831
0.810811 0.666667 0.265737
0.810811 1.333333 0.385643
0.810811 2.000000 0.505549
0.891892 0.000000 0.160415
0.891892 0.666667 0.280320
0.891892 1.333333 0.400226
0.891892 2.000000 0.520132
0.972973 0.000000 0.174998
0.972973 0.666667 0.294904
0.972973 1.333333 0.414809
0.972973 2.000000 0.534715
1.054054 0.000000 0.189581
1.054054 0.666667 0.309487
1.054054 1.333333 0.429393
1.054054 2.000000 0.549298
1.135135 0.000000 0.204164
1.135135 0.666667 0.324070
1.135135 1.333333 0.443976
1.135135 2.000000 0.563882
1.216216 0.000000 0.218747
1.216216 0.666667 0.338653
1.216216 1.333333 0.458559
1.216216 2.000000 0.578465
1.297297 0.000000 0.233330
1.297297 0.666667 0.353236
1.297297 1.333333 0.473142
1.297297 2.000000 0.593048
1.378378 0.000000 0.247913
1.378378 0.666667 0.367819
1.378378 1.333333 0.487725
1.378378 2.000000 0.607631
1.459459 0.000000 0.262497
1.459459 0.666667 0.382402
1.459459 1.333333 0.502308
1.459459 2.000000 0.622214
1.540541 0.000000 0.277080
1.540541 0.666667 0.396986
1.540541 1.333333 0.516891
1.540541 2.000000 0.636797
1.621622 0.000000 0.291663
1.621622 0.666667 0.411569
1.621622 1.333333 0.531475
1.621622 2.000000 0.651380
1.702703 0.000000 0.306246
1.702703 0.666667 0.426152
1.702703 1.333333 0.546058
1.702703 2.000000 0.665964
1.783784 0.000000 0.320829
1.783784 0.666667 0.440735
1.783784 1.333333 0.560641
1.783784 2.000000 0.680547
1.864865 0.000000 0.335412
1.864865 0.666667 0.455318
1.864865 1.333333 0.575224
1.864865 2.000000 0.695130
1.945946 0.000000 0.349995
1.945946 0.666667 0.469901
1.945946 1.333333 0.589807
1.945946 2.000000 0.709713
2.027027 0.000000 0.364579
2.027027 0.666667 0.484484
2.027027 1.333333 0.604390
2.027027 2.000000 0.724296
2.108108 0.000000 0.379162
2.108108 0.666667 0.499068
2.108108 1.333333 0.618973
2.108108 2.000000 0.738879
2.189189 0.000000 0.393745
2.189189 0.666667 0.513651
2.189189 1.333333 0.633557
2.189189 2.000000 0.753462
2.270270 0.000000 0.408328
2.270270 0.666667 0.528234
2.270270 1.333333 0.648140
2.270270 2.000000 0.768046
2.351351 0.000000 0.422911
2.351351 0.666667 0.542817
2.351351 1.333333 0.662723
2.351351 2.000000 0.782629
2.432432 0.000000 0.437494
2.432432 0.666667 0.557400
2.432432 1.333333 0.677306
2.432432 2.000000 0.797212
2.513514 0.000000 0.452077
2.513514 0.666667 0.571983
2.513514 1.333333 0.691889
2.513514 2.000000 0.811795
2.594595 0.000000 0.466661
2.594595 0.666667 0.586567
2.594595 1.333333 0.706472
2.594595 2.000000 0.826378
2.675676 0.000000 0.481244
2.675676 0.666667 0.601150
2.675676 1.333333 0.721056
2.675676 2.000000 0.840961
2.756757 0.000000 0.495827
2.756757 0.666667 0.615733
2.756757 1.333333 0.735639
2.756757 2.000000 0.855545
2.837838 0.000000 0.510410
2.837838 0.666667 0.630316
2.837838 1.333333 0.750222
2.837838 2.000000 0.870128
2.918919 0.000000 0.524993
2.918919 0.666667 0.644899
2.918919 1.333333 0.764805
2.918919 2.000000 0.884711
3.000000 0.000000 0.539576
3.000000 0.666667 0.659482
3.000000 1.333333 0.779388
3.000000 2.000000 0.899294
