0.000000 0.000000 0.000000
0.000000 0.500000 0.081754
0.000000 1.000000 0.163508
0.000000 1.500000 0.245262
0.000000 2.000000 0.327016
0.081081 0.000000 0.013257
0.081081 0.500000 0.095011
0.081081 1.000000 0.176765
0.081081 1.500000 0.258519
0.081081 2.000000 0.340273
0.162162 0.000000 0.026515
0.162162 0.500000 0.108269
0.162162 1.000000 0.190023
0.162162 1.500000 0.271777
0.162162 2.000000 0.353531
0.243243 0.000000 0.039772
0.243243 0.500000 0.121526
0.243243 1.000000 0.203280
0.243243 1.500000 0.285034
0.243243 2.000000 0.366788
0.324324 0.000000 0.053030
0.324324 0.500000 0.134784
0.324324 1.000000 0.216538
0.324324 1.500000 0.298292
0.324324 2.000000 0.380046
0.405405 0.000000 0.066287
0.405405 0.500000 0.148041
0.405405 1.000000 0.229795
0.405405 1.500000 0.311549
0.405405 2.000000 0.393303
0.486486 0.000000 0.079544
0.486486 0.500000 0.161298
0.486486 1.000000 0.243052
0.486486 1.500000 0.324806
0.486486 2.000000 0.406560
0.567568 0.000000 0.092802
0.567568 0.500000 0.174556
0.567568 1.000000 0.256310
0.567568 1.500000 0.338064
0.567568 2.000000 0.419818
0.648649 0.000000 0.106059
0.648649 0.500000 0.187813
0.648649 1.000000 0.269567
0.648649 1.500000 0.351321
0.648649 2.000000 0.433075
0.729730 0.000000 0.119317
0.729730 0.500000 0.201071
0.729730 1.000000 0.282825
0.729730 1.500000 0.364579
0.729730 2.000000 0.446333
0.810811 0.000000 0.132574
0.810811 0.500000 0.214328
0.810811 1.000000 0.296082
0.810811 1.500000 0.377836
0.810811 2.000000 0.459590
0.891892 0.000000 0.145831
0.891892 0.500000 0.227585
0.891892 1.000000 0.309339
0.891892 1.500000 0.391093
0.891892 2.000000 0.472847
0.972973 0.000000 0.159089
0.972973 0.500000 0.240843
0.972973 1.000000 0.322597
0.972973 1.500000 0.404351
0.972973 2.000000 0.486105
1.054054 0.000000 0.172346
1.054054 0.500000 0.254100
1.054054 1.000000 0.335854
1.054054 1.500000 0.417608
1.054054 2.000000 0.499362
1.135135 0.000000 0.185604
1.135135 0.500000 0.267358
1.135135 1.000000 0.349112
1.135135 1.500000 0.430866
1.135135 2.000000 0.512620
1.216216 0.000000 0.198861
1.216216 0.500000 0.280615
1.216216 1.000000 0.362369
1.216216 1.500000 0.444123
1.216216 2.000000 0.525877
1.297297 0.000000 0.212118
1.297297 0.500000 0.293872
1.297297 1.000000 0.375626
1.297297 1.500000 0.457380
1.297297 2.000000 0.539134
1.378378 0.000000 0.225376
1.378378 0.500000 0.307130
1.378378 1.000000 0.388884
1.378378 1.500000 0.470638
1.378378 2.000000 0.552392
1.459459 0.000000 0.238633
1.459459 0.500000 0.320387
1.459459 1.000000 0.402141
1.459459 1.500000 0.483895
1.459459 2.000000 0.565649
1.540541 0.000000 0.251891
1.540541 0.500000 0.333645
1.540541 1.000000 0.415399
1.540541 1.500000 0.497153
1.540541 2.000000 0.578907
1.621622 0.000000 0.265148
1.621622 0.500000 0.346902
1.621622 1.000000 0.428656
1.621622 1.500000 0.510410
1.621622 2.000000 0.592164
1.702703 0.000000 0.278405
1.702703 0.500000 0.360159
1.702703 1.000000 0.441913
1.702703 1.500000 0.523667
1.702703 2.000000 0.605421
1.783784 0.000000 0.291663
1.783784 0.500000 0.373417
1.783784 1.000000 0.455171
1.783784 1.500000 0.536925
1.783784 2.000000 0.618679
1.864865 0.000000 0.304920
1.864865 0.500000 0.386674
1.864865 1.000000 0.468428
1.864865 1.500000 0.550182
1.864865 2.000000 0.631936
1.945946 0.000000 0.318178
1.945946 0.500000 0.399932
1.945946 1.000000 0.481686
1.945946 1.500000 0.563440
1.945946 2.000000 0.645194
2.027027 0.000000 0.331435
2.027027 0.500000 0.413189
2.027027 1.000000 0.494943
2.027027 1.500000 0.576697
2.027027 2.000000 0.658451
2.108108 0.000000 0.344693
2.108108 0.500000 0.426447
2.108108 1.000000 0.508201
2.108108 1.500000 0.589955
2.108108 2.000000 0.671709
2.189189 0.000000 0.357950
2.189189 0.500000 0.439704
2.189189 1.000000 0.521458
2.189189 1.500000 0.603212
2.189189 2.000000 0.684966
2.270270 0.000000 0.371207
2.270270 0.500000 0.452961
2.270270 1.000000 0.534715
2.270270 1.500000 0.616469
2.270270 2.000000 0.698223
2.351351 0.000000 0.384465
2.351351 0.500000 0.466219
2.351351 1.000000 0.547973
2.351351 1.500000 0.629727
2.351351 2.000000 0.711481
2.432432 0.000000 0.397722
2.432432 0.500000 0.479476
2.432432 1.000000 0.561230
2.432432 1.500000 0.642984
2.432432 2.000000 0.724738
2.513514 0.000000 0.410980
2.513514 0.500000 0.492734
2.513514 1.000000 0.574488
2.513514 1.500000 0.656242
2.513514 2.000000 0.737996
2.594595 0.000000 0.424237
2.594595 0.500000 0.505991
2.594595 1.000000 0.587745
2.594595 1.500000 0.669499
2.594595 2.000000 0.751253
2.675676 0.000000 0.437494
2.675676 0.500000 0.519248
2.675676 1.000000 0.601002
2.675676 1.500000 0.682756
2.675676 2.000000 0.764510
2.756757 0.000000 0.450752
2.756757 0.500000 0.532506
2.756757 1.000000 0.614260
2.756757 1.500000 0.696014
2.756757 2.000000 0.777768
2.837838 0.000000 0.464009
2.837838 0.500000 0.545763
2.837838 1.000000 0.627517
2.837838 1.500000 0.709271
2.837838 2.000000 0.791025
2.918919 0.000000 0.477267
2.918919 0.500000 0.559021
2.918919 1.000000 0.640775
2.918919 1.500000 0.722529
2.918919 2.000000 0.804283
3.000000 0.000000 0.490524
3.000000 0.500000 0.572278
3.000000 1.000000 0.654032
3.000000 1.500000 0.735786
3.000000 2.000000 0.817540
