0.000000 0.000000 0.000000
0.000000 0.085106 0.000000
0.000000 0.170213 0.000000
0.000000 0.255319 0.000000
0.000000 0.340426 0.000000
0.000000 0.425532 0.000000
0.000000 0.510638 0.000000
0.000000 0.595745 0.000000
0.000000 0.680851 0.000000
0.000000 0.765957 0.000000
0.000000 0.851064 0.000000
0.000000 0.936170 0.000000
0.000000 1.021277 0.000000
0.000000 1.106383 0.000000
0.000000 1.191489 0.000000
0.000000 1.276596 0.000000
0.000000 1.361702 0.000000
0.000000 1.446809 0.000000
0.000000 1.531915 0.000000
0.000000 1.617021 0.000000
0.000000 1.702128 0.000000
0.000000 1.787234 0.000000
0.000000 1.872340 0.000000
0.000000 1.957447 0.000000
0.000000 2.042553 0.000000
0.000000 2.127660 0.000000
0.000000 2.212766 0.000000
0.000000 2.297872 0.000000
0.000000 2.382979 0.000000
0.000000 2.468085 0.000000
0.000000 2.553191 0.000000
0.000000 2.638298 0.000000
0.000000 2.723404 0.000000
0.000000 2.808511 0.000000
0.000000 2.893617 0.000000
0.000000 2.978723 0.000000
0.000000 3.063830 0.000000
0.000000 3.148936 0.000000
0.000000 3.234043 0.000000
0.000000 3.319149 0.000000
0.000000 3.404255 0.000000
0.000000 3.489362 0.000000
0.000000 3.574468 0.000000
0.000000 3.659574 0.000000
0.000000 3.744681 0.000000
0.000000 3.829787 0.000000
0.000000 3.914894 0.000000
0.000000 4.000000 0.000000
0.076923 0.000000 0.000000
0.076923 0.085106 0.133909
0.076923 0.170213 0.204244
0.076923 0.255319 0.274580
0.076923 0.340426 0.344916
0.076923 0.425532 0.415252
0.076923 0.510638 0.485588
0.076923 0.595745 0.555924
0.076923 0.680851 0.626260
0.076923 0.765957 0.696595
0.076923 0.851064 0.766931
0.076923 0.936170 0.837267
0.076923 1.021277 0.907603
0.076923 1.106383 0.977939
0.076923 1.191489 1.048275
0.076923 1.276596 1.118611
0.076923 1.361702 1.188946
0.076923 1.446809 1.259282
0.076923 1.531915 1.329618
0.076923 1.617021 1.399954
0.076923 1.702128 1.470290
0.076923 1.787234 1.540626
0.076923 1.872340 1.610962
0.076923 1.957447 1.681297
0.076923 2.042553 1.751633
0.076923 2.127660 1.821969
0.076923 2.212766 1.892305
0.076923 2.297872 1.962641
0.076923 2.382979 2.032977
0.076923 2.468085 2.103313
0.076923 2.553191 2.173648
0.076923 2.638298 2.243984
0.076923 2.723404 2.314320
0.076923 2.808511 2.384656
0.076923 2.893617 2.454992
0.076923 2.978723 2.525328
0.076923 3.063830 2.595664
0.076923 3.148936 2.665999
0.076923 3.234043 2.736335
0.076923 3.319149 2.806671
0.076923 3.404255 2.877007
0.076923 3.489362 2.947343
0.076923 3.574468 3.017679
0.076923 3.659574 3.088015
0.076923 3.744681 3.158350
0.076923 3.829787 3.228686
0.076923 3.914894 3.299022
0.076923 4.000000 0.000000
0.153846 0.000000 0.000000
0.153846 0.085106 0.197481
0.153846 0.170213 0.267817
0.153846 0.255319 0.338153
0.153846 0.340426 0.408489
0.153846 0.425532 0.478825
0.153846 0.510638 0.549161
0.153846 0.595745 0.619497
0.153846 0.680851 0.689832
0.153846 0.765957 0.760168
0.153846 0.851064 0.830504
0.153846 0.936170 0.900840
0.153846 1.021277 0.971176
0.153846 1.106383 1.041512
0.153846 1.191489 1.111848
0.153846 1.276596 1.182183
0.153846 1.361702 1.252519
0.153846 1.446809 1.322855
0.153846 1.531915 1.393191
0.153846 1.617021 1.463527
0.153846 1.702128 1.533863
0.153846 1.787234 1.604199
0.153846 1.872340 1.674534
0.153846 1.957447 1.744870
0.153846 2.042553 1.815206
0.153846 2.127660 1.885542
0.153846 2.212766 1.955878
0.153846 2.297872 2.026214
0.153846 2.382979 2.096549
0.153846 2.468085 2.166885
0.153846 2.553191 2.237221
0.153846 2.638298 2.307557
0.153846 2.723404 2.377893
0.153846 2.808511 2.448229
0.153846 2.893617 2.518565
0.153846 2.978723 2.588900
0.153846 3.063830 2.659236
0.153846 3.148936 2.729572
0.153846 3.234043 2.799908
0.153846 3.319149 2.870244
0.153846 3.404255 2.940580
0.153846 3.489362 3.010916
0.153846 3.574468 3.081251
0.153846 3.659574 3.151587
0.153846 3.744681 3.221923
0.153846 3.829787 3.292259
0.153846 3.914894 3.362595
0.153846 4.000000 0.000000
0.230769 0.000000 0.000000
0.230769 0.085106 0.261054
0.230769 0.170213 0.331390
0.230769 0.255319 0.401726
0.230769 0.340426 0.472062
0.230769 0.425532 0.542398
0.230769 0.510638 0.612733
0.230769 0.595745 0.683069
0.230769 0.680851 0.753405
0.230769 0.765957 0.823741
0.230769 0.851064 0.894077
0.230769 0.936170 0.964413
0.230769 1.021277 1.034749
0.230769 1.106383 1.105084
0.230769 1.191489 1.175420
0.230769 1.276596 1.245756
0.230769 1.361702 1.316092
0.230769 1.446809 1.386428
0.230769 1.531915 1.456764
0.230769 1.617021 1.527100
0.230769 1.702128 1.597435
0.230769 1.787234 1.667771
0.230769 1.872340 1.738107
0.230769 1.957447 1.808443
0.230769 2.042553 1.878779
0.230769 2.127660 1.949115
0.230769 2.212766 2.019451
0.230769 2.297872 2.089786
0.230769 2.382979 2.160122
0.230769 2.468085 2.230458
0.230769 2.553191 2.300794
0.230769 2.638298 2.371130
0.230769 2.723404 2.441466
0.230769 2.808511 2.511802
0.230769 2.893617 2.582137
0.230769 2.978723 2.652473
0.230769 3.063830 2.722809
0.230769 3.148936 2.793145
0.230769 3.234043 2.863481
0.230769 3.319149 2.933817
0.230769 3.404255 3.004153
0.230769 3.489362 3.074488
0.230769 3.574468 3.144824
0.230769 3.659574 3.215160
0.230769 3.744681 3.285496
0.230769 3.829787 3.355832
0.230769 3.914894 3.426168
0.230769 4.000000 0.000000
0.307692 0.000000 0.000000
0.307692 0.085106 0.324627
0.307692 0.170213 0.394963
0.307692 0.255319 0.465299
0.307692 0.340426 0.535635
0.307692 0.425532 0.605970
0.307692 0.510638 0.676306
0.307692 0.595745 0.746642
0.307692 0.680851 0.816978
0.307692 0.765957 0.887314
0.307692 0.851064 0.957650
0.307692 0.936170 1.027986
0.307692 1.021277 1.098321
0.307692 1.106383 1.168657
0.307692 1.191489 1.238993
0.307692 1.276596 1.309329
0.307692 1.361702 1.379665
0.307692 1.446809 1.450001
0.307692 1.531915 1.520337
0.307692 1.617021 1.590672
0.307692 1.702128 1.661008
0.307692 1.787234 1.731344
0.307692 1.872340 1.801680
0.307692 1.957447 1.872016
0.307692 2.042553 1.942352
0.307692 2.127660 2.012688
0.307692 2.212766 2.083023
0.307692 2.297872 2.153359
0.307692 2.382979 2.223695
0.307692 2.468085 2.294031
0.307692 2.553191 2.364367
0.307692 2.638298 2.434703
0.307692 2.723404 2.505038
0.307692 2.808511 2.575374
0.307692 2.893617 2.645710
0.307692 2.978723 2.716046
0.307692 3.063830 2.786382
0.307692 3.148936 2.856718
0.307692 3.234043 2.927054
0.307692 3.319149 2.997389
0.307692 3.404255 3.067725
0.307692 3.489362 3.138061
0.307692 3.574468 3.208397
0.307692 3.659574 3.278733
0.307692 3.744681 3.349069
0.307692 3.829787 3.419405
0.307692 3.914894 3.489740
0.307692 4.000000 0.000000
0.384615 0.000000 0.000000
0.384615 0.085106 0.388200
0.384615 0.170213 0.458536
0.384615 0.255319 0.528872
0.384615 0.340426 0.599207
0.384615 0.425532 0.669543
0.384615 0.510638 0.739879
0.384615 0.595745 0.810215
0.384615 0.680851 0.880551
0.384615 0.765957 0.950887
0.384615 0.851064 1.021222
0.384615 0.936170 1.091558
0.384615 1.021277 1.161894
0.384615 1.106383 1.232230
0.384615 1.191489 1.302566
0.384615 1.276596 1.372902
0.384615 1.361702 1.443238
0.384615 1.446809 1.513573
0.384615 1.531915 1.583909
0.384615 1.617021 1.654245
0.384615 1.702128 1.724581
0.384615 1.787234 1.794917
0.384615 1.872340 1.865253
0.384615 1.957447 1.935589
0.384615 2.042553 2.005924
0.384615 2.127660 2.076260
0.384615 2.212766 2.146596
0.384615 2.297872 2.216932
0.384615 2.382979 2.287268
0.384615 2.468085 2.357604
0.384615 2.553191 2.427940
0.384615 2.638298 2.498275
0.384615 2.723404 2.568611
0.384615 2.808511 2.638947
0.384615 2.893617 2.709283
0.384615 2.978723 2.779619
0.384615 3.063830 2.849955
0.384615 3.148936 2.920291
0.384615 3.234043 2.990626
0.384615 3.319149 3.060962
0.384615 3.404255 3.131298
0.384615 3.489362 3.201634
0.384615 3.574468 3.271970
0.384615 3.659574 3.342306
0.384615 3.744681 3.412642
0.384615 3.829787 3.482977
0.384615 3.914894 3.553313
0.384615 4.000000 0.000000
0.461538 0.000000 0.000000
0.461538 0.085106 0.451773
0.461538 0.170213 0.522108
0.461538 0.255319 0.592444
0.461538 0.340426 0.662780
0.461538 0.425532 0.733116
0.461538 0.510638 0.803452
0.461538 0.595745 0.873788
0.461538 0.680851 0.944124
0.461538 0.765957 1.014459
0.461538 0.851064 1.084795
0.461538 0.936170 1.155131
0.461538 1.021277 1.225467
0.461538 1.106383 1.295803
0.461538 1.191489 1.366139
0.461538 1.276596 1.436475
0.461538 1.361702 1.506810
0.461538 1.446809 1.577146
0.461538 1.531915 1.647482
0.461538 1.617021 1.717818
0.461538 1.702128 1.788154
0.461538 1.787234 1.858490
0.461538 1.872340 1.928826
0.461538 1.957447 1.999161
0.461538 2.042553 2.069497
0.461538 2.127660 2.139833
0.461538 2.212766 2.210169
0.461538 2.297872 2.280505
0.461538 2.382979 2.350841
0.461538 2.468085 2.421177
0.461538 2.553191 2.491512
0.461538 2.638298 2.561848
0.461538 2.723404 2.632184
0.461538 2.808511 2.702520
0.461538 2.893617 2.772856
0.461538 2.978723 2.843192
0.461538 3.063830 2.913527
0.461538 3.148936 2.983863
0.461538 3.234043 3.054199
0.461538 3.319149 3.124535
0.461538 3.404255 3.194871
0.461538 3.489362 3.265207
0.461538 3.574468 3.335543
0.461538 3.659574 3.405878
0.461538 3.744681 3.476214
0.461538 3.829787 3.546550
0.461538 3.914894 3.616886
0.461538 4.000000 0.000000
0.538462 0.000000 0.000000
0.538462 0.085106 0.515345
0.538462 0.170213 0.585681
0.538462 0.255319 0.656017
0.538462 0.340426 0.726353
0.538462 0.425532 0.796689
0.538462 0.510638 0.867025
0.538462 0.595745 0.937361
0.538462 0.680851 1.007696
0.538462 0.765957 1.078032
0.538462 0.851064 1.148368
0.538462 0.936170 1.218704
0.538462 1.021277 1.289040
0.538462 1.106383 1.359376
0.538462 1.191489 1.429711
0.538462 1.276596 1.500047
0.538462 1.361702 1.570383
0.538462 1.446809 1.640719
0.538462 1.531915 1.711055
0.538462 1.617021 1.781391
0.538462 1.702128 1.851727
0.538462 1.787234 1.922062
0.538462 1.872340 1.992398
0.538462 1.957447 2.062734
0.538462 2.042553 2.133070
0.538462 2.127660 2.203406
0.538462 2.212766 2.273742
0.538462 2.297872 2.344078
0.538462 2.382979 2.414413
0.538462 2.468085 2.484749
0.538462 2.553191 2.555085
0.538462 2.638298 2.625421
0.538462 2.723404 2.695757
0.538462 2.808511 2.766093
0.538462 2.893617 2.836429
0.538462 2.978723 2.906764
0.538462 3.063830 2.977100
0.538462 3.148936 3.047436
0.538462 3.234043 3.117772
0.538462 3.319149 3.188108
0.538462 3.404255 3.258444
0.538462 3.489362 3.328780
0.538462 3.574468 3.399115
0.538462 3.659574 3.469451
0.538462 3.744681 3.539787
0.538462 3.829787 3.610123
0.538462 3.914894 3.680459
0.538462 4.000000 0.000000
0.615385 0.000000 0.000000
0.615385 0.085106 0.578918
0.615385 0.170213 0.649254
0.615385 0.255319 0.719590
0.615385 0.340426 0.789926
0.615385 0.425532 0.860262
0.615385 0.510638 0.930597
0.615385 0.595745 1.000933
0.615385 0.680851 1.071269
0.615385 0.765957 1.141605
0.615385 0.851064 1.211941
0.615385 0.936170 1.282277
0.615385 1.021277 1.352613
0.615385 1.106383 1.422948
0.615385 1.191489 1.493284
0.615385 1.276596 1.563620
0.615385 1.361702 1.633956
0.615385 1.446809 1.704292
0.615385 1.531915 1.774628
0.615385 1.617021 1.844964
0.615385 1.702128 1.915299
0.615385 1.787234 1.985635
0.615385 1.872340 2.055971
0.615385 1.957447 2.126307
0.615385 2.042553 2.196643
0.615385 2.127660 2.266979
0.615385 2.212766 2.337315
0.615385 2.297872 2.407650
0.615385 2.382979 2.477986
0.615385 2.468085 2.548322
0.615385 2.553191 2.618658
0.615385 2.638298 2.688994
0.615385 2.723404 2.759330
0.615385 2.808511 2.829665
0.615385 2.893617 2.900001
0.615385 2.978723 2.970337
0.615385 3.063830 3.040673
0.615385 3.148936 3.111009
0.615385 3.234043 3.181345
0.615385 3.319149 3.251681
0.615385 3.404255 3.322016
0.615385 3.489362 3.392352
0.615385 3.574468 3.462688
0.615385 3.659574 3.533024
0.615385 3.744681 3.603360
0.615385 3.829787 3.673696
0.615385 3.914894 3.744032
0.615385 4.000000 0.000000
0.692308 0.000000 0.000000
0.692308 0.085106 0.642491
0.692308 0.170213 0.712827
0.692308 0.255319 0.783163
0.692308 0.340426 0.853499
0.692308 0.425532 0.923834
0.692308 0.510638 0.994170
0.692308 0.595745 1.064506
0.692308 0.680851 1.134842
0.692308 0.765957 1.205178
0.692308 0.851064 1.275514
0.692308 0.936170 1.345850
0.692308 1.021277 1.416185
0.692308 1.106383 1.486521
0.692308 1.191489 1.556857
0.692308 1.276596 1.627193
0.692308 1.361702 1.697529
0.692308 1.446809 1.767865
0.692308 1.531915 1.838200
0.692308 1.617021 1.908536
0.692308 1.702128 1.978872
0.692308 1.787234 2.049208
0.692308 1.872340 2.119544
0.692308 1.957447 2.189880
0.692308 2.042553 2.260216
0.692308 2.127660 2.330551
0.692308 2.212766 2.400887
0.692308 2.297872 2.471223
0.692308 2.382979 2.541559
0.692308 2.468085 2.611895
0.692308 2.553191 2.682231
0.692308 2.638298 2.752567
0.692308 2.723404 2.822902
0.692308 2.808511 2.893238
0.692308 2.893617 2.963574
0.692308 2.978723 3.033910
0.692308 3.063830 3.104246
0.692308 3.148936 3.174582
0.692308 3.234043 3.244918
0.692308 3.319149 3.315253
0.692308 3.404255 3.385589
0.692308 3.489362 3.455925
0.692308 3.574468 3.526261
0.692308 3.659574 3.596597
0.692308 3.744681 3.666933
0.692308 3.829787 3.737269
0.692308 3.914894 3.807604
0.692308 4.000000 0.000000
0.769231 0.000000 0.000000
0.769231 0.085106 0.706064
0.769231 0.170213 0.776400
0.769231 0.255319 0.846735
0.769231 0.340426 0.917071
0.769231 0.425532 0.987407
0.769231 0.510638 1.057743
0.769231 0.595745 1.128079
0.769231 0.680851 1.198415
0.769231 0.765957 1.268751
0.769231 0.851064 1.339086
0.769231 0.936170 1.409422
0.769231 1.021277 1.479758
0.769231 1.106383 1.550094
0.769231 1.191489 1.620430
0.769231 1.276596 1.690766
0.769231 1.361702 1.761102
0.769231 1.446809 1.831437
0.769231 1.531915 1.901773
0.769231 1.617021 1.972109
0.769231 1.702128 2.042445
0.769231 1.787234 2.112781
0.769231 1.872340 2.183117
0.769231 1.957447 2.253453
0.769231 2.042553 2.323788
0.769231 2.127660 2.394124
0.769231 2.212766 2.464460
0.769231 2.297872 2.534796
0.769231 2.382979 2.605132
0.769231 2.468085 2.675468
0.769231 2.553191 2.745804
0.769231 2.638298 2.816139
0.769231 2.723404 2.886475
0.769231 2.808511 2.956811
0.769231 2.893617 3.027147
0.769231 2.978723 3.097483
0.769231 3.063830 3.167819
0.769231 3.148936 3.238154
0.769231 3.234043 3.308490
0.769231 3.319149 3.378826
0.769231 3.404255 3.449162
0.769231 3.489362 3.519498
0.769231 3.574468 3.589834
0.769231 3.659574 3.660170
0.769231 3.744681 3.730505
0.769231 3.829787 3.800841
0.769231 3.914894 3.871177
0.769231 4.000000 0.000000
0.846154 0.000000 0.000000
0.846154 0.085106 0.769637
0.846154 0.170213 0.839972
0.846154 0.255319 0.910308
0.846154 0.340426 0.980644
0.846154 0.425532 1.050980
0.846154 0.510638 1.121316
0.846154 0.595745 1.191652
0.846154 0.680851 1.261988
0.846154 0.765957 1.332323
0.846154 0.851064 1.402659
0.846154 0.936170 1.472995
0.846154 1.021277 1.543331
0.846154 1.106383 1.613667
0.846154 1.191489 1.684003
0.846154 1.276596 1.754339
0.846154 1.361702 1.824674
0.846154 1.446809 1.895010
0.846154 1.531915 1.965346
0.846154 1.617021 2.035682
0.846154 1.702128 2.106018
0.846154 1.787234 2.176354
0.846154 1.872340 2.246689
0.846154 1.957447 2.317025
0.846154 2.042553 2.387361
0.846154 2.127660 2.457697
0.846154 2.212766 2.528033
0.846154 2.297872 2.598369
0.846154 2.382979 2.668705
0.846154 2.468085 2.739040
0.846154 2.553191 2.809376
0.846154 2.638298 2.879712
0.846154 2.723404 2.950048
0.846154 2.808511 3.020384
0.846154 2.893617 3.090720
0.846154 2.978723 3.161056
0.846154 3.063830 3.231391
0.846154 3.148936 3.301727
0.846154 3.234043 3.372063
0.846154 3.319149 3.442399
0.846154 3.404255 3.512735
0.846154 3.489362 3.583071
0.846154 3.574468 3.653407
0.846154 3.659574 3.723742
0.846154 3.744681 3.794078
0.846154 3.829787 3.864414
0.846154 3.914894 3.934750
0.846154 4.000000 0.000000
0.923077 0.000000 0.000000
0.923077 0.085106 0.833209
0.923077 0.170213 0.903545
0.923077 0.255319 0.973881
0.923077 0.340426 1.044217
0.923077 0.425532 1.114553
0.923077 0.510638 1.184889
0.923077 0.595745 1.255224
0.923077 0.680851 1.325560
0.923077 0.765957 1.395896
0.923077 0.851064 1.466232
0.923077 0.936170 1.536568
0.923077 1.021277 1.606904
0.923077 1.106383 1.677240
0.923077 1.191489 1.747575
0.923077 1.276596 1.817911
0.923077 1.361702 1.888247
0.923077 1.446809 1.958583
0.923077 1.531915 2.028919
0.923077 1.617021 2.099255
0.923077 1.702128 2.169591
0.923077 1.787234 2.239926
0.923077 1.872340 2.310262
0.923077 1.957447 2.380598
0.923077 2.042553 2.450934
0.923077 2.127660 2.521270
0.923077 2.212766 2.591606
0.923077 2.297872 2.661942
0.923077 2.382979 2.732277
0.923077 2.468085 2.802613
0.923077 2.553191 2.872949
0.923077 2.638298 2.943285
0.923077 2.723404 3.013621
0.923077 2.808511 3.083957
0.923077 2.893617 3.154293
0.923077 2.978723 3.224628
0.923077 3.063830 3.294964
0.923077 3.148936 3.365300
0.923077 3.234043 3.435636
0.923077 3.319149 3.505972
0.923077 3.404255 3.576308
0.923077 3.489362 3.646643
0.923077 3.574468 3.716979
0.923077 3.659574 3.787315
0.923077 3.744681 3.857651
0.923077 3.829787 3.927987
0.923077 3.914894 3.998323
0.923077 4.000000 0.000000
1.000000 0.000000 0.000000
1.000000 0.085106 0.896782
1.000000 0.170213 0.967118
1.000000 0.255319 1.037454
1.000000 0.340426 1.107790
1.000000 0.425532 1.178126
1.000000 0.510638 1.248461
1.000000 0.595745 1.318797
1.000000 0.680851 1.389133
1.000000 0.765957 1.459469
1.000000 0.851064 1.529805
1.000000 0.936170 1.600141
1.000000 1.021277 1.670477
1.000000 1.106383 1.740812
1.000000 1.191489 1.811148
1.000000 1.276596 1.881484
1.000000 1.361702 1.951820
1.000000 1.446809 2.022156
1.000000 1.531915 2.092492
1.000000 1.617021 2.162828
1.000000 1.702128 2.233163
1.000000 1.787234 2.303499
1.000000 1.872340 2.373835
1.000000 1.957447 2.444171
1.000000 2.042553 2.514507
1.000000 2.127660 2.584843
1.000000 2.212766 2.655178
1.000000 2.297872 2.725514
1.000000 2.382979 2.795850
1.000000 2.468085 2.866186
1.000000 2.553191 2.936522
1.000000 2.638298 3.006858
1.000000 2.723404 3.077194
1.000000 2.808511 3.147529
1.000000 2.893617 3.217865
1.000000 2.978723 3.288201
1.000000 3.063830 3.358537
1.000000 3.148936 3.428873
1.000000 3.234043 3.499209
1.000000 3.319149 3.569545
1.000000 3.404255 3.639880
1.000000 3.489362 3.710216
1.000000 3.574468 3.780552
1.000000 3.659574 3.850888
1.000000 3.744681 3.921224
1.000000 3.829787 3.991560
1.000000 3.914894 4.061896
1.000000 4.000000 0.000000
1.076923 0.000000 0.000000
1.076923 0.085106 0.960355
1.076923 0.170213 1.030691
1.076923 0.255319 1.101027
1.076923 0.340426 1.171362
1.076923 0.425532 1.241698
1.076923 0.510638 1.312034
1.076923 0.595745 1.382370
1.076923 0.680851 1.452706
1.076923 0.765957 1.523042
1.076923 0.851064 1.593378
1.076923 0.936170 1.663713
1.076923 1.021277 1.734049
1.076923 1.106383 1.804385
1.076923 1.191489 1.874721
1.076923 1.276596 1.945057
1.076923 1.361702 2.015393
1.076923 1.446809 2.085729
1.076923 1.531915 2.156064
1.076923 1.617021 2.226400
1.076923 1.702128 2.296736
1.076923 1.787234 2.367072
1.076923 1.872340 2.437408
1.076923 1.957447 2.507744
1.076923 2.042553 2.578080
1.076923 2.127660 2.648415
1.076923 2.212766 2.718751
1.076923 2.297872 2.789087
1.076923 2.382979 2.859423
1.076923 2.468085 2.929759
1.076923 2.553191 3.000095
1.076923 2.638298 3.070431
1.076923 2.723404 3.140766
1.076923 2.808511 3.211102
1.076923 2.893617 3.281438
1.076923 2.978723 3.351774
1.076923 3.063830 3.422110
1.076923 3.148936 3.492446
1.076923 3.234043 3.562782
1.076923 3.319149 3.633117
1.076923 3.404255 3.703453
1.076923 3.489362 3.773789
1.076923 3.574468 3.844125
1.076923 3.659574 3.914461
1.076923 3.744681 3.984797
1.076923 3.829787 4.055132
1.076923 3.914894 4.125468
1.076923 4.000000 0.000000
1.153846 0.000000 0.000000
1.153846 0.085106 1.023928
1.153846 0.170213 1.094264
1.153846 0.255319 1.164599
1.153846 0.340426 1.234935
1.153846 0.425532 1.305271
1.153846 0.510638 1.375607
1.153846 0.595745 1.445943
1.153846 0.680851 1.516279
1.153846 0.765957 1.586615
1.153846 0.851064 1.656950
1.153846 0.936170 1.727286
1.153846 1.021277 1.797622
1.153846 1.106383 1.867958
1.153846 1.191489 1.938294
1.153846 1.276596 2.008630
1.153846 1.361702 2.078966
1.153846 1.446809 2.149301
1.153846 1.531915 2.219637
1.153846 1.617021 2.289973
1.153846 1.702128 2.360309
1.153846 1.787234 2.430645
1.153846 1.872340 2.500981
1.153846 1.957447 2.571316
1.153846 2.042553 2.641652
1.153846 2.127660 2.711988
1.153846 2.212766 2.782324
1.153846 2.297872 2.852660
1.153846 2.382979 2.922996
1.153846 2.468085 2.993332
1.153846 2.553191 3.063667
1.153846 2.638298 3.134003
1.153846 2.723404 3.204339
1.153846 2.808511 3.274675
1.153846 2.893617 3.345011
1.153846 2.978723 3.415347
1.153846 3.063830 3.485683
1.153846 3.148936 3.556018
1.153846 3.234043 3.626354
1.153846 3.319149 3.696690
1.153846 3.404255 3.767026
1.153846 3.489362 3.837362
1.153846 3.574468 3.907698
1.153846 3.659574 3.978034
1.153846 3.744681 4.048369
1.153846 3.829787 4.118705
1.153846 3.914894 4.189041
1.153846 4.000000 0.000000
1.230769 0.000000 0.000000
1.230769 0.085106 1.087501
1.230769 0.170213 1.157836
1.230769 0.255319 1.228172
1.230769 0.340426 1.298508
1.230769 0.425532 1.368844
1.230769 0.510638 1.439180
1.230769 0.595745 1.509516
1.230769 0.680851 1.579851
1.230769 0.765957 1.650187
1.230769 0.851064 1.720523
1.230769 0.936170 1.790859
1.230769 1.021277 1.861195
1.230769 1.106383 1.931531
1.230769 1.191489 2.001867
1.230769 1.276596 2.072202
1.230769 1.361702 2.142538
1.230769 1.446809 2.212874
1.230769 1.531915 2.283210
1.230769 1.617021 2.353546
1.230769 1.702128 2.423882
1.230769 1.787234 2.494218
1.230769 1.872340 2.564553
1.230769 1.957447 2.634889
1.230769 2.042553 2.705225
1.230769 2.127660 2.775561
1.230769 2.212766 2.845897
1.230769 2.297872 2.916233
1.230769 2.382979 2.986569
1.230769 2.468085 3.056904
1.230769 2.553191 3.127240
1.230769 2.638298 3.197576
1.230769 2.723404 3.267912
1.230769 2.808511 3.338248
1.230769 2.893617 3.408584
1.230769 2.978723 3.478920
1.230769 3.063830 3.549255
1.230769 3.148936 3.619591
1.230769 3.234043 3.689927
1.230769 3.319149 3.760263
1.230769 3.404255 3.830599
1.230769 3.489362 3.900935
1.230769 3.574468 3.971271
1.230769 3.659574 4.041606
1.230769 3.744681 4.111942
1.230769 3.829787 4.182278
1.230769 3.914894 4.252614
1.230769 4.000000 0.000000
1.307692 0.000000 0.000000
1.307692 0.085106 1.151073
1.307692 0.170213 1.221409
1.307692 0.255319 1.291745
1.307692 0.340426 1.362081
1.307692 0.425532 1.432417
1.307692 0.510638 1.502753
1.307692 0.595745 1.573088
1.307692 0.680851 1.643424
1.307692 0.765957 1.713760
1.307692 0.851064 1.784096
1.307692 0.936170 1.854432
1.307692 1.021277 1.924768
1.307692 1.106383 1.995104
1.307692 1.191489 2.065439
1.307692 1.276596 2.135775
1.307692 1.361702 2.206111
1.307692 1.446809 2.276447
1.307692 1.531915 2.346783
1.307692 1.617021 2.417119
1.307692 1.702128 2.487455
1.307692 1.787234 2.557790
1.307692 1.872340 2.628126
1.307692 1.957447 2.698462
1.307692 2.042553 2.768798
1.307692 2.127660 2.839134
1.307692 2.212766 2.909470
1.307692 2.297872 2.979805
1.307692 2.382979 3.050141
1.307692 2.468085 3.120477
1.307692 2.553191 3.190813
1.307692 2.638298 3.261149
1.307692 2.723404 3.331485
1.307692 2.808511 3.401821
1.307692 2.893617 3.472156
1.307692 2.978723 3.542492
1.307692 3.063830 3.612828
1.307692 3.148936 3.683164
1.307692 3.234043 3.753500
1.307692 3.319149 3.823836
1.307692 3.404255 3.894172
1.307692 3.489362 3.964507
1.307692 3.574468 4.034843
1.307692 3.659574 4.105179
1.307692 3.744681 4.175515
1.307692 3.829787 4.245851
1.307692 3.914894 4.316187
1.307692 4.000000 0.000000
1.384615 0.000000 0.000000
1.384615 0.085106 1.214646
1.384615 0.170213 1.284982
1.384615 0.255319 1.355318
1.384615 0.340426 1.425654
1.384615 0.425532 1.495990
1.384615 0.510638 1.566325
1.384615 0.595745 1.636661
1.384615 0.680851 1.706997
1.384615 0.765957 1.777333
1.384615 0.851064 1.847669
1.384615 0.936170 1.918005
1.384615 1.021277 1.988340
1.384615 1.106383 2.058676
1.384615 1.191489 2.129012
1.384615 1.276596 2.199348
1.384615 1.361702 2.269684
1.384615 1.446809 2.340020
1.384615 1.531915 2.410356
1.384615 1.617021 2.480691
1.384615 1.702128 2.551027
1.384615 1.787234 2.621363
1.384615 1.872340 2.691699
1.384615 1.957447 2.762035
1.384615 2.042553 2.832371
1.384615 2.127660 2.902707
1.384615 2.212766 2.973042
1.384615 2.297872 3.043378
1.384615 2.382979 3.113714
1.384615 2.468085 3.184050
1.384615 2.553191 3.254386
1.384615 2.638298 3.324722
1.384615 2.723404 3.395058
1.384615 2.808511 3.465393
1.384615 2.893617 3.535729
1.384615 2.978723 3.606065
1.384615 3.063830 3.676401
1.384615 3.148936 3.746737
1.384615 3.234043 3.817073
1.384615 3.319149 3.887409
1.384615 3.404255 3.957744
1.384615 3.489362 4.028080
1.384615 3.574468 4.098416
1.384615 3.659574 4.168752
1.384615 3.744681 4.239088
1.384615 3.829787 4.309424
1.384615 3.914894 4.379760
1.384615 4.000000 0.000000
1.461538 0.000000 0.000000
1.461538 0.085106 1.278219
1.461538 0.170213 1.348555
1.461538 0.255319 1.418891
1.461538 0.340426 1.489226
1.461538 0.425532 1.559562
1.461538 0.510638 1.629898
1.461538 0.595745 1.700234
1.461538 0.680851 1.770570
1.461538 0.765957 1.840906
1.461538 0.851064 1.911242
1.461538 0.936170 1.981577
1.461538 1.021277 2.051913
1.461538 1.106383 2.122249
1.461538 1.191489 2.192585
1.461538 1.276596 2.262921
1.461538 1.361702 2.333257
1.461538 1.446809 2.403593
1.461538 1.531915 2.473928
1.461538 1.617021 2.544264
1.461538 1.702128 2.614600
1.461538 1.787234 2.684936
1.461538 1.872340 2.755272
1.461538 1.957447 2.825608
1.461538 2.042553 2.895944
1.461538 2.127660 2.966279
1.461538 2.212766 3.036615
1.461538 2.297872 3.106951
1.461538 2.382979 3.177287
1.461538 2.468085 3.247623
1.461538 2.553191 3.317959
1.461538 2.638298 3.388294
1.461538 2.723404 3.458630
1.461538 2.808511 3.528966
1.461538 2.893617 3.599302
1.461538 2.978723 3.669638
1.461538 3.063830 3.739974
1.461538 3.148936 3.810310
1.461538 3.234043 3.880645
1.461538 3.319149 3.950981
1.461538 3.404255 4.021317
1.461538 3.489362 4.091653
1.461538 3.574468 4.161989
1.461538 3.659574 4.232325
1.461538 3.744681 4.302661
1.461538 3.829787 4.372996
1.461538 3.914894 4.443332
1.461538 4.000000 0.000000
1.538462 0.000000 0.000000
1.538462 0.085106 1.341792
1.538462 0.170213 1.412128
1.538462 0.255319 1.482463
1.538462 0.340426 1.552799
1.538462 0.425532 1.623135
1.538462 0.510638 1.693471
1.538462 0.595745 1.763807
1.538462 0.680851 1.834143
1.538462 0.765957 1.904479
1.538462 0.851064 1.974814
1.538462 0.936170 2.045150
1.538462 1.021277 2.115486
1.538462 1.106383 2.185822
1.538462 1.191489 2.256158
1.538462 1.276596 2.326494
1.538462 1.361702 2.396829
1.538462 1.446809 2.467165
1.538462 1.531915 2.537501
1.538462 1.617021 2.607837
1.538462 1.702128 2.678173
1.538462 1.787234 2.748509
1.538462 1.872340 2.818845
1.538462 1.957447 2.889180
1.538462 2.042553 2.959516
1.538462 2.127660 3.029852
1.538462 2.212766 3.100188
1.538462 2.297872 3.170524
1.538462 2.382979 3.240860
1.538462 2.468085 3.311196
1.538462 2.553191 3.381531
1.538462 2.638298 3.451867
1.538462 2.723404 3.522203
1.538462 2.808511 3.592539
1.538462 2.893617 3.662875
1.538462 2.978723 3.733211
1.538462 3.063830 3.803547
1.538462 3.148936 3.873882
1.538462 3.234043 3.944218
1.538462 3.319149 4.014554
1.538462 3.404255 4.084890
1.538462 3.489362 4.155226
1.538462 3.574468 4.225562
1.538462 3.659574 4.295898
1.538462 3.744681 4.366233
1.538462 3.829787 4.436569
1.538462 3.914894 4.506905
1.538462 4.000000 0.000000
1.615385 0.000000 0.000000
1.615385 0.085106 1.405364
1.615385 0.170213 1.475700
1.615385 0.255319 1.546036
1.615385 0.340426 1.616372
1.615385 0.425532 1.686708
1.615385 0.510638 1.757044
1.615385 0.595745 1.827380
1.615385 0.680851 1.897715
1.615385 0.765957 1.968051
1.615385 0.851064 2.038387
1.615385 0.936170 2.108723
1.615385 1.021277 2.179059
1.615385 1.106383 2.249395
1.615385 1.191489 2.319731
1.615385 1.276596 2.390066
1.615385 1.361702 2.460402
1.615385 1.446809 2.530738
1.615385 1.531915 2.601074
1.615385 1.617021 2.671410
1.615385 1.702128 2.741746
1.615385 1.787234 2.812082
1.615385 1.872340 2.882417
1.615385 1.957447 2.952753
1.615385 2.042553 3.023089
1.615385 2.127660 3.093425
1.615385 2.212766 3.163761
1.615385 2.297872 3.234097
1.615385 2.382979 3.304433
1.615385 2.468085 3.374768
1.615385 2.553191 3.445104
1.615385 2.638298 3.515440
1.615385 2.723404 3.585776
1.615385 2.808511 3.656112
1.615385 2.893617 3.726448
1.615385 2.978723 3.796783
1.615385 3.063830 3.867119
1.615385 3.148936 3.937455
1.615385 3.234043 4.007791
1.615385 3.319149 4.078127
1.615385 3.404255 4.148463
1.615385 3.489362 4.218799
1.615385 3.574468 4.289134
1.615385 3.659574 4.359470
1.615385 3.744681 4.429806
1.615385 3.829787 4.500142
1.615385 3.914894 4.570478
1.615385 4.000000 0.000000
1.692308 0.000000 0.000000
1.692308 0.085106 1.468937
1.692308 0.170213 1.539273
1.692308 0.255319 1.609609
1.692308 0.340426 1.679945
1.692308 0.425532 1.750281
1.692308 0.510638 1.820617
1.692308 0.595745 1.890952
1.692308 0.680851 1.961288
1.692308 0.765957 2.031624
1.692308 0.851064 2.101960
1.692308 0.936170 2.172296
1.692308 1.021277 2.242632
1.692308 1.106383 2.312967
1.692308 1.191489 2.383303
1.692308 1.276596 2.453639
1.692308 1.361702 2.523975
1.692308 1.446809 2.594311
1.692308 1.531915 2.664647
1.692308 1.617021 2.734983
1.692308 1.702128 2.805318
1.692308 1.787234 2.875654
1.692308 1.872340 2.945990
1.692308 1.957447 3.016326
1.692308 2.042553 3.086662
1.692308 2.127660 3.156998
1.692308 2.212766 3.227334
1.692308 2.297872 3.297669
1.692308 2.382979 3.368005
1.692308 2.468085 3.438341
1.692308 2.553191 3.508677
1.692308 2.638298 3.579013
1.692308 2.723404 3.649349
1.692308 2.808511 3.719685
1.692308 2.893617 3.790020
1.692308 2.978723 3.860356
1.692308 3.063830 3.930692
1.692308 3.148936 4.001028
1.692308 3.234043 4.071364
1.692308 3.319149 4.141700
1.692308 3.404255 4.212036
1.692308 3.489362 4.282371
1.692308 3.574468 4.352707
1.692308 3.659574 4.423043
1.692308 3.744681 4.493379
1.692308 3.829787 4.563715
1.692308 3.914894 4.634051
1.692308 4.000000 0.000000
1.769231 0.000000 0.000000
1.769231 0.085106 1.532510
1.769231 0.170213 1.602846
1.769231 0.255319 1.673182
1.769231 0.340426 1.743518
1.769231 0.425532 1.813853
1.769231 0.510638 1.884189
1.769231 0.595745 1.954525
1.769231 0.680851 2.024861
1.769231 0.765957 2.095197
1.769231 0.851064 2.165533
1.769231 0.936170 2.235869
1.769231 1.021277 2.306204
1.769231 1.106383 2.376540
1.769231 1.191489 2.446876
1.769231 1.276596 2.517212
1.769231 1.361702 2.587548
1.769231 1.446809 2.657884
1.769231 1.531915 2.728220
1.769231 1.617021 2.798555
1.769231 1.702128 2.868891
1.769231 1.787234 2.939227
1.769231 1.872340 3.009563
1.769231 1.957447 3.079899
1.769231 2.042553 3.150235
1.769231 2.127660 3.220571
1.769231 2.212766 3.290906
1.769231 2.297872 3.361242
1.769231 2.382979 3.431578
1.769231 2.468085 3.501914
1.769231 2.553191 3.572250
1.769231 2.638298 3.642586
1.769231 2.723404 3.712922
1.769231 2.808511 3.783257
1.769231 2.893617 3.853593
1.769231 2.978723 3.923929
1.769231 3.063830 3.994265
1.769231 3.148936 4.064601
1.769231 3.234043 4.134937
1.769231 3.319149 4.205272
1.769231 3.404255 4.275608
1.769231 3.489362 4.345944
1.769231 3.574468 4.416280
1.769231 3.659574 4.486616
1.769231 3.744681 4.556952
1.769231 3.829787 4.627288
1.769231 3.914894 4.697623
1.769231 4.000000 0.000000
1.846154 0.000000 0.000000
1.846154 0.085106 1.596083
1.846154 0.170213 1.666419
1.846154 0.255319 1.736755
1.846154 0.340426 1.807090
1.846154 0.425532 1.877426
1.846154 0.510638 1.947762
1.846154 0.595745 2.018098
1.846154 0.680851 2.088434
1.846154 0.765957 2.158770
1.846154 0.851064 2.229106
1.846154 0.936170 2.299441
1.846154 1.021277 2.369777
1.846154 1.106383 2.440113
1.846154 1.191489 2.510449
1.846154 1.276596 2.580785
1.846154 1.361702 2.651121
1.846154 1.446809 2.721456
1.846154 1.531915 2.791792
1.846154 1.617021 2.862128
1.846154 1.702128 2.932464
1.846154 1.787234 3.002800
1.846154 1.872340 3.073136
1.846154 1.957447 3.143472
1.846154 2.042553 3.213807
1.846154 2.127660 3.284143
1.846154 2.212766 3.354479
1.846154 2.297872 3.424815
1.846154 2.382979 3.495151
1.846154 2.468085 3.565487
1.846154 2.553191 3.635823
1.846154 2.638298 3.706158
1.846154 2.723404 3.776494
1.846154 2.808511 3.846830
1.846154 2.893617 3.917166
1.846154 2.978723 3.987502
1.846154 3.063830 4.057838
1.846154 3.148936 4.128174
1.846154 3.234043 4.198509
1.846154 3.319149 4.268845
1.846154 3.404255 4.339181
1.846154 3.489362 4.409517
1.846154 3.574468 4.479853
1.846154 3.659574 4.550189
1.846154 3.744681 4.620525
1.846154 3.829787 4.690860
1.846154 3.914894 4.761196
1.846154 4.000000 0.000000
1.923077 0.000000 0.000000
1.923077 0.085106 1.659656
1.923077 0.170213 1.729991
1.923077 0.255319 1.800327
1.923077 0.340426 1.870663
1.923077 0.425532 1.940999
1.923077 0.510638 2.011335
1.923077 0.595745 2.081671
1.923077 0.680851 2.152007
1.923077 0.765957 2.222342
1.923077 0.851064 2.292678
1.923077 0.936170 2.363014
1.923077 1.021277 2.433350
1.923077 1.106383 2.503686
1.923077 1.191489 2.574022
1.923077 1.276596 2.644358
1.923077 1.361702 2.714693
1.923077 1.446809 2.785029
1.923077 1.531915 2.855365
1.923077 1.617021 2.925701
1.923077 1.702128 2.996037
1.923077 1.787234 3.066373
1.923077 1.872340 3.136709
1.923077 1.957447 3.207044
1.923077 2.042553 3.277380
1.923077 2.127660 3.347716
1.923077 2.212766 3.418052
1.923077 2.297872 3.488388
1.923077 2.382979 3.558724
1.923077 2.468085 3.629060
1.923077 2.553191 3.699395
1.923077 2.638298 3.769731
1.923077 2.723404 3.840067
1.923077 2.808511 3.910403
1.923077 2.893617 3.980739
1.923077 2.978723 4.051075
1.923077 3.063830 4.121411
1.923077 3.148936 4.191746
1.923077 3.234043 4.262082
1.923077 3.319149 4.332418
1.923077 3.404255 4.402754
1.923077 3.489362 4.473090
1.923077 3.574468 4.543426
1.923077 3.659574 4.613761
1.923077 3.744681 4.684097
1.923077 3.829787 4.754433
1.923077 3.914894 4.824769
1.923077 4.000000 0.000000
2.000000 0.000000 0.000000
2.000000 0.085106 1.723228
2.000000 0.170213 1.793564
2.000000 0.255319 1.863900
2.000000 0.340426 1.934236
2.000000 0.425532 2.004572
2.000000 0.510638 2.074908
2.000000 0.595745 2.145244
2.000000 0.680851 2.215579
2.000000 0.765957 2.285915
2.000000 0.851064 2.356251
2.000000 0.936170 2.426587
2.000000 1.021277 2.496923
2.000000 1.106383 2.567259
2.000000 1.191489 2.637595
2.000000 1.276596 2.707930
2.000000 1.361702 2.778266
2.000000 1.446809 2.848602
2.000000 1.531915 2.918938
2.000000 1.617021 2.989274
2.000000 1.702128 3.059610
2.000000 1.787234 3.129945
2.000000 1.872340 3.200281
2.000000 1.957447 3.270617
2.000000 2.042553 3.340953
2.000000 2.127660 3.411289
2.000000 2.212766 3.481625
2.000000 2.297872 3.551961
2.000000 2.382979 3.622296
2.000000 2.468085 3.692632
2.000000 2.553191 3.762968
2.000000 2.638298 3.833304
2.000000 2.723404 3.903640
2.000000 2.808511 3.973976
2.000000 2.893617 4.044312
2.000000 2.978723 4.114647
2.000000 3.063830 4.184983
2.000000 3.148936 4.255319
2.000000 3.234043 4.325655
2.000000 3.319149 4.395991
2.000000 3.404255 4.466327
2.000000 3.489362 4.536663
2.000000 3.574468 4.606998
2.000000 3.659574 4.677334
2.000000 3.744681 4.747670
2.000000 3.829787 4.818006
2.000000 3.914894 4.888342
2.000000 4.000000 0.000000
2.076923 0.000000 0.000000
2.076923 0.085106 1.786801
2.076923 0.170213 1.857137
2.076923 0.255319 1.927473
2.076923 0.340426 1.997809
2.076923 0.425532 2.068145
2.076923 0.510638 2.138480
2.076923 0.595745 2.208816
2.076923 0.680851 2.279152
2.076923 0.765957 2.349488
2.076923 0.851064 2.419824
2.076923 0.936170 2.490160
2.076923 1.021277 2.560496
2.076923 1.106383 2.630831
2.076923 1.191489 2.701167
2.076923 1.276596 2.771503
2.076923 1.361702 2.841839
2.076923 1.446809 2.912175
2.076923 1.531915 2.982511
2.076923 1.617021 3.052847
2.076923 1.702128 3.123182
2.076923 1.787234 3.193518
2.076923 1.872340 3.263854
2.076923 1.957447 3.334190
2.076923 2.042553 3.404526
2.076923 2.127660 3.474862
2.076923 2.212766 3.545198
2.076923 2.297872 3.615533
2.076923 2.382979 3.685869
2.076923 2.468085 3.756205
2.076923 2.553191 3.826541
2.076923 2.638298 3.896877
2.076923 2.723404 3.967213
2.076923 2.808511 4.037549
2.076923 2.893617 4.107884
2.076923 2.978723 4.178220
2.076923 3.063830 4.248556
2.076923 3.148936 4.318892
2.076923 3.234043 4.389228
2.076923 3.319149 4.459564
2.076923 3.404255 4.529900
2.076923 3.489362 4.600235
2.076923 3.574468 4.670571
2.076923 3.659574 4.740907
2.076923 3.744681 4.811243
2.076923 3.829787 4.881579
2.076923 3.914894 4.951915
2.076923 4.000000 0.000000
2.153846 0.000000 0.000000
2.153846 0.085106 1.850374
2.153846 0.170213 1.920710
2.153846 0.255319 1.991046
2.153846 0.340426 2.061382
2.153846 0.425532 2.131717
2.153846 0.510638 2.202053
2.153846 0.595745 2.272389
2.153846 0.680851 2.342725
2.153846 0.765957 2.413061
2.153846 0.851064 2.483397
2.153846 0.936170 2.553733
2.153846 1.021277 2.624068
2.153846 1.106383 2.694404
2.153846 1.191489 2.764740
2.153846 1.276596 2.835076
2.153846 1.361702 2.905412
2.153846 1.446809 2.975748
2.153846 1.531915 3.046084
2.153846 1.617021 3.116419
2.153846 1.702128 3.186755
2.153846 1.787234 3.257091
2.153846 1.872340 3.327427
2.153846 1.957447 3.397763
2.153846 2.042553 3.468099
2.153846 2.127660 3.538434
2.153846 2.212766 3.608770
2.153846 2.297872 3.679106
2.153846 2.382979 3.749442
2.153846 2.468085 3.819778
2.153846 2.553191 3.890114
2.153846 2.638298 3.960450
2.153846 2.723404 4.030785
2.153846 2.808511 4.101121
2.153846 2.893617 4.171457
2.153846 2.978723 4.241793
2.153846 3.063830 4.312129
2.153846 3.148936 4.382465
2.153846 3.234043 4.452801
2.153846 3.319149 4.523136
2.153846 3.404255 4.593472
2.153846 3.489362 4.663808
2.153846 3.574468 4.734144
2.153846 3.659574 4.804480
2.153846 3.744681 4.874816
2.153846 3.829787 4.945152
2.153846 3.914894 5.015487
2.153846 4.000000 0.000000
2.230769 0.000000 0.000000
2.230769 0.085106 1.913947
2.230769 0.170213 1.984283
2.230769 0.255319 2.054618
2.230769 0.340426 2.124954
2.230769 0.425532 2.195290
2.230769 0.510638 2.265626
2.230769 0.595745 2.335962
2.230769 0.680851 2.406298
2.230769 0.765957 2.476634
2.230769 0.851064 2.546969
2.230769 0.936170 2.617305
2.230769 1.021277 2.687641
2.230769 1.106383 2.757977
2.230769 1.191489 2.828313
2.230769 1.276596 2.898649
2.230769 1.361702 2.968985
2.230769 1.446809 3.039320
2.230769 1.531915 3.109656
2.230769 1.617021 3.179992
2.230769 1.702128 3.250328
2.230769 1.787234 3.320664
2.230769 1.872340 3.391000
2.230769 1.957447 3.461336
2.230769 2.042553 3.531671
2.230769 2.127660 3.602007
2.230769 2.212766 3.672343
2.230769 2.297872 3.742679
2.230769 2.382979 3.813015
2.230769 2.468085 3.883351
2.230769 2.553191 3.953687
2.230769 2.638298 4.024022
2.230769 2.723404 4.094358
2.230769 2.808511 4.164694
2.230769 2.893617 4.235030
2.230769 2.978723 4.305366
2.230769 3.063830 4.375702
2.230769 3.148936 4.446038
2.230769 3.234043 4.516373
2.230769 3.319149 4.586709
2.230769 3.404255 4.657045
2.230769 3.489362 4.727381
2.230769 3.574468 4.797717
2.230769 3.659574 4.868053
2.230769 3.744681 4.938388
2.230769 3.829787 5.008724
2.230769 3.914894 5.079060
2.230769 4.000000 0.000000
2.307692 0.000000 0.000000
2.307692 0.085106 1.977520
2.307692 0.170213 2.047855
2.307692 0.255319 2.118191
2.307692 0.340426 2.188527
2.307692 0.425532 2.258863
2.307692 0.510638 2.329199
2.307692 0.595745 2.399535
2.307692 0.680851 2.469871
2.307692 0.765957 2.540206
2.307692 0.851064 2.610542
2.307692 0.936170 2.680878
2.307692 1.021277 2.751214
2.307692 1.106383 2.821550
2.307692 1.191489 2.891886
2.307692 1.276596 2.962222
2.307692 1.361702 3.032557
2.307692 1.446809 3.102893
2.307692 1.531915 3.173229
2.307692 1.617021 3.243565
2.307692 1.702128 3.313901
2.307692 1.787234 3.384237
2.307692 1.872340 3.454573
2.307692 1.957447 3.524908
2.307692 2.042553 3.595244
2.307692 2.127660 3.665580
2.307692 2.212766 3.735916
2.307692 2.297872 3.806252
2.307692 2.382979 3.876588
2.307692 2.468085 3.946923
2.307692 2.553191 4.017259
2.307692 2.638298 4.087595
2.307692 2.723404 4.157931
2.307692 2.808511 4.228267
2.307692 2.893617 4.298603
2.307692 2.978723 4.368939
2.307692 3.063830 4.439274
2.307692 3.148936 4.509610
2.307692 3.234043 4.579946
2.307692 3.319149 4.650282
2.307692 3.404255 4.720618
2.307692 3.489362 4.790954
2.307692 3.574468 4.861290
2.307692 3.659574 4.931625
2.307692 3.744681 5.001961
2.307692 3.829787 5.072297
2.307692 3.914894 5.142633
2.307692 4.000000 0.000000
2.384615 0.000000 0.000000
2.384615 0.085106 2.041092
2.384615 0.170213 2.111428
2.384615 0.255319 2.181764
2.384615 0.340426 2.252100
2.384615 0.425532 2.322436
2.384615 0.510638 2.392772
2.384615 0.595745 2.463107
2.384615 0.680851 2.533443
2.384615 0.765957 2.603779
2.384615 0.851064 2.674115
2.384615 0.936170 2.744451
2.384615 1.021277 2.814787
2.384615 1.106383 2.885123
2.384615 1.191489 2.955458
2.384615 1.276596 3.025794
2.384615 1.361702 3.096130
2.384615 1.446809 3.166466
2.384615 1.531915 3.236802
2.384615 1.617021 3.307138
2.384615 1.702128 3.377474
2.384615 1.787234 3.447809
2.384615 1.872340 3.518145
2.384615 1.957447 3.588481
2.384615 2.042553 3.658817
2.384615 2.127660 3.729153
2.384615 2.212766 3.799489
2.384615 2.297872 3.869825
2.384615 2.382979 3.940160
2.384615 2.468085 4.010496
2.384615 2.553191 4.080832
2.384615 2.638298 4.151168
2.384615 2.723404 4.221504
2.384615 2.808511 4.291840
2.384615 2.893617 4.362176
2.384615 2.978723 4.432511
2.384615 3.063830 4.502847
2.384615 3.148936 4.573183
2.384615 3.234043 4.643519
2.384615 3.319149 4.713855
2.384615 3.404255 4.784191
2.384615 3.489362 4.854527
2.384615 3.574468 4.924862
2.384615 3.659574 4.995198
2.384615 3.744681 5.065534
2.384615 3.829787 5.135870
2.384615 3.914894 5.206206
2.384615 4.000000 0.000000
2.461538 0.000000 0.000000
2.461538 0.085106 2.104665
2.461538 0.170213 2.175001
2.461538 0.255319 2.245337
2.461538 0.340426 2.315673
2.461538 0.425532 2.386009
2.461538 0.510638 2.456344
2.461538 0.595745 2.526680
2.461538 0.680851 2.597016
2.461538 0.765957 2.667352
2.461538 0.851064 2.737688
2.461538 0.936170 2.808024
2.461538 1.021277 2.878360
2.461538 1.106383 2.948695
2.461538 1.191489 3.019031
2.461538 1.276596 3.089367
2.461538 1.361702 3.159703
2.461538 1.446809 3.230039
2.461538 1.531915 3.300375
2.461538 1.617021 3.370711
2.461538 1.702128 3.441046
2.461538 1.787234 3.511382
2.461538 1.872340 3.581718
2.461538 1.957447 3.652054
2.461538 2.042553 3.722390
2.461538 2.127660 3.792726
2.461538 2.212766 3.863062
2.461538 2.297872 3.933397
2.461538 2.382979 4.003733
2.461538 2.468085 4.074069
2.461538 2.553191 4.144405
2.461538 2.638298 4.214741
2.461538 2.723404 4.285077
2.461538 2.808511 4.355412
2.461538 2.893617 4.425748
2.461538 2.978723 4.496084
2.461538 3.063830 4.566420
2.461538 3.148936 4.636756
2.461538 3.234043 4.707092
2.461538 3.319149 4.777428
2.461538 3.404255 4.847763
2.461538 3.489362 4.918099
2.461538 3.574468 4.988435
2.461538 3.659574 5.058771
2.461538 3.744681 5.129107
2.461538 3.829787 5.199443
2.461538 3.914894 5.269779
2.461538 4.000000 0.000000
2.538462 0.000000 0.000000
2.538462 0.085106 2.168238
2.538462 0.170213 2.238574
2.538462 0.255319 2.308910
2.538462 0.340426 2.379246
2.538462 0.425532 2.449581
2.538462 0.510638 2.519917
2.538462 0.595745 2.590253
2.538462 0.680851 2.660589
2.538462 0.765957 2.730925
2.538462 0.851064 2.801261
2.538462 0.936170 2.871596
2.538462 1.021277 2.941932
2.538462 1.106383 3.012268
2.538462 1.191489 3.082604
2.538462 1.276596 3.152940
2.538462 1.361702 3.223276
2.538462 1.446809 3.293612
2.538462 1.531915 3.363947
2.538462 1.617021 3.434283
2.538462 1.702128 3.504619
2.538462 1.787234 3.574955
2.538462 1.872340 3.645291
2.538462 1.957447 3.715627
2.538462 2.042553 3.785963
2.538462 2.127660 3.856298
2.538462 2.212766 3.926634
2.538462 2.297872 3.996970
2.538462 2.382979 4.067306
2.538462 2.468085 4.137642
2.538462 2.553191 4.207978
2.538462 2.638298 4.278314
2.538462 2.723404 4.348649
2.538462 2.808511 4.418985
2.538462 2.893617 4.489321
2.538462 2.978723 4.559657
2.538462 3.063830 4.629993
2.538462 3.148936 4.700329
2.538462 3.234043 4.770665
2.538462 3.319149 4.841000
2.538462 3.404255 4.911336
2.538462 3.489362 4.981672
2.538462 3.574468 5.052008
2.538462 3.659574 5.122344
2.538462 3.744681 5.192680
2.538462 3.829787 5.263016
2.538462 3.914894 5.333351
2.538462 4.000000 0.000000
2.615385 0.000000 0.000000
2.615385 0.085106 2.231811
2.615385 0.170213 2.302147
2.615385 0.255319 2.372482
2.615385 0.340426 2.442818
2.615385 0.425532 2.513154
2.615385 0.510638 2.583490
2.615385 0.595745 2.653826
2.615385 0.680851 2.724162
2.615385 0.765957 2.794498
2.615385 0.851064 2.864833
2.615385 0.936170 2.935169
2.615385 1.021277 3.005505
2.615385 1.106383 3.075841
2.615385 1.191489 3.146177
2.615385 1.276596 3.216513
2.615385 1.361702 3.286849
2.615385 1.446809 3.357184
2.615385 1.531915 3.427520
2.615385 1.617021 3.497856
2.615385 1.702128 3.568192
2.615385 1.787234 3.638528
2.615385 1.872340 3.708864
2.615385 1.957447 3.779200
2.615385 2.042553 3.849535
2.615385 2.127660 3.919871
2.615385 2.212766 3.990207
2.615385 2.297872 4.060543
2.615385 2.382979 4.130879
2.615385 2.468085 4.201215
2.615385 2.553191 4.271550
2.615385 2.638298 4.341886
2.615385 2.723404 4.412222
2.615385 2.808511 4.482558
2.615385 2.893617 4.552894
2.615385 2.978723 4.623230
2.615385 3.063830 4.693566
2.615385 3.148936 4.763901
2.615385 3.234043 4.834237
2.615385 3.319149 4.904573
2.615385 3.404255 4.974909
2.615385 3.489362 5.045245
2.615385 3.574468 5.115581
2.615385 3.659574 5.185917
2.615385 3.744681 5.256252
2.615385 3.829787 5.326588
2.615385 3.914894 5.396924
2.615385 4.000000 0.000000
2.692308 0.000000 0.000000
2.692308 0.085106 2.295384
2.692308 0.170213 2.365719
2.692308 0.255319 2.436055
2.692308 0.340426 2.506391
2.692308 0.425532 2.576727
2.692308 0.510638 2.647063
2.692308 0.595745 2.717399
2.692308 0.680851 2.787735
2.692308 0.765957 2.858070
2.692308 0.851064 2.928406
2.692308 0.936170 2.998742
2.692308 1.021277 3.069078
2.692308 1.106383 3.139414
2.692308 1.191489 3.209750
2.692308 1.276596 3.280085
2.692308 1.361702 3.350421
2.692308 1.446809 3.420757
2.692308 1.531915 3.491093
2.692308 1.617021 3.561429
2.692308 1.702128 3.631765
2.692308 1.787234 3.702101
2.692308 1.872340 3.772436
2.692308 1.957447 3.842772
2.692308 2.042553 3.913108
2.692308 2.127660 3.983444
2.692308 2.212766 4.053780
2.692308 2.297872 4.124116
2.692308 2.382979 4.194452
2.692308 2.468085 4.264787
2.692308 2.553191 4.335123
2.692308 2.638298 4.405459
2.692308 2.723404 4.475795
2.692308 2.808511 4.546131
2.692308 2.893617 4.616467
2.692308 2.978723 4.686803
2.692308 3.063830 4.757138
2.692308 3.148936 4.827474
2.692308 3.234043 4.897810
2.692308 3.319149 4.968146
2.692308 3.404255 5.038482
2.692308 3.489362 5.108818
2.692308 3.574468 5.179154
2.692308 3.659574 5.249489
2.692308 3.744681 5.319825
2.692308 3.829787 5.390161
2.692308 3.914894 5.460497
2.692308 4.000000 0.000000
2.769231 0.000000 0.000000
2.769231 0.085106 2.358956
2.769231 0.170213 2.429292
2.769231 0.255319 2.499628
2.769231 0.340426 2.569964
2.769231 0.425532 2.640300
2.769231 0.510638 2.710636
2.769231 0.595745 2.780971
2.769231 0.680851 2.851307
2.769231 0.765957 2.921643
2.769231 0.851064 2.991979
2.769231 0.936170 3.062315
2.769231 1.021277 3.132651
2.769231 1.106383 3.202987
2.769231 1.191489 3.273322
2.769231 1.276596 3.343658
2.769231 1.361702 3.413994
2.769231 1.446809 3.484330
2.769231 1.531915 3.554666
2.769231 1.617021 3.625002
2.769231 1.702128 3.695338
2.769231 1.787234 3.765673
2.769231 1.872340 3.836009
2.769231 1.957447 3.906345
2.769231 2.042553 3.976681
2.769231 2.127660 4.047017
2.769231 2.212766 4.117353
2.769231 2.297872 4.187689
2.769231 2.382979 4.258024
2.769231 2.468085 4.328360
2.769231 2.553191 4.398696
2.769231 2.638298 4.469032
2.769231 2.723404 4.539368
2.769231 2.808511 4.609704
2.769231 2.893617 4.680039
2.769231 2.978723 4.750375
2.769231 3.063830 4.820711
2.769231 3.148936 4.891047
2.769231 3.234043 4.961383
2.769231 3.319149 5.031719
2.769231 3.404255 5.102055
2.769231 3.489362 5.172390
2.769231 3.574468 5.242726
2.769231 3.659574 5.313062
2.769231 3.744681 5.383398
2.769231 3.829787 5.453734
2.769231 3.914894 5.524070
2.769231 4.000000 0.000000
2.846154 0.000000 0.000000
2.846154 0.085106 2.422529
2.846154 0.170213 2.492865
2.846154 0.255319 2.563201
2.846154 0.340426 2.633537
2.846154 0.425532 2.703873
2.846154 0.510638 2.774208
2.846154 0.595745 2.844544
2.846154 0.680851 2.914880
2.846154 0.765957 2.985216
2.846154 0.851064 3.055552
2.846154 0.936170 3.125888
2.846154 1.021277 3.196224
2.846154 1.106383 3.266559
2.846154 1.191489 3.336895
2.846154 1.276596 3.407231
2.846154 1.361702 3.477567
2.846154 1.446809 3.547903
2.846154 1.531915 3.618239
2.846154 1.617021 3.688574
2.846154 1.702128 3.758910
2.846154 1.787234 3.829246
2.846154 1.872340 3.899582
2.846154 1.957447 3.969918
2.846154 2.042553 4.040254
2.846154 2.127660 4.110590
2.846154 2.212766 4.180925
2.846154 2.297872 4.251261
2.846154 2.382979 4.321597
2.846154 2.468085 4.391933
2.846154 2.553191 4.462269
2.846154 2.638298 4.532605
2.846154 2.723404 4.602941
2.846154 2.808511 4.673276
2.846154 2.893617 4.743612
2.846154 2.978723 4.813948
2.846154 3.063830 4.884284
2.846154 3.148936 4.954620
2.846154 3.234043 5.024956
2.846154 3.319149 5.095292
2.846154 3.404255 5.165627
2.846154 3.489362 5.235963
2.846154 3.574468 5.306299
2.846154 3.659574 5.376635
2.846154 3.744681 5.446971
2.846154 3.829787 5.517307
2.846154 3.914894 5.587643
2.846154 4.000000 0.000000
2.923077 0.000000 0.000000
2.923077 0.085106 2.486102
2.923077 0.170213 2.556438
2.923077 0.255319 2.626774
2.923077 0.340426 2.697109
2.923077 0.425532 2.767445
2.923077 0.510638 2.837781
2.923077 0.595745 2.908117
2.923077 0.680851 2.978453
2.923077 0.765957 3.048789
2.923077 0.851064 3.119125
2.923077 0.936170 3.189460
2.923077 1.021277 3.259796
2.923077 1.106383 3.330132
2.923077 1.191489 3.400468
2.923077 1.276596 3.470804
2.923077 1.361702 3.541140
2.923077 1.446809 3.611476
2.923077 1.531915 3.681811
2.923077 1.617021 3.752147
2.923077 1.702128 3.822483
2.923077 1.787234 3.892819
2.923077 1.872340 3.963155
2.923077 1.957447 4.033491
2.923077 2.042553 4.103827
2.923077 2.127660 4.174162
2.923077 2.212766 4.244498
2.923077 2.297872 4.314834
2.923077 2.382979 4.385170
2.923077 2.468085 4.455506
2.923077 2.553191 4.525842
2.923077 2.638298 4.596178
2.923077 2.723404 4.666513
2.923077 2.808511 4.736849
2.923077 2.893617 4.807185
2.923077 2.978723 4.877521
2.923077 3.063830 4.947857
2.923077 3.148936 5.018193
2.923077 3.234043 5.088528
2.923077 3.319149 5.158864
2.923077 3.404255 5.229200
2.923077 3.489362 5.299536
2.923077 3.574468 5.369872
2.923077 3.659574 5.440208
2.923077 3.744681 5.510544
2.923077 3.829787 5.580879
2.923077 3.914894 5.651215
2.923077 4.000000 0.000000
3.000000 0.000000 0.000000
3.000000 0.085106 0.000000
3.000000 0.170213 0.000000
3.000000 0.255319 0.000000
3.000000 0.340426 0.000000
3.000000 0.425532 0.000000
3.000000 0.510638 0.000000
3.000000 0.595745 0.000000
3.000000 0.680851 0.000000
3.000000 0.765957 0.000000
3.000000 0.851064 0.000000
3.000000 0.936170 0.000000
3.000000 1.021277 0.000000
3.000000 1.106383 0.000000
3.000000 1.191489 0.000000
3.000000 1.276596 0.000000
3.000000 1.361702 0.000000
3.000000 1.446809 0.000000
3.000000 1.531915 0.000000
3.000000 1.617021 0.000000
3.000000 1.702128 0.000000
3.000000 1.787234 0.000000
3.000000 1.872340 0.000000
3.000000 1.957447 0.000000
3.000000 2.042553 0.000000
3.000000 2.127660 0.000000
3.000000 2.212766 0.000000
3.000000 2.297872 0.000000
3.000000 2.382979 0.000000
3.000000 2.468085 0.000000
3.000000 2.553191 0.000000
3.000000 2.638298 0.000000
3.000000 2.723404 0.000000
3.000000 2.808511 0.000000
3.000000 2.893617 0.000000
3.000000 2.978723 0.000000
3.000000 3.063830 0.000000
3.000000 3.148936 0.000000
3.000000 3.234043 0.000000
3.000000 3.319149 0.000000
3.000000 3.404255 0.000000
3.000000 3.489362 0.000000
3.000000 3.574468 0.000000
3.000000 3.659574 0.000000
3.000000 3.744681 0.000000
3.000000 3.829787 0.000000
3.000000 3.914894 0.000000
3.000000 4.000000 0.000000
