0.000000 0.000000 0.000000
0.000000 0.500000 0.074322
0.000000 1.000000 0.148644
0.000000 1.500000 0.222965
0.000000 2.000000 0.297287
0.081081 0.000000 0.012052
0.081081 0.500000 0.086374
0.081081 1.000000 0.160696
0.081081 1.500000 0.235018
0.081081 2.000000 0.309339
0.162162 0.000000 0.024104
0.162162 0.500000 0.098426
0.162162 1.000000 0.172748
0.162162 1.500000 0.247070
0.162162 2.000000 0.321392
0.243243 0.000000 0.036157
0.243243 0.500000 0.110478
0.243243 1.000000 0.184800
0.243243 1.500000 0.259122
0.243243 2.000000 0.333444
0.324324 0.000000 0.048209
0.324324 0.500000 0.122531
0.324324 1.000000 0.196852
0.324324 1.500000 0.271174
0.324324 2.000000 0.345496
0.405405 0.000000 0.060261
0.405405 0.500000 0.134583
0.405405 1.000000 0.208905
0.405405 1.500000 0.283226
0.405405 2.000000 0.357548
0.486486 0.000000 0.072313
0.486486 0.500000 0.146635
0.486486 1.000000 0.220957
0.486486 1.500000 0.295279
0.486486 2.000000 0.369600
0.567568 0.000000 0.084365
0.567568 0.500000 0.158687
0.567568 1.000000 0.233009
0.567568 1.500000 0.307331
0.567568 2.000000 0.381653
0.648649 0.000000 0.096417
0.648649 0.500000 0.170739
0.648649 1.000000 0.245061
0.648649 1.500000 0.319383
0.648649 2.000000 0.393705
0.729730 0.000000 0.108470
0.729730 0.500000 0.182791
0.729730 1.000000 0.257113
0.729730 1.500000 0.331435
0.729730 2.000000 0.405757
0.810811 0.000000 0.120522
0.810811 0.500000 0.194844
0.810811 1.000000 0.269165
0.810811 1.500000 0.343487
0.810811 2.000000 0.417809
0.891892 0.000000 0.132574
0.891892 0.500000 0.206896
0.891892 1.000000 0.281218
0.891892 1.500000 0.355539
0.891892 2.000000 0.429861
0.972973 0.000000 0.144626
0.972973 0.500000 0.218948
0.972973 1.000000 0.293270
0.972973 1.500000 0.367592
0.972973 2.000000 0.441913
1.054054 0.000000 0.156678
1.054054 0.500000 0.231000
1.054054 1.000000 0.305322
1.054054 1.500000 0.379644
1.054054 2.000000 0.453966
1.135135 0.000000 0.168731
1.135135 0.500000 0.243052
1.135135 1.000000 0.317374
1.135135 1.500000 0.391696
1.135135 2.000000 0.466018
1.216216 0.000000 0.180783
1.216216 0.500000 0.255105
1.216216 1.000000 0.329426
1.216216 1.500000 0.403748
1.216216 2.000000 0.478070
1.297297 0.000000 0.192835
1.297297 0.500000 0.267157
1.297297 1.000000 0.341479
1.297297 1.500000 0.415800
1.297297 2.000000 0.490122
1.378378 0.000000 0.204887
1.378378 0.500000 0.279209
1.378378 1.000000 0.353531
1.378378 1.500000 0.427853
1.378378 2.000000 0.502174
1.459459 0.000000 0.216939
1.459459 0.500000 0.291261
1.459459 1.000000 0.365583
1.459459 1.500000 0.439905
1.459459 2.000000 0.514227
1.540541 0.000000 0.228992
1.540541 0.500000 0.303313
1.540541 1.000000 0.377635
1.540541 1.500000 0.451957
1.540541 2.000000 0.526279
1.621622 0.000000 0.241044
1.621622 0.500000 0.315366
1.621622 1.000000 0.389687
1.621622 1.500000 0.464009
1.621622 2.000000 0.538331
1.702703 0.000000 0.253096
1.702703 0.500000 0.327418
1.702703 1.000000 0.401740
1.702703 1.500000 0.476061
1.702703 2.000000 0.550383
1.783784 0.000000 0.265148
1.783784 0.500000 0.339470
1.783784 1.000000 0.413792
1.783784 1.500000 0.488114
1.783784 2.000000 0.562435
1.864865 0.000000 0.277200
1.864865 0.500000 0.351522
1.864865 1.000000 0.425844
1.864865 1.500000 0.500166
1.864865 2.000000 0.574488
1.945946 0.000000 0.289252
1.945946 0.500000 0.363574
1.945946 1.000000 0.437896
1.945946 1.500000 0.512218
1.945946 2.000000 0.586540
2.027027 0.000000 0.301305
2.027027 0.500000 0.375626
2.027027 1.000000 0.449948
2.027027 1.500000 0.524270
2.027027 2.000000 0.598592
2.108108 0.000000 0.313357
2.108108 0.500000 0.387679
2.108108 1.000000 0.462000
2.108108 1.500000 0.536322
2.108108 2.000000 0.610644
2.189189 0.000000 0.325409
2.189189 0.500000 0.399731
2.189189 1.000000 0.474053
2.189189 1.500000 0.548374
2.189189 2.000000 0.622696
2.270270 0.000000 0.337461
2.270270 0.500000 0.411783
2.270270 1.000000 0.486105
2.270270 1.500000 0.560427
2.270270 2.000000 0.634748
2.351351 0.000000 0.349513
2.351351 0.500000 0.423835
2.351351 1.000000 0.498157
2.351351 1.500000 0.572479
2.351351 2.000000 0.646801
2.432432 0.000000 0.361566
2.432432 0.500000 0.435887
2.432432 1.000000 0.510209
2.432432 1.500000 0.584531
2.432432 2.000000 0.658853
2.513514 0.000000 0.373618
2.513514 0.500000 0.447940
2.513514 1.000000 0.522261
2.513514 1.500000 0.596583
2.513514 2.000000 0.670905
2.594595 0.000000 0.385670
2.594595 0.500000 0.459992
2.594595 1.000000 0.534314
2.594595 1.500000 0.608635
2.594595 2.000000 0.682957
2.675676 0.000000 0.397722
2.675676 0.500000 0.472044
2.675676 1.000000 0.546366
2.675676 1.500000 0.620688
2.675676 2.000000 0.695009
2.756757 0.000000 0.409774
2.756757 0.500000 0.484096
2.756757 1.000000 0.558418
2.756757 1.500000 0.632740
2.756757 2.000000 0.707062
2.837838 0.000000 0.421827
2.837838 0.500000 0.496148
2.837838 1.000000 0.570470
2.837838 1.500000 0.644792
2.837838 2.000000 0.719114
2.918919 0.000000 0.433879
2.918919 0.500000 0.508201
2.918919 1.000000 0.582522
2.918919 1.500000 0.656844
2.918919 2.000000 0.731166
3.000000 0.000000 0.445931
3.000000 0.500000 0.520253
3.000000 1.000000 0.594575
3.000000 1.500000 0.668896
3.000000 2.000000 0.743218
