0.000000 0.000000 0.000000
0.000000 0.500000 0.067565
0.000000 1.000000 0.135131
0.000000 1.500000 0.202696
0.000000 2.000000 0.270261
0.081081 0.000000 0.010957
0.081081 0.500000 0.078522
0.081081 1.000000 0.146087
0.081081 1.500000 0.213652
0.081081 2.000000 0.281218
0.162162 0.000000 0.021913
0.162162 0.500000 0.089478
0.162162 1.000000 0.157044
0.162162 1.500000 0.224609
0.162162 2.000000 0.292174
0.243243 0.000000 0.032870
0.243243 0.500000 0.100435
0.243243 1.000000 0.168000
0.243243 1.500000 0.235565
0.243243 2.000000 0.303131
0.324324 0.000000 0.043826
0.324324 0.500000 0.111391
0.324324 1.000000 0.178957
0.324324 1.500000 0.246522
0.324324 2.000000 0.314087
0.405405 0.000000 0.054783
0.405405 0.500000 0.122348
0.405405 1.000000 0.189913
0.405405 1.500000 0.257479
0.405405 2.000000 0.325044
0.486486 0.000000 0.065739
0.486486 0.500000 0.133304
0.486486 1.000000 0.200870
0.486486 1.500000 0.268435
0.486486 2.000000 0.336000
0.567568 0.000000 0.076696
0.567568 0.500000 0.144261
0.567568 1.000000 0.211826
0.567568 1.500000 0.279392
0.567568 2.000000 0.346957
0.648649 0.000000 0.087652
0.648649 0.500000 0.155218
0.648649 1.000000 0.222783
0.648649 1.500000 0.290348
0.648649 2.000000 0.357913
0.729730 0.000000 0.098609
0.729730 0.500000 0.166174
0.729730 1.000000 0.233739
0.729730 1.500000 0.301305
0.729730 2.000000 0.368870
0.810811 0.000000 0.109565
0.810811 0.500000 0.177131
0.810811 1.000000 0.244696
0.810811 1.500000 0.312261
0.810811 2.000000 0.379826
0.891892 0.000000 0.120522
0.891892 0.500000 0.188087
0.891892 1.000000 0.255652
0.891892 1.500000 0.323218
0.891892 2.000000 0.390783
0.972973 0.000000 0.131478
0.972973 0.500000 0.199044
0.972973 1.000000 0.266609
0.972973 1.500000 0.334174
0.972973 2.000000 0.401740
1.054054 0.000000 0.142435
1.054054 0.500000 0.210000
1.054054 1.000000 0.277565
1.054054 1.500000 0.345131
1.054054 2.000000 0.412696
1.135135 0.000000 0.153391
1.135135 0.500000 0.220957
1.135135 1.000000 0.288522
1.135135 1.500000 0.356087
1.135135 2.000000 0.423653
1.216216 0.000000 0.164348
1.216216 0.500000 0.231913
1.216216 1.000000 0.299479
1.216216 1.500000 0.367044
1.216216 2.000000 0.434609
1.297297 0.000000 0.175305
1.297297 0.500000 0.242870
1.297297 1.000000 0.310435
1.297297 1.500000 0.378000
1.297297 2.000000 0.445566
1.378378 0.000000 0.186261
1.378378 0.500000 0.253826
1.378378 1.000000 0.321392
1.378378 1.500000 0.388957
1.378378 2.000000 0.456522
1.459459 0.000000 0.197218
1.459459 0.500000 0.264783
1.459459 1.000000 0.332348
1.459459 1.500000 0.399913
1.459459 2.000000 0.467479
1.540541 0.000000 0.208174
1.540541 0.500000 0.275739
1.540541 1.000000 0.343305
1.540541 1.500000 0.410870
1.540541 2.000000 0.478435
1.621622 0.000000 0.219131
1.621622 0.500000 0.286696
1.621622 1.000000 0.354261
1.621622 1.500000 0.421827
1.621622 2.000000 0.489392
1.702703 0.000000 0.230087
1.702703 0.500000 0.297652
1.702703 1.000000 0.365218
1.702703 1.500000 0.432783
1.702703 2.000000 0.500348
1.783784 0.000000 0.241044
1.783784 0.500000 0.308609
1.783784 1.000000 0.376174
1.783784 1.500000 0.443740
1.783784 2.000000 0.511305
1.864865 0.000000 0.252000
1.864865 0.500000 0.319566
1.864865 1.000000 0.387131
1.864865 1.500000 0.454696
1.864865 2.000000 0.522261
1.945946 0.000000 0.262957
1.945946 0.500000 0.330522
1.945946 1.000000 0.398087
1.945946 1.500000 0.465653
1.945946 2.000000 0.533218
2.027027 0.000000 0.273913
2.027027 0.500000 0.341479
2.027027 1.000000 0.409044
2.027027 1.500000 0.476609
2.027027 2.000000 0.544174
2.108108 0.000000 0.284870
2.108108 0.500000 0.352435
2.108108 1.000000 0.420000
2.108108 1.500000 0.487566
2.108108 2.000000 0.555131
2.189189 0.000000 0.295826
2.189189 0.500000 0.363392
2.189189 1.000000 0.430957
2.189189 1.500000 0.498522
2.189189 2.000000 0.566088
2.270270 0.000000 0.306783
2.270270 0.500000 0.374348
2.270270 1.000000 0.441913
2.270270 1.500000 0.509479
2.270270 2.000000 0.577044
2.351351 0.000000 0.317739
2.351351 0.500000 0.385305
2.351351 1.000000 0.452870
2.351351 1.500000 0.520435
2.351351 2.000000 0.588001
2.432432 0.000000 0.328696
2.432432 0.500000 0.396261
2.432432 1.000000 0.463827
2.432432 1.500000 0.531392
2.432432 2.000000 0.598957
2.513514 0.000000 0.339653
2.513514 0.500000 0.407218
2.513514 1.000000 0.474783
2.513514 1.500000 0.542348
2.513514 2.000000 0.609914
2.594595 0.000000 0.350609
2.594595 0.500000 0.418174
2.594595 1.000000 0.485740
2.594595 1.500000 0.553305
2.594595 2.000000 0.620870
2.675676 0.000000 0.361566
2.675676 0.500000 0.429131
2.675676 1.000000 0.496696
2.675676 1.500000 0.564261
2.675676 2.000000 0.631827
2.756757 0.000000 0.372522
2.756757 0.500000 0.440087
2.756757 1.000000 0.507653
2.756757 1.500000 0.575218
2.756757 2.000000 0.642783
2.837838 0.000000 0.383479
2.837838 0.500000 0.451044
2.837838 1.000000 0.518609
2.837838 1.500000 0.586175
2.837838 2.000000 0.653740
2.918919 0.000000 0.394435
2.918919 0.500000 0.462000
2.918919 1.000000 0.529566
2.918919 1.500000 0.597131
2.918919 2.000000 0.664696
3.000000 0.000000 0.405392
3.000000 0.500000 0.472957
3.000000 1.000000 0.540522
3.000000 1.500000 0.608088
3.000000 2.000000 0.675653
