0.000000 0.000000 0.000000
0.000000 0.666667 0.081897
0.000000 1.333333 0.163795
0.000000 2.000000 0.245692
0.081081 0.000000 0.009960
0.081081 0.666667 0.091858
0.081081 1.333333 0.173755
0.081081 2.000000 0.255652
0.162162 0.000000 0.019921
0.162162 0.666667 0.101818
0.162162 1.333333 0.183716
0.162162 2.000000 0.265613
0.243243 0.000000 0.029881
0.243243 0.666667 0.111779
0.243243 1.333333 0.193676
0.243243 2.000000 0.275573
0.324324 0.000000 0.039842
0.324324 0.666667 0.121739
0.324324 1.333333 0.203637
0.324324 2.000000 0.285534
0.405405 0.000000 0.049802
0.405405 0.666667 0.131700
0.405405 1.333333 0.213597
0.405405 2.000000 0.295494
0.486486 0.000000 0.059763
0.486486 0.666667 0.141660
0.486486 1.333333 0.223558
0.486486 2.000000 0.305455
0.567568 0.000000 0.069723
0.567568 0.666667 0.151621
0.567568 1.333333 0.233518
0.567568 2.000000 0.315415
0.648649 0.000000 0.079684
0.648649 0.666667 0.161581
0.648649 1.333333 0.243479
0.648649 2.000000 0.325376
0.729730 0.000000 0.089644
0.729730 0.666667 0.171542
0.729730 1.333333 0.253439
0.729730 2.000000 0.335336
0.810811 0.000000 0.099605
0.810811 0.666667 0.181502
0.810811 1.333333 0.263399
0.810811 2.000000 0.345297
0.891892 0.000000 0.109565
0.891892 0.666667 0.191463
0.891892 1.333333 0.273360
0.891892 2.000000 0.355257
0.972973 0.000000 0.119526
0.972973 0.666667 0.201423
0.972973 1.333333 0.283320
0.972973 2.000000 0.365218
1.054054 0.000000 0.129486
1.054054 0.666667 0.211384
1.054054 1.333333 0.293281
1.054054 2.000000 0.375178
1.135135 0.000000 0.139447
1.135135 0.666667 0.221344
1.135135 1.333333 0.303241
1.135135 2.000000 0.385139
1.216216 0.000000 0.149407
1.216216 0.666667 0.231305
1.216216 1.333333 0.313202
1.216216 2.000000 0.395099
1.297297 0.000000 0.159368
1.297297 0.666667 0.241265
1.297297 1.333333 0.323162
1.297297 2.000000 0.405060
1.378378 0.000000 0.169328
1.378378 0.666667 0.251226
1.378378 1.333333 0.333123
1.378378 2.000000 0.415020
1.459459 0.000000 0.179289
1.459459 0.666667 0.261186
1.459459 1.333333 0.343083
1.459459 2.000000 0.424981
1.540541 0.000000 0.189249
1.540541 0.666667 0.271147
1.540541 1.333333 0.353044
1.540541 2.000000 0.434941
1.621622 0.000000 0.199210
1.621622 0.666667 0.281107
1.621622 1.333333 0.363004
1.621622 2.000000 0.444902
1.702703 0.000000 0.209170
1.702703 0.666667 0.291067
1.702703 1.333333 0.372965
1.702703 2.000000 0.454862
1.783784 0.000000 0.219131
1.783784 0.666667 0.301028
1.783784 1.333333 0.382925
1.783784 2.000000 0.464823
1.864865 0.000000 0.229091
1.864865 0.666667 0.310988
1.864865 1.333333 0.392886
1.864865 2.000000 0.474783
1.945946 0.000000 0.239052
1.945946 0.666667 0.320949
1.945946 1.333333 0.402846
1.945946 2.000000 0.484744
2.027027 0.000000 0.249012
2.027027 0.666667 0.330909
2.027027 1.333333 0.412807
2.027027 2.000000 0.494704
2.108108 0.000000 0.258973
2.108108 0.666667 0.340870
2.108108 1.333333 0.422767
2.108108 2.000000 0.504665
2.189189 0.000000 0.268933
2.189189 0.666667 0.350830
2.189189 1.333333 0.432728
2.189189 2.000000 0.514625
2.270270 0.000000 0.278894
2.270270 0.666667 0.360791
2.270270 1.333333 0.442688
2.270270 2.000000 0.524586
2.351351 0.000000 0.288854
2.351351 0.666667 0.370751
2.351351 1.333333 0.452649
2.351351 2.000000 0.534546
2.432432 0.000000 0.298815
2.432432 0.666667 0.380712
2.432432 1.333333 0.462609
2.432432 2.000000 0.544506
2.513514 0.000000 0.308775
2.513514 0.666667 0.390672
2.513514 1.333333 0.472570
2.513514 2.000000 0.554467
2.594595 0.000000 0.318735
2.594595 0.666667 0.400633
2.594595 1.333333 0.482530
2.594595 2.000000 0.564427
2.675676 0.000000 0.328696
2.675676 0.666667 0.410593
2.675676 1.333333 0.492491
2.675676 2.000000 0.574388
2.756757 0.000000 0.338656
2.756757 0.666667 0.420554
2.756757 1.333333 0.502451
2.756757 2.000000 0.584348
2.837838 0.000000 0.348617
2.837838 0.666667 0.430514
2.837838 1.333333 0.512412
2.837838 2.000000 0.594309
2.918919 0.000000 0.358577
2.918919 0.666667 0.440475
2.918919 1.333333 0.522372
2.918919 2.000000 0.604269
3.000000 0.000000 0.368538
3.000000 0.666667 0.450435
3.000000 1.333333 0.532333
3.000000 2.000000 0.614230
