0.000000 0.000000 0.000000
0.000000 0.666667 0.074452
0.000000 1.333333 0.148904
0.000000 2.000000 0.223356
0.081081 0.000000 0.009055
0.081081 0.666667 0.083507
0.081081 1.333333 0.157959
0.081081 2.000000 0.232411
0.162162 0.000000 0.018110
0.162162 0.666667 0.092562
0.162162 1.333333 0.167014
0.162162 2.000000 0.241466
0.243243 0.000000 0.027165
0.243243 0.666667 0.101617
0.243243 1.333333 0.176069
0.243243 2.000000 0.250521
0.324324 0.000000 0.036220
0.324324 0.666667 0.110672
0.324324 1.333333 0.185124
0.324324 2.000000 0.259576
0.405405 0.000000 0.045275
0.405405 0.666667 0.119727
0.405405 1.333333 0.194179
0.405405 2.000000 0.268631
0.486486 0.000000 0.054330
0.486486 0.666667 0.128782
0.486486 1.333333 0.203234
0.486486 2.000000 0.277686
0.567568 0.000000 0.063385
0.567568 0.666667 0.137837
0.567568 1.333333 0.212289
0.567568 2.000000 0.286741
0.648649 0.000000 0.072440
0.648649 0.666667 0.146892
0.648649 1.333333 0.221344
0.648649 2.000000 0.295796
0.729730 0.000000 0.081495
0.729730 0.666667 0.155947
0.729730 1.333333 0.230399
0.729730 2.000000 0.304851
0.810811 0.000000 0.090550
0.810811 0.666667 0.165002
0.810811 1.333333 0.239454
0.810811 2.000000 0.313906
0.891892 0.000000 0.099605
0.891892 0.666667 0.174057
0.891892 1.333333 0.248509
0.891892 2.000000 0.322961
0.972973 0.000000 0.108660
0.972973 0.666667 0.183112
0.972973 1.333333 0.257564
0.972973 2.000000 0.332016
1.054054 0.000000 0.117715
1.054054 0.666667 0.192167
1.054054 1.333333 0.266619
1.054054 2.000000 0.341071
1.135135 0.000000 0.126770
1.135135 0.666667 0.201222
1.135135 1.333333 0.275674
1.135135 2.000000 0.350126
1.216216 0.000000 0.135825
1.216216 0.666667 0.210277
1.216216 1.333333 0.284729
1.216216 2.000000 0.359181
1.297297 0.000000 0.144880
1.297297 0.666667 0.219332
1.297297 1.333333 0.293784
1.297297 2.000000 0.368236
1.378378 0.000000 0.153935
1.378378 0.666667 0.228387
1.378378 1.333333 0.302839
1.378378 2.000000 0.377291
1.459459 0.000000 0.162990
1.459459 0.666667 0.237442
1.459459 1.333333 0.311894
1.459459 2.000000 0.386346
1.540541 0.000000 0.172045
1.540541 0.666667 0.246497
1.540541 1.333333 0.320949
1.540541 2.000000 0.395401
1.621622 0.000000 0.181100
1.621622 0.666667 0.255552
1.621622 1.333333 0.330004
1.621622 2.000000 0.404456
1.702703 0.000000 0.190155
1.702703 0.666667 0.264607
1.702703 1.333333 0.339059
1.702703 2.000000 0.413511
1.783784 0.000000 0.199210
1.783784 0.666667 0.273662
1.783784 1.333333 0.348114
1.783784 2.000000 0.422566
1.864865 0.000000 0.208265
1.864865 0.666667 0.282717
1.864865 1.333333 0.357169
1.864865 2.000000 0.431621
1.945946 0.000000 0.217320
1.945946 0.666667 0.291772
1.945946 1.333333 0.366224
1.945946 2.000000 0.440676
2.027027 0.000000 0.226375
2.027027 0.666667 0.300827
2.027027 1.333333 0.375279
2.027027 2.000000 0.449731
2.108108 0.000000 0.235430
2.108108 0.666667 0.309882
2.108108 1.333333 0.384334
2.108108 2.000000 0.458786
2.189189 0.000000 0.244485
2.189189 0.666667 0.318937
2.189189 1.333333 0.393389
2.189189 2.000000 0.467841
2.270270 0.000000 0.253540
2.270270 0.666667 0.327992
2.270270 1.333333 0.402444
2.270270 2.000000 0.476896
2.351351 0.000000 0.262595
2.351351 0.666667 0.337047
2.351351 1.333333 0.411499
2.351351 2.000000 0.485951
2.432432 0.000000 0.271650
2.432432 0.666667 0.346102
2.432432 1.333333 0.420554
2.432432 2.000000 0.495006
2.513514 0.000000 0.280705
2.513514 0.666667 0.355157
2.513514 1.333333 0.429609
2.513514 2.000000 0.504061
2.594595 0.000000 0.289760
2.594595 0.666667 0.364212
2.594595 1.333333 0.438664
2.594595 2.000000 0.513116
2.675676 0.000000 0.298815
2.675676 0.666667 0.373267
2.675676 1.333333 0.447719
2.675676 2.000000 0.522171
2.756757 0.000000 0.307870
2.756757 0.666667 0.382322
2.756757 1.333333 0.456774
2.756757 2.000000 0.531226
2.837838 0.000000 0.316925
2.837838 0.666667 0.391377
2.837838 1.333333 0.465829
2.837838 2.000000 0.540281
2.918919 0.000000 0.325979
2.918919 0.666667 0.400432
2.918919 1.333333 0.474884
2.918919 2.000000 0.549336
3.000000 0.000000 0.335034
3.000000 0.666667 0.409487
3.000000 1.333333 0.483939
3.000000 2.000000 0.558391
