0.000000 0.000000 0.000000
0.000000 0.666667 0.067684
0.000000 1.333333 0.135367
0.000000 2.000000 0.203051
0.081081 0.000000 0.008232
0.081081 0.666667 0.075916
0.081081 1.333333 0.143599
0.081081 2.000000 0.211283
0.162162 0.000000 0.016464
0.162162 0.666667 0.084147
0.162162 1.333333 0.151831
0.162162 2.000000 0.219515
0.243243 0.000000 0.024695
0.243243 0.666667 0.092379
0.243243 1.333333 0.160063
0.243243 2.000000 0.227747
0.324324 0.000000 0.032927
0.324324 0.666667 0.100611
0.324324 1.333333 0.168295
0.324324 2.000000 0.235978
0.405405 0.000000 0.041159
0.405405 0.666667 0.108843
0.405405 1.333333 0.176526
0.405405 2.000000 0.244210
0.486486 0.000000 0.049391
0.486486 0.666667 0.117075
0.486486 1.333333 0.184758
0.486486 2.000000 0.252442
0.567568 0.000000 0.057623
0.567568 0.666667 0.125306
0.567568 1.333333 0.192990
0.567568 2.000000 0.260674
0.648649 0.000000 0.065854
0.648649 0.666667 0.133538
0.648649 1.333333 0.201222
0.648649 2.000000 0.268906
0.729730 0.000000 0.074086
0.729730 0.666667 0.141770
0.729730 1.333333 0.209454
0.729730 2.000000 0.277137
0.810811 0.000000 0.082318
0.810811 0.666667 0.150002
0.810811 1.333333 0.217686
0.810811 2.000000 0.285369
0.891892 0.000000 0.090550
0.891892 0.666667 0.158234
0.891892 1.333333 0.225917
0.891892 2.000000 0.293601
0.972973 0.000000 0.098782
0.972973 0.666667 0.166465
0.972973 1.333333 0.234149
0.972973 2.000000 0.301833
1.054054 0.000000 0.107013
1.054054 0.666667 0.174697
1.054054 1.333333 0.242381
1.054054 2.000000 0.310065
1.135135 0.000000 0.115245
1.135135 0.666667 0.182929
1.135135 1.333333 0.250613
1.135135 2.000000 0.318296
1.216216 0.000000 0.123477
1.216216 0.666667 0.191161
1.216216 1.333333 0.258845
1.216216 2.000000 0.326528
1.297297 0.000000 0.131709
1.297297 0.666667 0.199393
1.297297 1.333333 0.267076
1.297297 2.000000 0.334760
1.378378 0.000000 0.139941
1.378378 0.666667 0.207624
1.378378 1.333333 0.275308
1.378378 2.000000 0.342992
1.459459 0.000000 0.148172
1.459459 0.666667 0.215856
1.459459 1.333333 0.283540
1.459459 2.000000 0.351224
1.540541 0.000000 0.156404
1.540541 0.666667 0.224088
1.540541 1.333333 0.291772
1.540541 2.000000 0.359455
1.621622 0.000000 0.164636
1.621622 0.666667 0.232320
1.621622 1.333333 0.300004
1.621622 2.000000 0.367687
1.702703 0.000000 0.172868
1.702703 0.666667 0.240552
1.702703 1.333333 0.308235
1.702703 2.000000 0.375919
1.783784 0.000000 0.181100
1.783784 0.666667 0.248783
1.783784 1.333333 0.316467
1.783784 2.000000 0.384151
1.864865 0.000000 0.189332
1.864865 0.666667 0.257015
1.864865 1.333333 0.324699
1.864865 2.000000 0.392383
1.945946 0.000000 0.197563
1.945946 0.666667 0.265247
1.945946 1.333333 0.332931
1.945946 2.000000 0.400615
2.027027 0.000000 0.205795
2.027027 0.666667 0.273479
2.027027 1.333333 0.341163
2.027027 2.000000 0.408846
2.108108 0.000000 0.214027
2.108108 0.666667 0.281711
2.108108 1.333333 0.349394
2.108108 2.000000 0.417078
2.189189 0.000000 0.222259
2.189189 0.666667 0.289942
2.189189 1.333333 0.357626
2.189189 2.000000 0.425310
2.270270 0.000000 0.230491
2.270270 0.666667 0.298174
2.270270 1.333333 0.365858
2.270270 2.000000 0.433542
2.351351 0.000000 0.238722
2.351351 0.666667 0.306406
2.351351 1.333333 0.374090
2.351351 2.000000 0.441774
2.432432 0.000000 0.246954
2.432432 0.666667 0.314638
2.432432 1.333333 0.382322
2.432432 2.000000 0.450005
2.513514 0.000000 0.255186
2.513514 0.666667 0.322870
2.513514 1.333333 0.390553
2.513514 2.000000 0.458237
2.594595 0.000000 0.263418
2.594595 0.666667 0.331101
2.594595 1.333333 0.398785
2.594595 2.000000 0.466469
2.675676 0.000000 0.271650
2.675676 0.666667 0.339333
2.675676 1.333333 0.407017
2.675676 2.000000 0.474701
2.756757 0.000000 0.279881
2.756757 0.666667 0.347565
2.756757 1.333333 0.415249
2.756757 2.000000 0.482933
2.837838 0.000000 0.288113
2.837838 0.666667 0.355797
2.837838 1.333333 0.423481
2.837838 2.000000 0.491164
2.918919 0.000000 0.296345
2.918919 0.666667 0.364029
2.918919 1.333333 0.431712
2.918919 2.000000 0.499396
3.000000 0.000000 0.304577
3.000000 0.666667 0.372261
3.000000 1.333333 0.439944
3.000000 2.000000 0.507628
