0.000000 0.000000 0.000000
0.000000 0.500000 0.046148
0.000000 1.000000 0.092296
0.000000 1.500000 0.138444
0.000000 2.000000 0.184592
0.081081 0.000000 0.007483
0.081081 0.500000 0.053631
0.081081 1.000000 0.099779
0.081081 1.500000 0.145927
0.081081 2.000000 0.192075
0.162162 0.000000 0.014967
0.162162 0.500000 0.061115
0.162162 1.000000 0.107263
0.162162 1.500000 0.153411
0.162162 2.000000 0.199559
0.243243 0.000000 0.022450
0.243243 0.500000 0.068598
0.243243 1.000000 0.114746
0.243243 1.500000 0.160894
0.243243 2.000000 0.207042
0.324324 0.000000 0.029934
0.324324 0.500000 0.076082
0.324324 1.000000 0.122230
0.324324 1.500000 0.168378
0.324324 2.000000 0.214526
0.405405 0.000000 0.037417
0.405405 0.500000 0.083565
0.405405 1.000000 0.129713
0.405405 1.500000 0.175861
0.405405 2.000000 0.222009
0.486486 0.000000 0.044901
0.486486 0.500000 0.091049
0.486486 1.000000 0.137197
0.486486 1.500000 0.183345
0.486486 2.000000 0.229493
0.567568 0.000000 0.052384
0.567568 0.500000 0.098532
0.567568 1.000000 0.144680
0.567568 1.500000 0.190828
0.567568 2.000000 0.236976
0.648649 0.000000 0.059868
0.648649 0.500000 0.106016
0.648649 1.000000 0.152164
0.648649 1.500000 0.198312
0.648649 2.000000 0.244460
0.729730 0.000000 0.067351
0.729730 0.500000 0.113499
0.729730 1.000000 0.159647
0.729730 1.500000 0.205795
0.729730 2.000000 0.251943
0.810811 0.000000 0.074835
0.810811 0.500000 0.120983
0.810811 1.000000 0.167131
0.810811 1.500000 0.213279
0.810811 2.000000 0.259427
0.891892 0.000000 0.082318
0.891892 0.500000 0.128466
0.891892 1.000000 0.174614
0.891892 1.500000 0.220762
0.891892 2.000000 0.266910
0.972973 0.000000 0.089802
0.972973 0.500000 0.135950
0.972973 1.000000 0.182098
0.972973 1.500000 0.228246
0.972973 2.000000 0.274394
1.054054 0.000000 0.097285
1.054054 0.500000 0.143433
1.054054 1.000000 0.189581
1.054054 1.500000 0.235729
1.054054 2.000000 0.281877
1.135135 0.000000 0.104768
1.135135 0.500000 0.150916
1.135135 1.000000 0.197064
1.135135 1.500000 0.243212
1.135135 2.000000 0.289360
1.216216 0.000000 0.112252
1.216216 0.500000 0.158400
1.216216 1.000000 0.204548
1.216216 1.500000 0.250696
1.216216 2.000000 0.296844
1.297297 0.000000 0.119735
1.297297 0.500000 0.165883
1.297297 1.000000 0.212031
1.297297 1.500000 0.258179
1.297297 2.000000 0.304327
1.378378 0.000000 0.127219
1.378378 0.500000 0.173367
1.378378 1.000000 0.219515
1.378378 1.500000 0.265663
1.378378 2.000000 0.311811
1.459459 0.000000 0.134702
1.459459 0.500000 0.180850
1.459459 1.000000 0.226998
1.459459 1.500000 0.273146
1.459459 2.000000 0.319294
1.540541 0.000000 0.142186
1.540541 0.500000 0.188334
1.540541 1.000000 0.234482
1.540541 1.500000 0.280630
1.540541 2.000000 0.326778
1.621622 0.000000 0.149669
1.621622 0.500000 0.195817
1.621622 1.000000 0.241965
1.621622 1.500000 0.288113
1.621622 2.000000 0.334261
1.702703 0.000000 0.157153
1.702703 0.500000 0.203301
1.702703 1.000000 0.249449
1.702703 1.500000 0.295597
1.702703 2.000000 0.341745
1.783784 0.000000 0.164636
1.783784 0.500000 0.210784
1.783784 1.000000 0.256932
1.783784 1.500000 0.303080
1.783784 2.000000 0.349228
1.864865 0.000000 0.172120
1.864865 0.500000 0.218268
1.864865 1.000000 0.264416
1.864865 1.500000 0.310564
1.864865 2.000000 0.356712
1.945946 0.000000 0.179603
1.945946 0.500000 0.225751
1.945946 1.000000 0.271899
1.945946 1.500000 0.318047
1.945946 2.000000 0.364195
2.027027 0.000000 0.187086
2.027027 0.500000 0.233234
2.027027 1.000000 0.279382
2.027027 1.500000 0.325530
2.027027 2.000000 0.371678
2.108108 0.000000 0.194570
2.108108 0.500000 0.240718
2.108108 1.000000 0.286866
2.108108 1.500000 0.333014
2.108108 2.000000 0.379162
2.189189 0.000000 0.202053
2.189189 0.500000 0.248201
2.189189 1.000000 0.294349
2.189189 1.500000 0.340497
2.189189 2.000000 0.386645
2.270270 0.000000 0.209537
2.270270 0.500000 0.255685
2.270270 1.000000 0.301833
2.270270 1.500000 0.347981
2.270270 2.000000 0.394129
2.351351 0.000000 0.217020
2.351351 0.500000 0.263168
2.351351 1.000000 0.309316
2.351351 1.500000 0.355464
2.351351 2.000000 0.401612
2.432432 0.000000 0.224504
2.432432 0.500000 0.270652
2.432432 1.000000 0.316800
2.432432 1.500000 0.362948
2.432432 2.000000 0.409096
2.513514 0.000000 0.231987
2.513514 0.500000 0.278135
2.513514 1.000000 0.324283
2.513514 1.500000 0.370431
2.513514 2.000000 0.416579
2.594595 0.000000 0.239471
2.594595 0.500000 0.285619
2.594595 1.000000 0.331767
2.594595 1.500000 0.377915
2.594595 2.000000 0.424063
2.675676 0.000000 0.246954
2.675676 0.500000 0.293102
2.675676 1.000000 0.339250
2.675676 1.500000 0.385398
2.675676 2.000000 0.431546
2.756757 0.000000 0.254438
2.756757 0.500000 0.300586
2.756757 1.000000 0.346734
2.756757 1.500000 0.392882
2.756757 2.000000 0.439030
2.837838 0.000000 0.261921
2.837838 0.500000 0.308069
2.837838 1.000000 0.354217
2.837838 1.500000 0.400365
2.837838 2.000000 0.446513
2.918919 0.000000 0.269405
2.918919 0.500000 0.315553
2.918919 1.000000 0.361701
2.918919 1.500000 0.407849
2.918919 2.000000 0.453997
3.000000 0.000000 0.276888
3.000000 0.500000 0.323036
3.000000 1.000000 0.369184
3.000000 1.500000 0.415332
3.000000 2.000000 0.461480
