0.000000 0.000000 0.000000
0.000000 0.500000 0.041953
0.000000 1.000000 0.083905
0.000000 1.500000 0.125858
0.000000 2.000000 0.167811
0.081081 0.000000 0.006803
0.081081 0.500000 0.048756
0.081081 1.000000 0.090709
0.081081 1.500000 0.132661
0.081081 2.000000 0.174614
0.162162 0.000000 0.013606
0.162162 0.500000 0.055559
0.162162 1.000000 0.097512
0.162162 1.500000 0.139464
0.162162 2.000000 0.181417
0.243243 0.000000 0.020409
0.243243 0.500000 0.062362
0.243243 1.000000 0.104315
0.243243 1.500000 0.146268
0.243243 2.000000 0.188220
0.324324 0.000000 0.027213
0.324324 0.500000 0.069165
0.324324 1.000000 0.111118
0.324324 1.500000 0.153071
0.324324 2.000000 0.195023
0.405405 0.000000 0.034016
0.405405 0.500000 0.075968
0.405405 1.000000 0.117921
0.405405 1.500000 0.159874
0.405405 2.000000 0.201827
0.486486 0.000000 0.040819
0.486486 0.500000 0.082772
0.486486 1.000000 0.124724
0.486486 1.500000 0.166677
0.486486 2.000000 0.208630
0.567568 0.000000 0.047622
0.567568 0.500000 0.089575
0.567568 1.000000 0.131527
0.567568 1.500000 0.173480
0.567568 2.000000 0.215433
0.648649 0.000000 0.054425
0.648649 0.500000 0.096378
0.648649 1.000000 0.138331
0.648649 1.500000 0.180283
0.648649 2.000000 0.222236
0.729730 0.000000 0.061228
0.729730 0.500000 0.103181
0.729730 1.000000 0.145134
0.729730 1.500000 0.187086
0.729730 2.000000 0.229039
0.810811 0.000000 0.068031
0.810811 0.500000 0.109984
0.810811 1.000000 0.151937
0.810811 1.500000 0.193890
0.810811 2.000000 0.235842
0.891892 0.000000 0.074835
0.891892 0.500000 0.116787
0.891892 1.000000 0.158740
0.891892 1.500000 0.200693
0.891892 2.000000 0.242645
0.972973 0.000000 0.081638
0.972973 0.500000 0.123590
0.972973 1.000000 0.165543
0.972973 1.500000 0.207496
0.972973 2.000000 0.249449
1.054054 0.000000 0.088441
1.054054 0.500000 0.130394
1.054054 1.000000 0.172346
1.054054 1.500000 0.214299
1.054054 2.000000 0.256252
1.135135 0.000000 0.095244
1.135135 0.500000 0.137197
1.135135 1.000000 0.179149
1.135135 1.500000 0.221102
1.135135 2.000000 0.263055
1.216216 0.000000 0.102047
1.216216 0.500000 0.144000
1.216216 1.000000 0.185953
1.216216 1.500000 0.227905
1.216216 2.000000 0.269858
1.297297 0.000000 0.108850
1.297297 0.500000 0.150803
1.297297 1.000000 0.192756
1.297297 1.500000 0.234708
1.297297 2.000000 0.276661
1.378378 0.000000 0.115653
1.378378 0.500000 0.157606
1.378378 1.000000 0.199559
1.378378 1.500000 0.241512
1.378378 2.000000 0.283464
1.459459 0.000000 0.122457
1.459459 0.500000 0.164409
1.459459 1.000000 0.206362
1.459459 1.500000 0.248315
1.459459 2.000000 0.290268
1.540541 0.000000 0.129260
1.540541 0.500000 0.171212
1.540541 1.000000 0.213165
1.540541 1.500000 0.255118
1.540541 2.000000 0.297071
1.621622 0.000000 0.136063
1.621622 0.500000 0.178016
1.621622 1.000000 0.219968
1.621622 1.500000 0.261921
1.621622 2.000000 0.303874
1.702703 0.000000 0.142866
1.702703 0.500000 0.184819
1.702703 1.000000 0.226771
1.702703 1.500000 0.268724
1.702703 2.000000 0.310677
1.783784 0.000000 0.149669
1.783784 0.500000 0.191622
1.783784 1.000000 0.233575
1.783784 1.500000 0.275527
1.783784 2.000000 0.317480
1.864865 0.000000 0.156472
1.864865 0.500000 0.198425
1.864865 1.000000 0.240378
1.864865 1.500000 0.282331
1.864865 2.000000 0.324283
1.945946 0.000000 0.163275
1.945946 0.500000 0.205228
1.945946 1.000000 0.247181
1.945946 1.500000 0.289134
1.945946 2.000000 0.331086
2.027027 0.000000 0.170079
2.027027 0.500000 0.212031
2.027027 1.000000 0.253984
2.027027 1.500000 0.295937
2.027027 2.000000 0.337890
2.108108 0.000000 0.176882
2.108108 0.500000 0.218834
2.108108 1.000000 0.260787
2.108108 1.500000 0.302740
2.108108 2.000000 0.344693
2.189189 0.000000 0.183685
2.189189 0.500000 0.225638
2.189189 1.000000 0.267590
2.189189 1.500000 0.309543
2.189189 2.000000 0.351496
2.270270 0.000000 0.190488
2.270270 0.500000 0.232441
2.270270 1.000000 0.274394
2.270270 1.500000 0.316346
2.270270 2.000000 0.358299
2.351351 0.000000 0.197291
2.351351 0.500000 0.239244
2.351351 1.000000 0.281197
2.351351 1.500000 0.323149
2.351351 2.000000 0.365102
2.432432 0.000000 0.204094
2.432432 0.500000 0.246047
2.432432 1.000000 0.288000
2.432432 1.500000 0.329953
2.432432 2.000000 0.371905
2.513514 0.000000 0.210897
2.513514 0.500000 0.252850
2.513514 1.000000 0.294803
2.513514 1.500000 0.336756
2.513514 2.000000 0.378708
2.594595 0.000000 0.217701
2.594595 0.500000 0.259653
2.594595 1.000000 0.301606
2.594595 1.500000 0.343559
2.594595 2.000000 0.385512
2.675676 0.000000 0.224504
2.675676 0.500000 0.266457
2.675676 1.000000 0.308409
2.675676 1.500000 0.350362
2.675676 2.000000 0.392315
2.756757 0.000000 0.231307
2.756757 0.500000 0.273260
2.756757 1.000000 0.315212
2.756757 1.500000 0.357165
2.756757 2.000000 0.399118
2.837838 0.000000 0.238110
2.837838 0.500000 0.280063
2.837838 1.000000 0.322016
2.837838 1.500000 0.363968
2.837838 2.000000 0.405921
2.918919 0.000000 0.244913
2.918919 0.500000 0.286866
2.918919 1.000000 0.328819
2.918919 1.500000 0.370771
2.918919 2.000000 0.412724
3.000000 0.000000 0.251716
3.000000 0.500000 0.293669
3.000000 1.000000 0.335622
3.000000 1.500000 0.377575
3.000000 2.000000 0.419527
