0.000000 0.000000 0.000000
0.000000 0.500000 0.038139
0.000000 1.000000 0.076278
0.000000 1.500000 0.114417
0.000000 2.000000 0.152555
0.081081 0.000000 0.006185
0.081081 0.500000 0.044324
0.081081 1.000000 0.082462
0.081081 1.500000 0.120601
0.081081 2.000000 0.158740
0.162162 0.000000 0.012369
0.162162 0.500000 0.050508
0.162162 1.000000 0.088647
0.162162 1.500000 0.126786
0.162162 2.000000 0.164925
0.243243 0.000000 0.018554
0.243243 0.500000 0.056693
0.243243 1.000000 0.094832
0.243243 1.500000 0.132971
0.243243 2.000000 0.171109
0.324324 0.000000 0.024739
0.324324 0.500000 0.062878
0.324324 1.000000 0.101016
0.324324 1.500000 0.139155
0.324324 2.000000 0.177294
0.405405 0.000000 0.030923
0.405405 0.500000 0.069062
0.405405 1.000000 0.107201
0.405405 1.500000 0.145340
0.405405 2.000000 0.183479
0.486486 0.000000 0.037108
0.486486 0.500000 0.075247
0.486486 1.000000 0.113386
0.486486 1.500000 0.151525
0.486486 2.000000 0.189663
0.567568 0.000000 0.043293
0.567568 0.500000 0.081432
0.567568 1.000000 0.119570
0.567568 1.500000 0.157709
0.567568 2.000000 0.195848
0.648649 0.000000 0.049477
0.648649 0.500000 0.087616
0.648649 1.000000 0.125755
0.648649 1.500000 0.163894
0.648649 2.000000 0.202033
0.729730 0.000000 0.055662
0.729730 0.500000 0.093801
0.729730 1.000000 0.131940
0.729730 1.500000 0.170079
0.729730 2.000000 0.208217
0.810811 0.000000 0.061847
0.810811 0.500000 0.099986
0.810811 1.000000 0.138124
0.810811 1.500000 0.176263
0.810811 2.000000 0.214402
0.891892 0.000000 0.068031
0.891892 0.500000 0.106170
0.891892 1.000000 0.144309
0.891892 1.500000 0.182448
0.891892 2.000000 0.220587
0.972973 0.000000 0.074216
0.972973 0.500000 0.112355
0.972973 1.000000 0.150494
0.972973 1.500000 0.188633
0.972973 2.000000 0.226771
1.054054 0.000000 0.080401
1.054054 0.500000 0.118540
1.054054 1.000000 0.156678
1.054054 1.500000 0.194817
1.054054 2.000000 0.232956
1.135135 0.000000 0.086585
1.135135 0.500000 0.124724
1.135135 1.000000 0.162863
1.135135 1.500000 0.201002
1.135135 2.000000 0.239141
1.216216 0.000000 0.092770
1.216216 0.500000 0.130909
1.216216 1.000000 0.169048
1.216216 1.500000 0.207187
1.216216 2.000000 0.245326
1.297297 0.000000 0.098955
1.297297 0.500000 0.137094
1.297297 1.000000 0.175233
1.297297 1.500000 0.213371
1.297297 2.000000 0.251510
1.378378 0.000000 0.105140
1.378378 0.500000 0.143278
1.378378 1.000000 0.181417
1.378378 1.500000 0.219556
1.378378 2.000000 0.257695
1.459459 0.000000 0.111324
1.459459 0.500000 0.149463
1.459459 1.000000 0.187602
1.459459 1.500000 0.225741
1.459459 2.000000 0.263880
1.540541 0.000000 0.117509
1.540541 0.500000 0.155648
1.540541 1.000000 0.193787
1.540541 1.500000 0.231925
1.540541 2.000000 0.270064
1.621622 0.000000 0.123694
1.621622 0.500000 0.161832
1.621622 1.000000 0.199971
1.621622 1.500000 0.238110
1.621622 2.000000 0.276249
1.702703 0.000000 0.129878
1.702703 0.500000 0.168017
1.702703 1.000000 0.206156
1.702703 1.500000 0.244295
1.702703 2.000000 0.282434
1.783784 0.000000 0.136063
1.783784 0.500000 0.174202
1.783784 1.000000 0.212341
1.783784 1.500000 0.250479
1.783784 2.000000 0.288618
1.864865 0.000000 0.142248
1.864865 0.500000 0.180386
1.864865 1.000000 0.218525
1.864865 1.500000 0.256664
1.864865 2.000000 0.294803
1.945946 0.000000 0.148432
1.945946 0.500000 0.186571
1.945946 1.000000 0.224710
1.945946 1.500000 0.262849
1.945946 2.000000 0.300988
2.027027 0.000000 0.154617
2.027027 0.500000 0.192756
2.027027 1.000000 0.230895
2.027027 1.500000 0.269033
2.027027 2.000000 0.307172
2.108108 0.000000 0.160802
2.108108 0.500000 0.198940
2.108108 1.000000 0.237079
2.108108 1.500000 0.275218
2.108108 2.000000 0.313357
2.189189 0.000000 0.166986
2.189189 0.500000 0.205125
2.189189 1.000000 0.243264
2.189189 1.500000 0.281403
2.189189 2.000000 0.319542
2.270270 0.000000 0.173171
2.270270 0.500000 0.211310
2.270270 1.000000 0.249449
2.270270 1.500000 0.287587
2.270270 2.000000 0.325726
2.351351 0.000000 0.179356
2.351351 0.500000 0.217494
2.351351 1.000000 0.255633
2.351351 1.500000 0.293772
2.351351 2.000000 0.331911
2.432432 0.000000 0.185540
2.432432 0.500000 0.223679
2.432432 1.000000 0.261818
2.432432 1.500000 0.299957
2.432432 2.000000 0.338096
2.513514 0.000000 0.191725
2.513514 0.500000 0.229864
2.513514 1.000000 0.268003
2.513514 1.500000 0.306142
2.513514 2.000000 0.344280
2.594595 0.000000 0.197910
2.594595 0.500000 0.236049
2.594595 1.000000 0.274187
2.594595 1.500000 0.312326
2.594595 2.000000 0.350465
2.675676 0.000000 0.204094
2.675676 0.500000 0.242233
2.675676 1.000000 0.280372
2.675676 1.500000 0.318511
2.675676 2.000000 0.356650
2.756757 0.000000 0.210279
2.756757 0.500000 0.248418
2.756757 1.000000 0.286557
2.756757 1.500000 0.324696
2.756757 2.000000 0.362834
2.837838 0.000000 0.216464
2.837838 0.500000 0.254603
2.837838 1.000000 0.292741
2.837838 1.500000 0.330880
2.837838 2.000000 0.369019
2.918919 0.000000 0.222648
2.918919 0.500000 0.260787
2.918919 1.000000 0.298926
2.918919 1.500000 0.337065
2.918919 2.000000 0.375204
3.000000 0.000000 0.228833
3.000000 0.500000 0.266972
3.000000 1.000000 0.305111
3.000000 1.500000 0.343250
3.000000 2.000000 0.381388
