0.000000 0.000000 0.000000
0.000000 0.666667 0.046229
0.000000 1.333333 0.092458
0.000000 2.000000 0.138687
0.081081 0.000000 0.005622
0.081081 0.666667 0.051851
0.081081 1.333333 0.098080
0.081081 2.000000 0.144309
0.162162 0.000000 0.011245
0.162162 0.666667 0.057474
0.162162 1.333333 0.103703
0.162162 2.000000 0.149932
0.243243 0.000000 0.016867
0.243243 0.666667 0.063096
0.243243 1.333333 0.109325
0.243243 2.000000 0.155554
0.324324 0.000000 0.022490
0.324324 0.666667 0.068719
0.324324 1.333333 0.114948
0.324324 2.000000 0.161176
0.405405 0.000000 0.028112
0.405405 0.666667 0.074341
0.405405 1.333333 0.120570
0.405405 2.000000 0.166799
0.486486 0.000000 0.033735
0.486486 0.666667 0.079964
0.486486 1.333333 0.126192
0.486486 2.000000 0.172421
0.567568 0.000000 0.039357
0.567568 0.666667 0.085586
0.567568 1.333333 0.131815
0.567568 2.000000 0.178044
0.648649 0.000000 0.044979
0.648649 0.666667 0.091208
0.648649 1.333333 0.137437
0.648649 2.000000 0.183666
0.729730 0.000000 0.050602
0.729730 0.666667 0.096831
0.729730 1.333333 0.143060
0.729730 2.000000 0.189289
0.810811 0.000000 0.056224
0.810811 0.666667 0.102453
0.810811 1.333333 0.148682
0.810811 2.000000 0.194911
0.891892 0.000000 0.061847
0.891892 0.666667 0.108076
0.891892 1.333333 0.154305
0.891892 2.000000 0.200533
0.972973 0.000000 0.067469
0.972973 0.666667 0.113698
0.972973 1.333333 0.159927
0.972973 2.000000 0.206156
1.054054 0.000000 0.073092
1.054054 0.666667 0.119321
1.054054 1.333333 0.165549
1.054054 2.000000 0.211778
1.135135 0.000000 0.078714
1.135135 0.666667 0.124943
1.135135 1.333333 0.171172
1.135135 2.000000 0.217401
1.216216 0.000000 0.084337
1.216216 0.666667 0.130565
1.216216 1.333333 0.176794
1.216216 2.000000 0.223023
1.297297 0.000000 0.089959
1.297297 0.666667 0.136188
1.297297 1.333333 0.182417
1.297297 2.000000 0.228646
1.378378 0.000000 0.095581
1.378378 0.666667 0.141810
1.378378 1.333333 0.188039
1.378378 2.000000 0.234268
1.459459 0.000000 0.101204
1.459459 0.666667 0.147433
1.459459 1.333333 0.193662
1.459459 2.000000 0.239891
1.540541 0.000000 0.106826
1.540541 0.666667 0.153055
1.540541 1.333333 0.199284
1.540541 2.000000 0.245513
1.621622 0.000000 0.112449
1.621622 0.666667 0.158678
1.621622 1.333333 0.204906
1.621622 2.000000 0.251135
1.702703 0.000000 0.118071
1.702703 0.666667 0.164300
1.702703 1.333333 0.210529
1.702703 2.000000 0.256758
1.783784 0.000000 0.123694
1.783784 0.666667 0.169922
1.783784 1.333333 0.216151
1.783784 2.000000 0.262380
1.864865 0.000000 0.129316
1.864865 0.666667 0.175545
1.864865 1.333333 0.221774
1.864865 2.000000 0.268003
1.945946 0.000000 0.134938
1.945946 0.666667 0.181167
1.945946 1.333333 0.227396
1.945946 2.000000 0.273625
2.027027 0.000000 0.140561
2.027027 0.666667 0.186790
2.027027 1.333333 0.233019
2.027027 2.000000 0.279248
2.108108 0.000000 0.146183
2.108108 0.666667 0.192412
2.108108 1.333333 0.238641
2.108108 2.000000 0.284870
2.189189 0.000000 0.151806
2.189189 0.666667 0.198035
2.189189 1.333333 0.244264
2.189189 2.000000 0.290492
2.270270 0.000000 0.157428
2.270270 0.666667 0.203657
2.270270 1.333333 0.249886
2.270270 2.000000 0.296115
2.351351 0.000000 0.163051
2.351351 0.666667 0.209279
2.351351 1.333333 0.255508
2.351351 2.000000 0.301737
2.432432 0.000000 0.168673
2.432432 0.666667 0.214902
2.432432 1.333333 0.261131
2.432432 2.000000 0.307360
2.513514 0.000000 0.174295
2.513514 0.666667 0.220524
2.513514 1.333333 0.266753
2.513514 2.000000 0.312982
2.594595 0.000000 0.179918
2.594595 0.666667 0.226147
2.594595 1.333333 0.272376
2.594595 2.000000 0.318605
2.675676 0.000000 0.185540
2.675676 0.666667 0.231769
2.675676 1.333333 0.277998
2.675676 2.000000 0.324227
2.756757 0.000000 0.191163
2.756757 0.666667 0.237392
2.756757 1.333333 0.283621
2.756757 2.000000 0.329849
2.837838 0.000000 0.196785
2.837838 0.666667 0.243014
2.837838 1.333333 0.289243
2.837838 2.000000 0.335472
2.918919 0.000000 0.202408
2.918919 0.666667 0.248637
2.918919 1.333333 0.294865
2.918919 2.000000 0.341094
3.000000 0.000000 0.208030
3.000000 0.666667 0.254259
3.000000 1.333333 0.300488
3.000000 2.000000 0.346717
