0.000000 0.000000 0.000000
0.000000 0.666667 0.042026
0.000000 1.333333 0.084053
0.000000 2.000000 0.126079
0.081081 0.000000 0.005111
0.081081 0.666667 0.047138
0.081081 1.333333 0.089164
0.081081 2.000000 0.131190
0.162162 0.000000 0.010223
0.162162 0.666667 0.052249
0.162162 1.333333 0.094275
0.162162 2.000000 0.136301
0.243243 0.000000 0.015334
0.243243 0.666667 0.057360
0.243243 1.333333 0.099386
0.243243 2.000000 0.141413
0.324324 0.000000 0.020445
0.324324 0.666667 0.062471
0.324324 1.333333 0.104498
0.324324 2.000000 0.146524
0.405405 0.000000 0.025557
0.405405 0.666667 0.067583
0.405405 1.333333 0.109609
0.405405 2.000000 0.151635
0.486486 0.000000 0.030668
0.486486 0.666667 0.072694
0.486486 1.333333 0.114720
0.486486 2.000000 0.156747
0.567568 0.000000 0.035779
0.567568 0.666667 0.077805
0.567568 1.333333 0.119832
0.567568 2.000000 0.161858
0.648649 0.000000 0.040890
0.648649 0.666667 0.082917
0.648649 1.333333 0.124943
0.648649 2.000000 0.166969
0.729730 0.000000 0.046002
0.729730 0.666667 0.088028
0.729730 1.333333 0.130054
0.729730 2.000000 0.172081
0.810811 0.000000 0.051113
0.810811 0.666667 0.093139
0.810811 1.333333 0.135166
0.810811 2.000000 0.177192
0.891892 0.000000 0.056224
0.891892 0.666667 0.098251
0.891892 1.333333 0.140277
0.891892 2.000000 0.182303
0.972973 0.000000 0.061336
0.972973 0.666667 0.103362
0.972973 1.333333 0.145388
0.972973 2.000000 0.187414
1.054054 0.000000 0.066447
1.054054 0.666667 0.108473
1.054054 1.333333 0.150499
1.054054 2.000000 0.192526
1.135135 0.000000 0.071558
1.135135 0.666667 0.113585
1.135135 1.333333 0.155611
1.135135 2.000000 0.197637
1.216216 0.000000 0.076670
1.216216 0.666667 0.118696
1.216216 1.333333 0.160722
1.216216 2.000000 0.202748
1.297297 0.000000 0.081781
1.297297 0.666667 0.123807
1.297297 1.333333 0.165833
1.297297 2.000000 0.207860
1.378378 0.000000 0.086892
1.378378 0.666667 0.128918
1.378378 1.333333 0.170945
1.378378 2.000000 0.212971
1.459459 0.000000 0.092003
1.459459 0.666667 0.134030
1.459459 1.333333 0.176056
1.459459 2.000000 0.218082
1.540541 0.000000 0.097115
1.540541 0.666667 0.139141
1.540541 1.333333 0.181167
1.540541 2.000000 0.223194
1.621622 0.000000 0.102226
1.621622 0.666667 0.144252
1.621622 1.333333 0.186279
1.621622 2.000000 0.228305
1.702703 0.000000 0.107337
1.702703 0.666667 0.149364
1.702703 1.333333 0.191390
1.702703 2.000000 0.233416
1.783784 0.000000 0.112449
1.783784 0.666667 0.154475
1.783784 1.333333 0.196501
1.783784 2.000000 0.238527
1.864865 0.000000 0.117560
1.864865 0.666667 0.159586
1.864865 1.333333 0.201613
1.864865 2.000000 0.243639
1.945946 0.000000 0.122671
1.945946 0.666667 0.164698
1.945946 1.333333 0.206724
1.945946 2.000000 0.248750
2.027027 0.000000 0.127783
2.027027 0.666667 0.169809
2.027027 1.333333 0.211835
2.027027 2.000000 0.253861
2.108108 0.000000 0.132894
2.108108 0.666667 0.174920
2.108108 1.333333 0.216946
2.108108 2.000000 0.258973
2.189189 0.000000 0.138005
2.189189 0.666667 0.180031
2.189189 1.333333 0.222058
2.189189 2.000000 0.264084
2.270270 0.000000 0.143116
2.270270 0.666667 0.185143
2.270270 1.333333 0.227169
2.270270 2.000000 0.269195
2.351351 0.000000 0.148228
2.351351 0.666667 0.190254
2.351351 1.333333 0.232280
2.351351 2.000000 0.274307
2.432432 0.000000 0.153339
2.432432 0.666667 0.195365
2.432432 1.333333 0.237392
2.432432 2.000000 0.279418
2.513514 0.000000 0.158450
2.513514 0.666667 0.200477
2.513514 1.333333 0.242503
2.513514 2.000000 0.284529
2.594595 0.000000 0.163562
2.594595 0.666667 0.205588
2.594595 1.333333 0.247614
2.594595 2.000000 0.289641
2.675676 0.000000 0.168673
2.675676 0.666667 0.210699
2.675676 1.333333 0.252726
2.675676 2.000000 0.294752
2.756757 0.000000 0.173784
2.756757 0.666667 0.215811
2.756757 1.333333 0.257837
2.756757 2.000000 0.299863
2.837838 0.000000 0.178896
2.837838 0.666667 0.220922
2.837838 1.333333 0.262948
2.837838 2.000000 0.304974
2.918919 0.000000 0.184007
2.918919 0.666667 0.226033
2.918919 1.333333 0.268059
2.918919 2.000000 0.310086
3.000000 0.000000 0.189118
3.000000 0.666667 0.231144
3.000000 1.333333 0.273171
3.000000 2.000000 0.315197
