0.000000 0.000000 0.000000
0.000000 0.666667 0.500877
0.000000 1.333333 1.001753
0.000000 2.000000 1.502630
0.081081 0.000000 0.060917
0.081081 0.666667 0.561794
0.081081 1.333333 1.062670
0.081081 2.000000 1.563547
0.162162 0.000000 0.121835
0.162162 0.666667 0.622711
0.162162 1.333333 1.123588
0.162162 2.000000 1.624464
0.243243 0.000000 0.182752
0.243243 0.666667 0.683629
0.243243 1.333333 1.184505
0.243243 2.000000 1.685382
0.324324 0.000000 0.243670
0.324324 0.666667 0.744546
0.324324 1.333333 1.245423
0.324324 2.000000 1.746299
0.405405 0.000000 0.304587
0.405405 0.666667 0.805464
0.405405 1.333333 1.306340
0.405405 2.000000 1.807217
0.486486 0.000000 0.365504
0.486486 0.666667 0.866381
0.486486 1.333333 1.367258
0.486486 2.000000 1.868134
0.567568 0.000000 0.426422
0.567568 0.666667 0.927298
0.567568 1.333333 1.428175
0.567568 2.000000 1.929052
0.648649 0.000000 0.487339
0.648649 0.666667 0.988216
0.648649 1.333333 1.489092
0.648649 2.000000 1.989969
0.729730 0.000000 0.548257
0.729730 0.666667 1.049133
0.729730 1.333333 1.550010
0.729730 2.000000 2.050886
0.810811 0.000000 0.609174
0.810811 0.666667 1.110051
0.810811 1.333333 1.610927
0.810811 2.000000 2.111804
0.891892 0.000000 0.670092
0.891892 0.666667 1.170968
0.891892 1.333333 1.671845
0.891892 2.000000 2.172721
0.972973 0.000000 0.731009
0.972973 0.666667 1.231886
0.972973 1.333333 1.732762
0.972973 2.000000 2.233639
1.054054 0.000000 0.791926
1.054054 0.666667 1.292803
1.054054 1.333333 1.793679
1.054054 2.000000 2.294556
1.135135 0.000000 0.852844
1.135135 0.666667 1.353720
1.135135 1.333333 1.854597
1.135135 2.000000 2.355473
1.216216 0.000000 0.913761
1.216216 0.666667 1.414638
1.216216 1.333333 1.915514
1.216216 2.000000 2.416391
1.297297 0.000000 0.974679
1.297297 0.666667 1.475555
1.297297 1.333333 1.976432
1.297297 2.000000 2.477308
1.378378 0.000000 1.035596
1.378378 0.666667 1.536473
1.378378 1.333333 2.037349
1.378378 2.000000 2.538226
1.459459 0.000000 1.096513
1.459459 0.666667 1.597390
1.459459 1.333333 2.098267
1.459459 2.000000 2.599143
1.540541 0.000000 1.157431
1.540541 0.666667 1.658307
1.540541 1.333333 2.159184
1.540541 2.000000 2.660061
1.621622 0.000000 1.218348
1.621622 0.666667 1.719225
1.621622 1.333333 2.220101
1.621622 2.000000 2.720978
1.702703 0.000000 1.279266
1.702703 0.666667 1.780142
1.702703 1.333333 2.281019
1.702703 2.000000 2.781895
1.783784 0.000000 1.340183
1.783784 0.666667 1.841060
1.783784 1.333333 2.341936
1.783784 2.000000 2.842813
1.864865 0.000000 1.401101
1.864865 0.666667 1.901977
1.864865 1.333333 2.402854
1.864865 2.000000 2.903730
1.945946 0.000000 1.462018
1.945946 0.666667 1.962895
1.945946 1.333333 2.463771
1.945946 2.000000 2.964648
2.027027 0.000000 1.522935
2.027027 0.666667 2.023812
2.027027 1.333333 2.524688
2.027027 2.000000 3.025565
2.108108 0.000000 1.583853
2.108108 0.666667 2.084729
2.108108 1.333333 2.585606
2.108108 2.000000 3.086482
2.189189 0.000000 1.644770
2.189189 0.666667 2.145647
2.189189 1.333333 2.646523
2.189189 2.000000 3.147400
2.270270 0.000000 1.705688
2.270270 0.666667 2.206564
2.270270 1.333333 2.707441
2.270270 2.000000 3.208317
2.351351 0.000000 1.766605
2.351351 0.666667 2.267482
2.351351 1.333333 2.768358
2.351351 2.000000 3.269235
2.432432 0.000000 1.827522
2.432432 0.666667 2.328399
2.432432 1.333333 2.829276
2.432432 2.000000 3.330152
2.513514 0.000000 1.888440
2.513514 0.666667 2.389316
2.513514 1.333333 2.890193
2.513514 2.000000 3.391070
2.594595 0.000000 1.949357
2.594595 0.666667 2.450234
2.594595 1.333333 2.951110
2.594595 2.000000 3.451987
2.675676 0.000000 2.010275
2.675676 0.666667 2.511151
2.675676 1.333333 3.012028
2.675676 2.000000 3.512904
2.756757 0.000000 2.071192
2.756757 0.666667 2.572069
2.756757 1.333333 3.072945
2.756757 2.000000 3.573822
2.837838 0.000000 2.132110
2.837838 0.666667 2.632986
2.837838 1.333333 3.133863
2.837838 2.000000 3.634739
2.918919 0.000000 2.193027
2.918919 0.666667 2.693904
2.918919 1.333333 3.194780
2.918919 2.000000 3.695657
3.000000 0.000000 2.253944
3.000000 0.666667 2.754821
3.000000 1.333333 3.255697
3.000000 2.000000 3.756574
