0.000000 0.000000 0.000000
0.000000 0.666667 0.038206
0.000000 1.333333 0.076411
0.000000 2.000000 0.114617
0.081081 0.000000 0.004647
0.081081 0.666667 0.042852
0.081081 1.333333 0.081058
0.081081 2.000000 0.119264
0.162162 0.000000 0.009293
0.162162 0.666667 0.047499
0.162162 1.333333 0.085705
0.162162 2.000000 0.123910
0.243243 0.000000 0.013940
0.243243 0.666667 0.052146
0.243243 1.333333 0.090351
0.243243 2.000000 0.128557
0.324324 0.000000 0.018587
0.324324 0.666667 0.056792
0.324324 1.333333 0.094998
0.324324 2.000000 0.133204
0.405405 0.000000 0.023233
0.405405 0.666667 0.061439
0.405405 1.333333 0.099645
0.405405 2.000000 0.137850
0.486486 0.000000 0.027880
0.486486 0.666667 0.066086
0.486486 1.333333 0.104291
0.486486 2.000000 0.142497
0.567568 0.000000 0.032526
0.567568 0.666667 0.070732
0.567568 1.333333 0.108938
0.567568 2.000000 0.147144
0.648649 0.000000 0.037173
0.648649 0.666667 0.075379
0.648649 1.333333 0.113585
0.648649 2.000000 0.151790
0.729730 0.000000 0.041820
0.729730 0.666667 0.080025
0.729730 1.333333 0.118231
0.729730 2.000000 0.156437
0.810811 0.000000 0.046466
0.810811 0.666667 0.084672
0.810811 1.333333 0.122878
0.810811 2.000000 0.161084
0.891892 0.000000 0.051113
0.891892 0.666667 0.089319
0.891892 1.333333 0.127524
0.891892 2.000000 0.165730
0.972973 0.000000 0.055760
0.972973 0.666667 0.093965
0.972973 1.333333 0.132171
0.972973 2.000000 0.170377
1.054054 0.000000 0.060406
1.054054 0.666667 0.098612
1.054054 1.333333 0.136818
1.054054 2.000000 0.175023
1.135135 0.000000 0.065053
1.135135 0.666667 0.103259
1.135135 1.333333 0.141464
1.135135 2.000000 0.179670
1.216216 0.000000 0.069700
1.216216 0.666667 0.107905
1.216216 1.333333 0.146111
1.216216 2.000000 0.184317
1.297297 0.000000 0.074346
1.297297 0.666667 0.112552
1.297297 1.333333 0.150758
1.297297 2.000000 0.188963
1.378378 0.000000 0.078993
1.378378 0.666667 0.117199
1.378378 1.333333 0.155404
1.378378 2.000000 0.193610
1.459459 0.000000 0.083640
1.459459 0.666667 0.121845
1.459459 1.333333 0.160051
1.459459 2.000000 0.198257
1.540541 0.000000 0.088286
1.540541 0.666667 0.126492
1.540541 1.333333 0.164698
1.540541 2.000000 0.202903
1.621622 0.000000 0.092933
1.621622 0.666667 0.131138
1.621622 1.333333 0.169344
1.621622 2.000000 0.207550
1.702703 0.000000 0.097579
1.702703 0.666667 0.135785
1.702703 1.333333 0.173991
1.702703 2.000000 0.212197
1.783784 0.000000 0.102226
1.783784 0.666667 0.140432
1.783784 1.333333 0.178637
1.783784 2.000000 0.216843
1.864865 0.000000 0.106873
1.864865 0.666667 0.145078
1.864865 1.333333 0.183284
1.864865 2.000000 0.221490
1.945946 0.000000 0.111519
1.945946 0.666667 0.149725
1.945946 1.333333 0.187931
1.945946 2.000000 0.226136
2.027027 0.000000 0.116166
2.027027 0.666667 0.154372
2.027027 1.333333 0.192577
2.027027 2.000000 0.230783
2.108108 0.000000 0.120813
2.108108 0.666667 0.159018
2.108108 1.333333 0.197224
2.108108 2.000000 0.235430
2.189189 0.000000 0.125459
2.189189 0.666667 0.163665
2.189189 1.333333 0.201871
2.189189 2.000000 0.240076
2.270270 0.000000 0.130106
2.270270 0.666667 0.168312
2.270270 1.333333 0.206517
2.270270 2.000000 0.244723
2.351351 0.000000 0.134753
2.351351 0.666667 0.172958
2.351351 1.333333 0.211164
2.351351 2.000000 0.249370
2.432432 0.000000 0.139399
2.432432 0.666667 0.177605
2.432432 1.333333 0.215811
2.432432 2.000000 0.254016
2.513514 0.000000 0.144046
2.513514 0.666667 0.182252
2.513514 1.333333 0.220457
2.513514 2.000000 0.258663
2.594595 0.000000 0.148692
2.594595 0.666667 0.186898
2.594595 1.333333 0.225104
2.594595 2.000000 0.263310
2.675676 0.000000 0.153339
2.675676 0.666667 0.191545
2.675676 1.333333 0.229751
2.675676 2.000000 0.267956
2.756757 0.000000 0.157986
2.756757 0.666667 0.196191
2.756757 1.333333 0.234397
2.756757 2.000000 0.272603
2.837838 0.000000 0.162632
2.837838 0.666667 0.200838
2.837838 1.333333 0.239044
2.837838 2.000000 0.277249
2.918919 0.000000 0.167279
2.918919 0.666667 0.205485
2.918919 1.333333 0.243690
2.918919 2.000000 0.281896
3.000000 0.000000 0.171926
3.000000 0.666667 0.210131
3.000000 1.333333 0.248337
3.000000 2.000000 0.286543
