0.000000 0.000000 0.000000
0.000000 0.500000 0.026049
0.000000 1.000000 0.052099
0.000000 1.500000 0.078148
0.000000 2.000000 0.104197
0.081081 0.000000 0.004224
0.081081 0.500000 0.030274
0.081081 1.000000 0.056323
0.081081 1.500000 0.082372
0.081081 2.000000 0.108422
0.162162 0.000000 0.008448
0.162162 0.500000 0.034498
0.162162 1.000000 0.060547
0.162162 1.500000 0.086596
0.162162 2.000000 0.112646
0.243243 0.000000 0.012673
0.243243 0.500000 0.038722
0.243243 1.000000 0.064771
0.243243 1.500000 0.090821
0.243243 2.000000 0.116870
0.324324 0.000000 0.016897
0.324324 0.500000 0.042946
0.324324 1.000000 0.068996
0.324324 1.500000 0.095045
0.324324 2.000000 0.121094
0.405405 0.000000 0.021121
0.405405 0.500000 0.047170
0.405405 1.000000 0.073220
0.405405 1.500000 0.099269
0.405405 2.000000 0.125318
0.486486 0.000000 0.025345
0.486486 0.500000 0.051395
0.486486 1.000000 0.077444
0.486486 1.500000 0.103493
0.486486 2.000000 0.129543
0.567568 0.000000 0.029570
0.567568 0.500000 0.055619
0.567568 1.000000 0.081668
0.567568 1.500000 0.107718
0.567568 2.000000 0.133767
0.648649 0.000000 0.033794
0.648649 0.500000 0.059843
0.648649 1.000000 0.085892
0.648649 1.500000 0.111942
0.648649 2.000000 0.137991
0.729730 0.000000 0.038018
0.729730 0.500000 0.064067
0.729730 1.000000 0.090117
0.729730 1.500000 0.116166
0.729730 2.000000 0.142215
0.810811 0.000000 0.042242
0.810811 0.500000 0.068292
0.810811 1.000000 0.094341
0.810811 1.500000 0.120390
0.810811 2.000000 0.146440
0.891892 0.000000 0.046466
0.891892 0.500000 0.072516
0.891892 1.000000 0.098565
0.891892 1.500000 0.124614
0.891892 2.000000 0.150664
0.972973 0.000000 0.050691
0.972973 0.500000 0.076740
0.972973 1.000000 0.102789
0.972973 1.500000 0.128839
0.972973 2.000000 0.154888
1.054054 0.000000 0.054915
1.054054 0.500000 0.080964
1.054054 1.000000 0.107014
1.054054 1.500000 0.133063
1.054054 2.000000 0.159112
1.135135 0.000000 0.059139
1.135135 0.500000 0.085188
1.135135 1.000000 0.111238
1.135135 1.500000 0.137287
1.135135 2.000000 0.163336
1.216216 0.000000 0.063363
1.216216 0.500000 0.089413
1.216216 1.000000 0.115462
1.216216 1.500000 0.141511
1.216216 2.000000 0.167561
1.297297 0.000000 0.067587
1.297297 0.500000 0.093637
1.297297 1.000000 0.119686
1.297297 1.500000 0.145736
1.297297 2.000000 0.171785
1.378378 0.000000 0.071812
1.378378 0.500000 0.097861
1.378378 1.000000 0.123910
1.378378 1.500000 0.149960
1.378378 2.000000 0.176009
1.459459 0.000000 0.076036
1.459459 0.500000 0.102085
1.459459 1.000000 0.128135
1.459459 1.500000 0.154184
1.459459 2.000000 0.180233
1.540541 0.000000 0.080260
1.540541 0.500000 0.106309
1.540541 1.000000 0.132359
1.540541 1.500000 0.158408
1.540541 2.000000 0.184458
1.621622 0.000000 0.084484
1.621622 0.500000 0.110534
1.621622 1.000000 0.136583
1.621622 1.500000 0.162632
1.621622 2.000000 0.188682
1.702703 0.000000 0.088709
1.702703 0.500000 0.114758
1.702703 1.000000 0.140807
1.702703 1.500000 0.166857
1.702703 2.000000 0.192906
1.783784 0.000000 0.092933
1.783784 0.500000 0.118982
1.783784 1.000000 0.145031
1.783784 1.500000 0.171081
1.783784 2.000000 0.197130
1.864865 0.000000 0.097157
1.864865 0.500000 0.123206
1.864865 1.000000 0.149256
1.864865 1.500000 0.175305
1.864865 2.000000 0.201354
1.945946 0.000000 0.101381
1.945946 0.500000 0.127431
1.945946 1.000000 0.153480
1.945946 1.500000 0.179529
1.945946 2.000000 0.205579
2.027027 0.000000 0.105605
2.027027 0.500000 0.131655
2.027027 1.000000 0.157704
2.027027 1.500000 0.183753
2.027027 2.000000 0.209803
2.108108 0.000000 0.109830
2.108108 0.500000 0.135879
2.108108 1.000000 0.161928
2.108108 1.500000 0.187978
2.108108 2.000000 0.214027
2.189189 0.000000 0.114054
2.189189 0.500000 0.140103
2.189189 1.000000 0.166153
2.189189 1.500000 0.192202
2.189189 2.000000 0.218251
2.270270 0.000000 0.118278
2.270270 0.500000 0.144327
2.270270 1.000000 0.170377
2.270270 1.500000 0.196426
2.270270 2.000000 0.222475
2.351351 0.000000 0.122502
2.351351 0.500000 0.148552
2.351351 1.000000 0.174601
2.351351 1.500000 0.200650
2.351351 2.000000 0.226700
2.432432 0.000000 0.126727
2.432432 0.500000 0.152776
2.432432 1.000000 0.178825
2.432432 1.500000 0.204875
2.432432 2.000000 0.230924
2.513514 0.000000 0.130951
2.513514 0.500000 0.157000
2.513514 1.000000 0.183049
2.513514 1.500000 0.209099
2.513514 2.000000 0.235148
2.594595 0.000000 0.135175
2.594595 0.500000 0.161224
2.594595 1.000000 0.187274
2.594595 1.500000 0.213323
2.594595 2.000000 0.239372
2.675676 0.000000 0.139399
2.675676 0.500000 0.165449
2.675676 1.000000 0.191498
2.675676 1.500000 0.217547
2.675676 2.000000 0.243597
2.756757 0.000000 0.143623
2.756757 0.500000 0.169673
2.756757 1.000000 0.195722
2.756757 1.500000 0.221771
2.756757 2.000000 0.247821
2.837838 0.000000 0.147848
2.837838 0.500000 0.173897
2.837838 1.000000 0.199946
2.837838 1.500000 0.225996
2.837838 2.000000 0.252045
2.918919 0.000000 0.152072
2.918919 0.500000 0.178121
2.918919 1.000000 0.204171
2.918919 1.500000 0.230220
2.918919 2.000000 0.256269
3.000000 0.000000 0.156296
3.000000 0.500000 0.182345
3.000000 1.000000 0.208395
3.000000 1.500000 0.234444
3.000000 2.000000 0.260493
