0.000000 0.000000 0.000000
0.000000 0.666667 0.031575
0.000000 1.333333 0.063150
0.000000 2.000000 0.094725
0.081081 0.000000 0.003840
0.081081 0.666667 0.035415
0.081081 1.333333 0.066990
0.081081 2.000000 0.098565
0.162162 0.000000 0.007680
0.162162 0.666667 0.039255
0.162162 1.333333 0.070830
0.162162 2.000000 0.102405
0.243243 0.000000 0.011521
0.243243 0.666667 0.043096
0.243243 1.333333 0.074671
0.243243 2.000000 0.106245
0.324324 0.000000 0.015361
0.324324 0.666667 0.046936
0.324324 1.333333 0.078511
0.324324 2.000000 0.110086
0.405405 0.000000 0.019201
0.405405 0.666667 0.050776
0.405405 1.333333 0.082351
0.405405 2.000000 0.113926
0.486486 0.000000 0.023041
0.486486 0.666667 0.054616
0.486486 1.333333 0.086191
0.486486 2.000000 0.117766
0.567568 0.000000 0.026881
0.567568 0.666667 0.058456
0.567568 1.333333 0.090031
0.567568 2.000000 0.121606
0.648649 0.000000 0.030722
0.648649 0.666667 0.062297
0.648649 1.333333 0.093872
0.648649 2.000000 0.125446
0.729730 0.000000 0.034562
0.729730 0.666667 0.066137
0.729730 1.333333 0.097712
0.729730 2.000000 0.129287
0.810811 0.000000 0.038402
0.810811 0.666667 0.069977
0.810811 1.333333 0.101552
0.810811 2.000000 0.133127
0.891892 0.000000 0.042242
0.891892 0.666667 0.073817
0.891892 1.333333 0.105392
0.891892 2.000000 0.136967
0.972973 0.000000 0.046082
0.972973 0.666667 0.077657
0.972973 1.333333 0.109232
0.972973 2.000000 0.140807
1.054054 0.000000 0.049923
1.054054 0.666667 0.081498
1.054054 1.333333 0.113072
1.054054 2.000000 0.144647
1.135135 0.000000 0.053763
1.135135 0.666667 0.085338
1.135135 1.333333 0.116913
1.135135 2.000000 0.148488
1.216216 0.000000 0.057603
1.216216 0.666667 0.089178
1.216216 1.333333 0.120753
1.216216 2.000000 0.152328
1.297297 0.000000 0.061443
1.297297 0.666667 0.093018
1.297297 1.333333 0.124593
1.297297 2.000000 0.156168
1.378378 0.000000 0.065283
1.378378 0.666667 0.096858
1.378378 1.333333 0.128433
1.378378 2.000000 0.160008
1.459459 0.000000 0.069124
1.459459 0.666667 0.100699
1.459459 1.333333 0.132273
1.459459 2.000000 0.163848
1.540541 0.000000 0.072964
1.540541 0.666667 0.104539
1.540541 1.333333 0.136114
1.540541 2.000000 0.167689
1.621622 0.000000 0.076804
1.621622 0.666667 0.108379
1.621622 1.333333 0.139954
1.621622 2.000000 0.171529
1.702703 0.000000 0.080644
1.702703 0.666667 0.112219
1.702703 1.333333 0.143794
1.702703 2.000000 0.175369
1.783784 0.000000 0.084484
1.783784 0.666667 0.116059
1.783784 1.333333 0.147634
1.783784 2.000000 0.179209
1.864865 0.000000 0.088325
1.864865 0.666667 0.119900
1.864865 1.333333 0.151474
1.864865 2.000000 0.183049
1.945946 0.000000 0.092165
1.945946 0.666667 0.123740
1.945946 1.333333 0.155315
1.945946 2.000000 0.186890
2.027027 0.000000 0.096005
2.027027 0.666667 0.127580
2.027027 1.333333 0.159155
2.027027 2.000000 0.190730
2.108108 0.000000 0.099845
2.108108 0.666667 0.131420
2.108108 1.333333 0.162995
2.108108 2.000000 0.194570
2.189189 0.000000 0.103685
2.189189 0.666667 0.135260
2.189189 1.333333 0.166835
2.189189 2.000000 0.198410
2.270270 0.000000 0.107526
2.270270 0.666667 0.139101
2.270270 1.333333 0.170675
2.270270 2.000000 0.202250
2.351351 0.000000 0.111366
2.351351 0.666667 0.142941
2.351351 1.333333 0.174516
2.351351 2.000000 0.206091
2.432432 0.000000 0.115206
2.432432 0.666667 0.146781
2.432432 1.333333 0.178356
2.432432 2.000000 0.209931
2.513514 0.000000 0.119046
2.513514 0.666667 0.150621
2.513514 1.333333 0.182196
2.513514 2.000000 0.213771
2.594595 0.000000 0.122886
2.594595 0.666667 0.154461
2.594595 1.333333 0.186036
2.594595 2.000000 0.217611
2.675676 0.000000 0.126727
2.675676 0.666667 0.158301
2.675676 1.333333 0.189876
2.675676 2.000000 0.221451
2.756757 0.000000 0.130567
2.756757 0.666667 0.162142
2.756757 1.333333 0.193717
2.756757 2.000000 0.225292
2.837838 0.000000 0.134407
2.837838 0.666667 0.165982
2.837838 1.333333 0.197557
2.837838 2.000000 0.229132
2.918919 0.000000 0.138247
2.918919 0.666667 0.169822
2.918919 1.333333 0.201397
2.918919 2.000000 0.232972
3.000000 0.000000 0.142087
3.000000 0.666667 0.173662
3.000000 1.333333 0.205237
3.000000 2.000000 0.236812
