0.000000 0.000000 0.000000
0.000000 0.500000 0.021528
0.000000 1.000000 0.043057
0.000000 1.500000 0.064585
0.000000 2.000000 0.086114
0.081081 0.000000 0.003491
0.081081 0.500000 0.025019
0.081081 1.000000 0.046548
0.081081 1.500000 0.068076
0.081081 2.000000 0.089605
0.162162 0.000000 0.006982
0.162162 0.500000 0.028511
0.162162 1.000000 0.050039
0.162162 1.500000 0.071567
0.162162 2.000000 0.093096
0.243243 0.000000 0.010473
0.243243 0.500000 0.032002
0.243243 1.000000 0.053530
0.243243 1.500000 0.075058
0.243243 2.000000 0.096587
0.324324 0.000000 0.013964
0.324324 0.500000 0.035493
0.324324 1.000000 0.057021
0.324324 1.500000 0.078550
0.324324 2.000000 0.100078
0.405405 0.000000 0.017455
0.405405 0.500000 0.038984
0.405405 1.000000 0.060512
0.405405 1.500000 0.082041
0.405405 2.000000 0.103569
0.486486 0.000000 0.020947
0.486486 0.500000 0.042475
0.486486 1.000000 0.064003
0.486486 1.500000 0.085532
0.486486 2.000000 0.107060
0.567568 0.000000 0.024438
0.567568 0.500000 0.045966
0.567568 1.000000 0.067494
0.567568 1.500000 0.089023
0.567568 2.000000 0.110551
0.648649 0.000000 0.027929
0.648649 0.500000 0.049457
0.648649 1.000000 0.070985
0.648649 1.500000 0.092514
0.648649 2.000000 0.114042
0.729730 0.000000 0.031420
0.729730 0.500000 0.052948
0.729730 1.000000 0.074477
0.729730 1.500000 0.096005
0.729730 2.000000 0.117533
0.810811 0.000000 0.034911
0.810811 0.500000 0.056439
0.810811 1.000000 0.077968
0.810811 1.500000 0.099496
0.810811 2.000000 0.121024
0.891892 0.000000 0.038402
0.891892 0.500000 0.059930
0.891892 1.000000 0.081459
0.891892 1.500000 0.102987
0.891892 2.000000 0.124516
0.972973 0.000000 0.041893
0.972973 0.500000 0.063421
0.972973 1.000000 0.084950
0.972973 1.500000 0.106478
0.972973 2.000000 0.128007
1.054054 0.000000 0.045384
1.054054 0.500000 0.066913
1.054054 1.000000 0.088441
1.054054 1.500000 0.109969
1.054054 2.000000 0.131498
1.135135 0.000000 0.048875
1.135135 0.500000 0.070404
1.135135 1.000000 0.091932
1.135135 1.500000 0.113460
1.135135 2.000000 0.134989
1.216216 0.000000 0.052366
1.216216 0.500000 0.073895
1.216216 1.000000 0.095423
1.216216 1.500000 0.116951
1.216216 2.000000 0.138480
1.297297 0.000000 0.055857
1.297297 0.500000 0.077386
1.297297 1.000000 0.098914
1.297297 1.500000 0.120443
1.297297 2.000000 0.141971
1.378378 0.000000 0.059349
1.378378 0.500000 0.080877
1.378378 1.000000 0.102405
1.378378 1.500000 0.123934
1.378378 2.000000 0.145462
1.459459 0.000000 0.062840
1.459459 0.500000 0.084368
1.459459 1.000000 0.105896
1.459459 1.500000 0.127425
1.459459 2.000000 0.148953
1.540541 0.000000 0.066331
1.540541 0.500000 0.087859
1.540541 1.000000 0.109387
1.540541 1.500000 0.130916
1.540541 2.000000 0.152444
1.621622 0.000000 0.069822
1.621622 0.500000 0.091350
1.621622 1.000000 0.112879
1.621622 1.500000 0.134407
1.621622 2.000000 0.155935
1.702703 0.000000 0.073313
1.702703 0.500000 0.094841
1.702703 1.000000 0.116370
1.702703 1.500000 0.137898
1.702703 2.000000 0.159426
1.783784 0.000000 0.076804
1.783784 0.500000 0.098332
1.783784 1.000000 0.119861
1.783784 1.500000 0.141389
1.783784 2.000000 0.162917
1.864865 0.000000 0.080295
1.864865 0.500000 0.101823
1.864865 1.000000 0.123352
1.864865 1.500000 0.144880
1.864865 2.000000 0.166409
1.945946 0.000000 0.083786
1.945946 0.500000 0.105315
1.945946 1.000000 0.126843
1.945946 1.500000 0.148371
1.945946 2.000000 0.169900
2.027027 0.000000 0.087277
2.027027 0.500000 0.108806
2.027027 1.000000 0.130334
2.027027 1.500000 0.151862
2.027027 2.000000 0.173391
2.108108 0.000000 0.090768
2.108108 0.500000 0.112297
2.108108 1.000000 0.133825
2.108108 1.500000 0.155353
2.108108 2.000000 0.176882
2.189189 0.000000 0.094259
2.189189 0.500000 0.115788
2.189189 1.000000 0.137316
2.189189 1.500000 0.158845
2.189189 2.000000 0.180373
2.270270 0.000000 0.097750
2.270270 0.500000 0.119279
2.270270 1.000000 0.140807
2.270270 1.500000 0.162336
2.270270 2.000000 0.183864
2.351351 0.000000 0.101242
2.351351 0.500000 0.122770
2.351351 1.000000 0.144298
2.351351 1.500000 0.165827
2.351351 2.000000 0.187355
2.432432 0.000000 0.104733
2.432432 0.500000 0.126261
2.432432 1.000000 0.147789
2.432432 1.500000 0.169318
2.432432 2.000000 0.190846
2.513514 0.000000 0.108224
2.513514 0.500000 0.129752
2.513514 1.000000 0.151281
2.513514 1.500000 0.172809
2.513514 2.000000 0.194337
2.594595 0.000000 0.111715
2.594595 0.500000 0.133243
2.594595 1.000000 0.154772
2.594595 1.500000 0.176300
2.594595 2.000000 0.197828
2.675676 0.000000 0.115206
2.675676 0.500000 0.136734
2.675676 1.000000 0.158263
2.675676 1.500000 0.179791
2.675676 2.000000 0.201319
2.756757 0.000000 0.118697
2.756757 0.500000 0.140225
2.756757 1.000000 0.161754
2.756757 1.500000 0.183282
2.756757 2.000000 0.204811
2.837838 0.000000 0.122188
2.837838 0.500000 0.143716
2.837838 1.000000 0.165245
2.837838 1.500000 0.186773
2.837838 2.000000 0.208302
2.918919 0.000000 0.125679
2.918919 0.500000 0.147208
2.918919 1.000000 0.168736
2.918919 1.500000 0.190264
2.918919 2.000000 0.211793
3.000000 0.000000 0.129170
3.000000 0.500000 0.150699
3.000000 1.000000 0.172227
3.000000 1.500000 0.193755
3.000000 2.000000 0.215284
