0.000000 0.000000 0.000000
0.000000 0.666667 0.026095
0.000000 1.333333 0.052190
0.000000 2.000000 0.078285
0.081081 0.000000 0.003174
0.081081 0.666667 0.029269
0.081081 1.333333 0.055364
0.081081 2.000000 0.081459
0.162162 0.000000 0.006347
0.162162 0.666667 0.032442
0.162162 1.333333 0.058537
0.162162 2.000000 0.084632
0.243243 0.000000 0.009521
0.243243 0.666667 0.035616
0.243243 1.333333 0.061711
0.243243 2.000000 0.087806
0.324324 0.000000 0.012695
0.324324 0.666667 0.038790
0.324324 1.333333 0.064885
0.324324 2.000000 0.090980
0.405405 0.000000 0.015869
0.405405 0.666667 0.041964
0.405405 1.333333 0.068059
0.405405 2.000000 0.094154
0.486486 0.000000 0.019042
0.486486 0.666667 0.045137
0.486486 1.333333 0.071232
0.486486 2.000000 0.097327
0.567568 0.000000 0.022216
0.567568 0.666667 0.048311
0.567568 1.333333 0.074406
0.567568 2.000000 0.100501
0.648649 0.000000 0.025390
0.648649 0.666667 0.051485
0.648649 1.333333 0.077580
0.648649 2.000000 0.103675
0.729730 0.000000 0.028563
0.729730 0.666667 0.054658
0.729730 1.333333 0.080753
0.729730 2.000000 0.106848
0.810811 0.000000 0.031737
0.810811 0.666667 0.057832
0.810811 1.333333 0.083927
0.810811 2.000000 0.110022
0.891892 0.000000 0.034911
0.891892 0.666667 0.061006
0.891892 1.333333 0.087101
0.891892 2.000000 0.113196
0.972973 0.000000 0.038085
0.972973 0.666667 0.064180
0.972973 1.333333 0.090275
0.972973 2.000000 0.116370
1.054054 0.000000 0.041258
1.054054 0.666667 0.067353
1.054054 1.333333 0.093448
1.054054 2.000000 0.119543
1.135135 0.000000 0.044432
1.135135 0.666667 0.070527
1.135135 1.333333 0.096622
1.135135 2.000000 0.122717
1.216216 0.000000 0.047606
1.216216 0.666667 0.073701
1.216216 1.333333 0.099796
1.216216 2.000000 0.125891
1.297297 0.000000 0.050779
1.297297 0.666667 0.076874
1.297297 1.333333 0.102969
1.297297 2.000000 0.129065
1.378378 0.000000 0.053953
1.378378 0.666667 0.080048
1.378378 1.333333 0.106143
1.378378 2.000000 0.132238
1.459459 0.000000 0.057127
1.459459 0.666667 0.083222
1.459459 1.333333 0.109317
1.459459 2.000000 0.135412
1.540541 0.000000 0.060301
1.540541 0.666667 0.086396
1.540541 1.333333 0.112491
1.540541 2.000000 0.138586
1.621622 0.000000 0.063474
1.621622 0.666667 0.089569
1.621622 1.333333 0.115664
1.621622 2.000000 0.141759
1.702703 0.000000 0.066648
1.702703 0.666667 0.092743
1.702703 1.333333 0.118838
1.702703 2.000000 0.144933
1.783784 0.000000 0.069822
1.783784 0.666667 0.095917
1.783784 1.333333 0.122012
1.783784 2.000000 0.148107
1.864865 0.000000 0.072995
1.864865 0.666667 0.099091
1.864865 1.333333 0.125186
1.864865 2.000000 0.151281
1.945946 0.000000 0.076169
1.945946 0.666667 0.102264
1.945946 1.333333 0.128359
1.945946 2.000000 0.154454
2.027027 0.000000 0.079343
2.027027 0.666667 0.105438
2.027027 1.333333 0.131533
2.027027 2.000000 0.157628
2.108108 0.000000 0.082517
2.108108 0.666667 0.108612
2.108108 1.333333 0.134707
2.108108 2.000000 0.160802
2.189189 0.000000 0.085690
2.189189 0.666667 0.111785
2.189189 1.333333 0.137880
2.189189 2.000000 0.163975
2.270270 0.000000 0.088864
2.270270 0.666667 0.114959
2.270270 1.333333 0.141054
2.270270 2.000000 0.167149
2.351351 0.000000 0.092038
2.351351 0.666667 0.118133
2.351351 1.333333 0.144228
2.351351 2.000000 0.170323
2.432432 0.000000 0.095212
2.432432 0.666667 0.121307
2.432432 1.333333 0.147402
2.432432 2.000000 0.173497
2.513514 0.000000 0.098385
2.513514 0.666667 0.124480
2.513514 1.333333 0.150575
2.513514 2.000000 0.176670
2.594595 0.000000 0.101559
2.594595 0.666667 0.127654
2.594595 1.333333 0.153749
2.594595 2.000000 0.179844
2.675676 0.000000 0.104733
2.675676 0.666667 0.130828
2.675676 1.333333 0.156923
2.675676 2.000000 0.183018
2.756757 0.000000 0.107906
2.756757 0.666667 0.134001
2.756757 1.333333 0.160096
2.756757 2.000000 0.186191
2.837838 0.000000 0.111080
2.837838 0.666667 0.137175
2.837838 1.333333 0.163270
2.837838 2.000000 0.189365
2.918919 0.000000 0.114254
2.918919 0.666667 0.140349
2.918919 1.333333 0.166444
2.918919 2.000000 0.192539
3.000000 0.000000 0.117428
3.000000 0.666667 0.143523
3.000000 1.333333 0.169618
3.000000 2.000000 0.195713
