0.000000 0.000000 0.000000
0.000000 0.500000 0.017792
0.000000 1.000000 0.035584
0.000000 1.500000 0.053376
0.000000 2.000000 0.071168
0.081081 0.000000 0.002885
0.081081 0.500000 0.020677
0.081081 1.000000 0.038469
0.081081 1.500000 0.056261
0.081081 2.000000 0.074053
0.162162 0.000000 0.005770
0.162162 0.500000 0.023562
0.162162 1.000000 0.041354
0.162162 1.500000 0.059147
0.162162 2.000000 0.076939
0.243243 0.000000 0.008656
0.243243 0.500000 0.026448
0.243243 1.000000 0.044240
0.243243 1.500000 0.062032
0.243243 2.000000 0.079824
0.324324 0.000000 0.011541
0.324324 0.500000 0.029333
0.324324 1.000000 0.047125
0.324324 1.500000 0.064917
0.324324 2.000000 0.082709
0.405405 0.000000 0.014426
0.405405 0.500000 0.032218
0.405405 1.000000 0.050010
0.405405 1.500000 0.067802
0.405405 2.000000 0.085594
0.486486 0.000000 0.017311
0.486486 0.500000 0.035103
0.486486 1.000000 0.052895
0.486486 1.500000 0.070687
0.486486 2.000000 0.088479
0.567568 0.000000 0.020196
0.567568 0.500000 0.037988
0.567568 1.000000 0.055780
0.567568 1.500000 0.073573
0.567568 2.000000 0.091365
0.648649 0.000000 0.023082
0.648649 0.500000 0.040874
0.648649 1.000000 0.058666
0.648649 1.500000 0.076458
0.648649 2.000000 0.094250
0.729730 0.000000 0.025967
0.729730 0.500000 0.043759
0.729730 1.000000 0.061551
0.729730 1.500000 0.079343
0.729730 2.000000 0.097135
0.810811 0.000000 0.028852
0.810811 0.500000 0.046644
0.810811 1.000000 0.064436
0.810811 1.500000 0.082228
0.810811 2.000000 0.100020
0.891892 0.000000 0.031737
0.891892 0.500000 0.049529
0.891892 1.000000 0.067321
0.891892 1.500000 0.085113
0.891892 2.000000 0.102905
0.972973 0.000000 0.034622
0.972973 0.500000 0.052414
0.972973 1.000000 0.070206
0.972973 1.500000 0.087999
0.972973 2.000000 0.105791
1.054054 0.000000 0.037508
1.054054 0.500000 0.055300
1.054054 1.000000 0.073092
1.054054 1.500000 0.090884
1.054054 2.000000 0.108676
1.135135 0.000000 0.040393
1.135135 0.500000 0.058185
1.135135 1.000000 0.075977
1.135135 1.500000 0.093769
1.135135 2.000000 0.111561
1.216216 0.000000 0.043278
1.216216 0.500000 0.061070
1.216216 1.000000 0.078862
1.216216 1.500000 0.096654
1.216216 2.000000 0.114446
1.297297 0.000000 0.046163
1.297297 0.500000 0.063955
1.297297 1.000000 0.081747
1.297297 1.500000 0.099539
1.297297 2.000000 0.117331
1.378378 0.000000 0.049048
1.378378 0.500000 0.066840
1.378378 1.000000 0.084632
1.378378 1.500000 0.102425
1.378378 2.000000 0.120217
1.459459 0.000000 0.051934
1.459459 0.500000 0.069726
1.459459 1.000000 0.087518
1.459459 1.500000 0.105310
1.459459 2.000000 0.123102
1.540541 0.000000 0.054819
1.540541 0.500000 0.072611
1.540541 1.000000 0.090403
1.540541 1.500000 0.108195
1.540541 2.000000 0.125987
1.621622 0.000000 0.057704
1.621622 0.500000 0.075496
1.621622 1.000000 0.093288
1.621622 1.500000 0.111080
1.621622 2.000000 0.128872
1.702703 0.000000 0.060589
1.702703 0.500000 0.078381
1.702703 1.000000 0.096173
1.702703 1.500000 0.113965
1.702703 2.000000 0.131757
1.783784 0.000000 0.063474
1.783784 0.500000 0.081266
1.783784 1.000000 0.099058
1.783784 1.500000 0.116850
1.783784 2.000000 0.134643
1.864865 0.000000 0.066360
1.864865 0.500000 0.084152
1.864865 1.000000 0.101944
1.864865 1.500000 0.119736
1.864865 2.000000 0.137528
1.945946 0.000000 0.069245
1.945946 0.500000 0.087037
1.945946 1.000000 0.104829
1.945946 1.500000 0.122621
1.945946 2.000000 0.140413
2.027027 0.000000 0.072130
2.027027 0.500000 0.089922
2.027027 1.000000 0.107714
2.027027 1.500000 0.125506
2.027027 2.000000 0.143298
2.108108 0.000000 0.075015
2.108108 0.500000 0.092807
2.108108 1.000000 0.110599
2.108108 1.500000 0.128391
2.108108 2.000000 0.146183
2.189189 0.000000 0.077900
2.189189 0.500000 0.095692
2.189189 1.000000 0.113484
2.189189 1.500000 0.131276
2.189189 2.000000 0.149069
2.270270 0.000000 0.080786
2.270270 0.500000 0.098578
2.270270 1.000000 0.116370
2.270270 1.500000 0.134162
2.270270 2.000000 0.151954
2.351351 0.000000 0.083671
2.351351 0.500000 0.101463
2.351351 1.000000 0.119255
2.351351 1.500000 0.137047
2.351351 2.000000 0.154839
2.432432 0.000000 0.086556
2.432432 0.500000 0.104348
2.432432 1.000000 0.122140
2.432432 1.500000 0.139932
2.432432 2.000000 0.157724
2.513514 0.000000 0.089441
2.513514 0.500000 0.107233
2.513514 1.000000 0.125025
2.513514 1.500000 0.142817
2.513514 2.000000 0.160609
2.594595 0.000000 0.092326
2.594595 0.500000 0.110118
2.594595 1.000000 0.127910
2.594595 1.500000 0.145702
2.594595 2.000000 0.163495
2.675676 0.000000 0.095212
2.675676 0.500000 0.113004
2.675676 1.000000 0.130796
2.675676 1.500000 0.148588
2.675676 2.000000 0.166380
2.756757 0.000000 0.098097
2.756757 0.500000 0.115889
2.756757 1.000000 0.133681
2.756757 1.500000 0.151473
2.756757 2.000000 0.169265
2.837838 0.000000 0.100982
2.837838 0.500000 0.118774
2.837838 1.000000 0.136566
2.837838 1.500000 0.154358
2.837838 2.000000 0.172150
2.918919 0.000000 0.103867
2.918919 0.500000 0.121659
2.918919 1.000000 0.139451
2.918919 1.500000 0.157243
2.918919 2.000000 0.175035
3.000000 0.000000 0.106752
3.000000 0.500000 0.124544
3.000000 1.000000 0.142336
3.000000 1.500000 0.160128
3.000000 2.000000 0.177921
