0.000000 0.000000 0.000000
0.000000 0.666667 0.021566
0.000000 1.333333 0.043132
0.000000 2.000000 0.064698
0.081081 0.000000 0.002623
0.081081 0.666667 0.024189
0.081081 1.333333 0.045755
0.081081 2.000000 0.067321
0.162162 0.000000 0.005246
0.162162 0.666667 0.026812
0.162162 1.333333 0.048378
0.162162 2.000000 0.069944
0.243243 0.000000 0.007869
0.243243 0.666667 0.029435
0.243243 1.333333 0.051001
0.243243 2.000000 0.072567
0.324324 0.000000 0.010492
0.324324 0.666667 0.032058
0.324324 1.333333 0.053624
0.324324 2.000000 0.075190
0.405405 0.000000 0.013115
0.405405 0.666667 0.034681
0.405405 1.333333 0.056247
0.405405 2.000000 0.077813
0.486486 0.000000 0.015737
0.486486 0.666667 0.037304
0.486486 1.333333 0.058870
0.486486 2.000000 0.080436
0.567568 0.000000 0.018360
0.567568 0.666667 0.039926
0.567568 1.333333 0.061493
0.567568 2.000000 0.083059
0.648649 0.000000 0.020983
0.648649 0.666667 0.042549
0.648649 1.333333 0.064116
0.648649 2.000000 0.085682
0.729730 0.000000 0.023606
0.729730 0.666667 0.045172
0.729730 1.333333 0.066738
0.729730 2.000000 0.088305
0.810811 0.000000 0.026229
0.810811 0.666667 0.047795
0.810811 1.333333 0.069361
0.810811 2.000000 0.090927
0.891892 0.000000 0.028852
0.891892 0.666667 0.050418
0.891892 1.333333 0.071984
0.891892 2.000000 0.093550
0.972973 0.000000 0.031475
0.972973 0.666667 0.053041
0.972973 1.333333 0.074607
0.972973 2.000000 0.096173
1.054054 0.000000 0.034098
1.054054 0.666667 0.055664
1.054054 1.333333 0.077230
1.054054 2.000000 0.098796
1.135135 0.000000 0.036721
1.135135 0.666667 0.058287
1.135135 1.333333 0.079853
1.135135 2.000000 0.101419
1.216216 0.000000 0.039344
1.216216 0.666667 0.060910
1.216216 1.333333 0.082476
1.216216 2.000000 0.104042
1.297297 0.000000 0.041967
1.297297 0.666667 0.063533
1.297297 1.333333 0.085099
1.297297 2.000000 0.106665
1.378378 0.000000 0.044589
1.378378 0.666667 0.066156
1.378378 1.333333 0.087722
1.378378 2.000000 0.109288
1.459459 0.000000 0.047212
1.459459 0.666667 0.068778
1.459459 1.333333 0.090345
1.459459 2.000000 0.111911
1.540541 0.000000 0.049835
1.540541 0.666667 0.071401
1.540541 1.333333 0.092967
1.540541 2.000000 0.114534
1.621622 0.000000 0.052458
1.621622 0.666667 0.074024
1.621622 1.333333 0.095590
1.621622 2.000000 0.117157
1.702703 0.000000 0.055081
1.702703 0.666667 0.076647
1.702703 1.333333 0.098213
1.702703 2.000000 0.119779
1.783784 0.000000 0.057704
1.783784 0.666667 0.079270
1.783784 1.333333 0.100836
1.783784 2.000000 0.122402
1.864865 0.000000 0.060327
1.864865 0.666667 0.081893
1.864865 1.333333 0.103459
1.864865 2.000000 0.125025
1.945946 0.000000 0.062950
1.945946 0.666667 0.084516
1.945946 1.333333 0.106082
1.945946 2.000000 0.127648
2.027027 0.000000 0.065573
2.027027 0.666667 0.087139
2.027027 1.333333 0.108705
2.027027 2.000000 0.130271
2.108108 0.000000 0.068196
2.108108 0.666667 0.089762
2.108108 1.333333 0.111328
2.108108 2.000000 0.132894
2.189189 0.000000 0.070818
2.189189 0.666667 0.092385
2.189189 1.333333 0.113951
2.189189 2.000000 0.135517
2.270270 0.000000 0.073441
2.270270 0.666667 0.095008
2.270270 1.333333 0.116574
2.270270 2.000000 0.138140
2.351351 0.000000 0.076064
2.351351 0.666667 0.097630
2.351351 1.333333 0.119197
2.351351 2.000000 0.140763
2.432432 0.000000 0.078687
2.432432 0.666667 0.100253
2.432432 1.333333 0.121819
2.432432 2.000000 0.143386
2.513514 0.000000 0.081310
2.513514 0.666667 0.102876
2.513514 1.333333 0.124442
2.513514 2.000000 0.146008
2.594595 0.000000 0.083933
2.594595 0.666667 0.105499
2.594595 1.333333 0.127065
2.594595 2.000000 0.148631
2.675676 0.000000 0.086556
2.675676 0.666667 0.108122
2.675676 1.333333 0.129688
2.675676 2.000000 0.151254
2.756757 0.000000 0.089179
2.756757 0.666667 0.110745
2.756757 1.333333 0.132311
2.756757 2.000000 0.153877
2.837838 0.000000 0.091802
2.837838 0.666667 0.113368
2.837838 1.333333 0.134934
2.837838 2.000000 0.156500
2.918919 0.000000 0.094425
2.918919 0.666667 0.115991
2.918919 1.333333 0.137557
2.918919 2.000000 0.159123
3.000000 0.000000 0.097048
3.000000 0.666667 0.118614
3.000000 1.333333 0.140180
3.000000 2.000000 0.161746
