0.000000 0.000000 0.000000
0.000000 0.666667 0.019606
0.000000 1.333333 0.039211
0.000000 2.000000 0.058817
0.081081 0.000000 0.002384
0.081081 0.666667 0.021990
0.081081 1.333333 0.041596
0.081081 2.000000 0.061201
0.162162 0.000000 0.004769
0.162162 0.666667 0.024374
0.162162 1.333333 0.043980
0.162162 2.000000 0.063586
0.243243 0.000000 0.007153
0.243243 0.666667 0.026759
0.243243 1.333333 0.046365
0.243243 2.000000 0.065970
0.324324 0.000000 0.009538
0.324324 0.666667 0.029143
0.324324 1.333333 0.048749
0.324324 2.000000 0.068355
0.405405 0.000000 0.011922
0.405405 0.666667 0.031528
0.405405 1.333333 0.051133
0.405405 2.000000 0.070739
0.486486 0.000000 0.014307
0.486486 0.666667 0.033912
0.486486 1.333333 0.053518
0.486486 2.000000 0.073123
0.567568 0.000000 0.016691
0.567568 0.666667 0.036297
0.567568 1.333333 0.055902
0.567568 2.000000 0.075508
0.648649 0.000000 0.019076
0.648649 0.666667 0.038681
0.648649 1.333333 0.058287
0.648649 2.000000 0.077892
0.729730 0.000000 0.021460
0.729730 0.666667 0.041066
0.729730 1.333333 0.060671
0.729730 2.000000 0.080277
0.810811 0.000000 0.023845
0.810811 0.666667 0.043450
0.810811 1.333333 0.063056
0.810811 2.000000 0.082661
0.891892 0.000000 0.026229
0.891892 0.666667 0.045835
0.891892 1.333333 0.065440
0.891892 2.000000 0.085046
0.972973 0.000000 0.028614
0.972973 0.666667 0.048219
0.972973 1.333333 0.067825
0.972973 2.000000 0.087430
1.054054 0.000000 0.030998
1.054054 0.666667 0.050604
1.054054 1.333333 0.070209
1.054054 2.000000 0.089815
1.135135 0.000000 0.033382
1.135135 0.666667 0.052988
1.135135 1.333333 0.072594
1.135135 2.000000 0.092199
1.216216 0.000000 0.035767
1.216216 0.666667 0.055372
1.216216 1.333333 0.074978
1.216216 2.000000 0.094584
1.297297 0.000000 0.038151
1.297297 0.666667 0.057757
1.297297 1.333333 0.077363
1.297297 2.000000 0.096968
1.378378 0.000000 0.040536
1.378378 0.666667 0.060141
1.378378 1.333333 0.079747
1.378378 2.000000 0.099353
1.459459 0.000000 0.042920
1.459459 0.666667 0.062526
1.459459 1.333333 0.082131
1.459459 2.000000 0.101737
1.540541 0.000000 0.045305
1.540541 0.666667 0.064910
1.540541 1.333333 0.084516
1.540541 2.000000 0.104121
1.621622 0.000000 0.047689
1.621622 0.666667 0.067295
1.621622 1.333333 0.086900
1.621622 2.000000 0.106506
1.702703 0.000000 0.050074
1.702703 0.666667 0.069679
1.702703 1.333333 0.089285
1.702703 2.000000 0.108890
1.783784 0.000000 0.052458
1.783784 0.666667 0.072064
1.783784 1.333333 0.091669
1.783784 2.000000 0.111275
1.864865 0.000000 0.054843
1.864865 0.666667 0.074448
1.864865 1.333333 0.094054
1.864865 2.000000 0.113659
1.945946 0.000000 0.057227
1.945946 0.666667 0.076833
1.945946 1.333333 0.096438
1.945946 2.000000 0.116044
2.027027 0.000000 0.059612
2.027027 0.666667 0.079217
2.027027 1.333333 0.098823
2.027027 2.000000 0.118428
2.108108 0.000000 0.061996
2.108108 0.666667 0.081602
2.108108 1.333333 0.101207
2.108108 2.000000 0.120813
2.189189 0.000000 0.064380
2.189189 0.666667 0.083986
2.189189 1.333333 0.103592
2.189189 2.000000 0.123197
2.270270 0.000000 0.066765
2.270270 0.666667 0.086370
2.270270 1.333333 0.105976
2.270270 2.000000 0.125582
2.351351 0.000000 0.069149
2.351351 0.666667 0.088755
2.351351 1.333333 0.108360
2.351351 2.000000 0.127966
2.432432 0.000000 0.071534
2.432432 0.666667 0.091139
2.432432 1.333333 0.110745
2.432432 2.000000 0.130351
2.513514 0.000000 0.073918
2.513514 0.666667 0.093524
2.513514 1.333333 0.113129
2.513514 2.000000 0.132735
2.594595 0.000000 0.076303
2.594595 0.666667 0.095908
2.594595 1.333333 0.115514
2.594595 2.000000 0.135119
2.675676 0.000000 0.078687
2.675676 0.666667 0.098293
2.675676 1.333333 0.117898
2.675676 2.000000 0.137504
2.756757 0.000000 0.081072
2.756757 0.666667 0.100677
2.756757 1.333333 0.120283
2.756757 2.000000 0.139888
2.837838 0.000000 0.083456
2.837838 0.666667 0.103062
2.837838 1.333333 0.122667
2.837838 2.000000 0.142273
2.918919 0.000000 0.085841
2.918919 0.666667 0.105446
2.918919 1.333333 0.125052
2.918919 2.000000 0.144657
3.000000 0.000000 0.088225
3.000000 0.666667 0.107831
3.000000 1.333333 0.127436
3.000000 2.000000 0.147042
