0.000000 0.000000 0.000000
0.000000 0.666667 0.017823
0.000000 1.333333 0.035646
0.000000 2.000000 0.053470
0.081081 0.000000 0.002168
0.081081 0.666667 0.019991
0.081081 1.333333 0.037814
0.081081 2.000000 0.055637
0.162162 0.000000 0.004335
0.162162 0.666667 0.022159
0.162162 1.333333 0.039982
0.162162 2.000000 0.057805
0.243243 0.000000 0.006503
0.243243 0.666667 0.024326
0.243243 1.333333 0.042150
0.243243 2.000000 0.059973
0.324324 0.000000 0.008671
0.324324 0.666667 0.026494
0.324324 1.333333 0.044317
0.324324 2.000000 0.062140
0.405405 0.000000 0.010838
0.405405 0.666667 0.028662
0.405405 1.333333 0.046485
0.405405 2.000000 0.064308
0.486486 0.000000 0.013006
0.486486 0.666667 0.030829
0.486486 1.333333 0.048653
0.486486 2.000000 0.066476
0.567568 0.000000 0.015174
0.567568 0.666667 0.032997
0.567568 1.333333 0.050820
0.567568 2.000000 0.068644
0.648649 0.000000 0.017342
0.648649 0.666667 0.035165
0.648649 1.333333 0.052988
0.648649 2.000000 0.070811
0.729730 0.000000 0.019509
0.729730 0.666667 0.037332
0.729730 1.333333 0.055156
0.729730 2.000000 0.072979
0.810811 0.000000 0.021677
0.810811 0.666667 0.039500
0.810811 1.333333 0.057323
0.810811 2.000000 0.075147
0.891892 0.000000 0.023845
0.891892 0.666667 0.041668
0.891892 1.333333 0.059491
0.891892 2.000000 0.077314
0.972973 0.000000 0.026012
0.972973 0.666667 0.043836
0.972973 1.333333 0.061659
0.972973 2.000000 0.079482
1.054054 0.000000 0.028180
1.054054 0.666667 0.046003
1.054054 1.333333 0.063826
1.054054 2.000000 0.081650
1.135135 0.000000 0.030348
1.135135 0.666667 0.048171
1.135135 1.333333 0.065994
1.135135 2.000000 0.083817
1.216216 0.000000 0.032515
1.216216 0.666667 0.050339
1.216216 1.333333 0.068162
1.216216 2.000000 0.085985
1.297297 0.000000 0.034683
1.297297 0.666667 0.052506
1.297297 1.333333 0.070330
1.297297 2.000000 0.088153
1.378378 0.000000 0.036851
1.378378 0.666667 0.054674
1.378378 1.333333 0.072497
1.378378 2.000000 0.090320
1.459459 0.000000 0.039018
1.459459 0.666667 0.056842
1.459459 1.333333 0.074665
1.459459 2.000000 0.092488
1.540541 0.000000 0.041186
1.540541 0.666667 0.059009
1.540541 1.333333 0.076833
1.540541 2.000000 0.094656
1.621622 0.000000 0.043354
1.621622 0.666667 0.061177
1.621622 1.333333 0.079000
1.621622 2.000000 0.096824
1.702703 0.000000 0.045522
1.702703 0.666667 0.063345
1.702703 1.333333 0.081168
1.702703 2.000000 0.098991
1.783784 0.000000 0.047689
1.783784 0.666667 0.065512
1.783784 1.333333 0.083336
1.783784 2.000000 0.101159
1.864865 0.000000 0.049857
1.864865 0.666667 0.067680
1.864865 1.333333 0.085503
1.864865 2.000000 0.103327
1.945946 0.000000 0.052025
1.945946 0.666667 0.069848
1.945946 1.333333 0.087671
1.945946 2.000000 0.105494
2.027027 0.000000 0.054192
2.027027 0.666667 0.072016
2.027027 1.333333 0.089839
2.027027 2.000000 0.107662
2.108108 0.000000 0.056360
2.108108 0.666667 0.074183
2.108108 1.333333 0.092006
2.108108 2.000000 0.109830
2.189189 0.000000 0.058528
2.189189 0.666667 0.076351
2.189189 1.333333 0.094174
2.189189 2.000000 0.111997
2.270270 0.000000 0.060695
2.270270 0.666667 0.078519
2.270270 1.333333 0.096342
2.270270 2.000000 0.114165
2.351351 0.000000 0.062863
2.351351 0.666667 0.080686
2.351351 1.333333 0.098510
2.351351 2.000000 0.116333
2.432432 0.000000 0.065031
2.432432 0.666667 0.082854
2.432432 1.333333 0.100677
2.432432 2.000000 0.118500
2.513514 0.000000 0.067198
2.513514 0.666667 0.085022
2.513514 1.333333 0.102845
2.513514 2.000000 0.120668
2.594595 0.000000 0.069366
2.594595 0.666667 0.087189
2.594595 1.333333 0.105013
2.594595 2.000000 0.122836
2.675676 0.000000 0.071534
2.675676 0.666667 0.089357
2.675676 1.333333 0.107180
2.675676 2.000000 0.125004
2.756757 0.000000 0.073702
2.756757 0.666667 0.091525
2.756757 1.333333 0.109348
2.756757 2.000000 0.127171
2.837838 0.000000 0.075869
2.837838 0.666667 0.093692
2.837838 1.333333 0.111516
2.837838 2.000000 0.129339
2.918919 0.000000 0.078037
2.918919 0.666667 0.095860
2.918919 1.333333 0.113683
2.918919 2.000000 0.131507
3.000000 0.000000 0.080205
3.000000 0.666667 0.098028
3.000000 1.333333 0.115851
3.000000 2.000000 0.133674
