0.000000 0.000000 0.000000
0.000000 0.500000 0.012152
0.000000 1.000000 0.024304
0.000000 1.500000 0.036457
0.000000 2.000000 0.048609
0.081081 0.000000 0.001971
0.081081 0.500000 0.014123
0.081081 1.000000 0.026275
0.081081 1.500000 0.038427
0.081081 2.000000 0.050579
0.162162 0.000000 0.003941
0.162162 0.500000 0.016093
0.162162 1.000000 0.028246
0.162162 1.500000 0.040398
0.162162 2.000000 0.052550
0.243243 0.000000 0.005912
0.243243 0.500000 0.018064
0.243243 1.000000 0.030216
0.243243 1.500000 0.042369
0.243243 2.000000 0.054521
0.324324 0.000000 0.007883
0.324324 0.500000 0.020035
0.324324 1.000000 0.032187
0.324324 1.500000 0.044339
0.324324 2.000000 0.056491
0.405405 0.000000 0.009853
0.405405 0.500000 0.022005
0.405405 1.000000 0.034158
0.405405 1.500000 0.046310
0.405405 2.000000 0.058462
0.486486 0.000000 0.011824
0.486486 0.500000 0.023976
0.486486 1.000000 0.036128
0.486486 1.500000 0.048280
0.486486 2.000000 0.060433
0.567568 0.000000 0.013794
0.567568 0.500000 0.025947
0.567568 1.000000 0.038099
0.567568 1.500000 0.050251
0.567568 2.000000 0.062403
0.648649 0.000000 0.015765
0.648649 0.500000 0.027917
0.648649 1.000000 0.040069
0.648649 1.500000 0.052222
0.648649 2.000000 0.064374
0.729730 0.000000 0.017736
0.729730 0.500000 0.029888
0.729730 1.000000 0.042040
0.729730 1.500000 0.054192
0.729730 2.000000 0.066345
0.810811 0.000000 0.019706
0.810811 0.500000 0.031858
0.810811 1.000000 0.044011
0.810811 1.500000 0.056163
0.810811 2.000000 0.068315
0.891892 0.000000 0.021677
0.891892 0.500000 0.033829
0.891892 1.000000 0.045981
0.891892 1.500000 0.058134
0.891892 2.000000 0.070286
0.972973 0.000000 0.023648
0.972973 0.500000 0.035800
0.972973 1.000000 0.047952
0.972973 1.500000 0.060104
0.972973 2.000000 0.072256
1.054054 0.000000 0.025618
1.054054 0.500000 0.037770
1.054054 1.000000 0.049923
1.054054 1.500000 0.062075
1.054054 2.000000 0.074227
1.135135 0.000000 0.027589
1.135135 0.500000 0.039741
1.135135 1.000000 0.051893
1.135135 1.500000 0.064045
1.135135 2.000000 0.076198
1.216216 0.000000 0.029559
1.216216 0.500000 0.041712
1.216216 1.000000 0.053864
1.216216 1.500000 0.066016
1.216216 2.000000 0.078168
1.297297 0.000000 0.031530
1.297297 0.500000 0.043682
1.297297 1.000000 0.055834
1.297297 1.500000 0.067987
1.297297 2.000000 0.080139
1.378378 0.000000 0.033501
1.378378 0.500000 0.045653
1.378378 1.000000 0.057805
1.378378 1.500000 0.069957
1.378378 2.000000 0.082110
1.459459 0.000000 0.035471
1.459459 0.500000 0.047624
1.459459 1.000000 0.059776
1.459459 1.500000 0.071928
1.459459 2.000000 0.084080
1.540541 0.000000 0.037442
1.540541 0.500000 0.049594
1.540541 1.000000 0.061746
1.540541 1.500000 0.073899
1.540541 2.000000 0.086051
1.621622 0.000000 0.039413
1.621622 0.500000 0.051565
1.621622 1.000000 0.063717
1.621622 1.500000 0.075869
1.621622 2.000000 0.088021
1.702703 0.000000 0.041383
1.702703 0.500000 0.053535
1.702703 1.000000 0.065688
1.702703 1.500000 0.077840
1.702703 2.000000 0.089992
1.783784 0.000000 0.043354
1.783784 0.500000 0.055506
1.783784 1.000000 0.067658
1.783784 1.500000 0.079810
1.783784 2.000000 0.091963
1.864865 0.000000 0.045324
1.864865 0.500000 0.057477
1.864865 1.000000 0.069629
1.864865 1.500000 0.081781
1.864865 2.000000 0.093933
1.945946 0.000000 0.047295
1.945946 0.500000 0.059447
1.945946 1.000000 0.071600
1.945946 1.500000 0.083752
1.945946 2.000000 0.095904
2.027027 0.000000 0.049266
2.027027 0.500000 0.061418
2.027027 1.000000 0.073570
2.027027 1.500000 0.085722
2.027027 2.000000 0.097875
2.108108 0.000000 0.051236
2.108108 0.500000 0.063389
2.108108 1.000000 0.075541
2.108108 1.500000 0.087693
2.108108 2.000000 0.099845
2.189189 0.000000 0.053207
2.189189 0.500000 0.065359
2.189189 1.000000 0.077511
2.189189 1.500000 0.089664
2.189189 2.000000 0.101816
2.270270 0.000000 0.055178
2.270270 0.500000 0.067330
2.270270 1.000000 0.079482
2.270270 1.500000 0.091634
2.270270 2.000000 0.103786
2.351351 0.000000 0.057148
2.351351 0.500000 0.069300
2.351351 1.000000 0.081453
2.351351 1.500000 0.093605
2.351351 2.000000 0.105757
2.432432 0.000000 0.059119
2.432432 0.500000 0.071271
2.432432 1.000000 0.083423
2.432432 1.500000 0.095575
2.432432 2.000000 0.107728
2.513514 0.000000 0.061089
2.513514 0.500000 0.073242
2.513514 1.000000 0.085394
2.513514 1.500000 0.097546
2.513514 2.000000 0.109698
2.594595 0.000000 0.063060
2.594595 0.500000 0.075212
2.594595 1.000000 0.087365
2.594595 1.500000 0.099517
2.594595 2.000000 0.111669
2.675676 0.000000 0.065031
2.675676 0.500000 0.077183
2.675676 1.000000 0.089335
2.675676 1.500000 0.101487
2.675676 2.000000 0.113640
2.756757 0.000000 0.067001
2.756757 0.500000 0.079154
2.756757 1.000000 0.091306
2.756757 1.500000 0.103458
2.756757 2.000000 0.115610
2.837838 0.000000 0.068972
2.837838 0.500000 0.081124
2.837838 1.000000 0.093276
2.837838 1.500000 0.105429
2.837838 2.000000 0.117581
2.918919 0.000000 0.070943
2.918919 0.500000 0.083095
2.918919 1.000000 0.095247
2.918919 1.500000 0.107399
2.918919 2.000000 0.119551
3.000000 0.000000 0.072913
3.000000 0.500000 0.085065
3.000000 1.000000 0.097218
3.000000 1.500000 0.109370
3.000000 2.000000 0.121522
