0.000000 0.000000 0.000000
0.000000 0.500000 0.341507
0.000000 1.000000 0.683013
0.000000 1.500000 1.024520
0.000000 2.000000 1.366027
0.081081 0.000000 0.055379
0.081081 0.500000 0.396886
0.081081 1.000000 0.738393
0.081081 1.500000 1.079900
0.081081 2.000000 1.421406
0.162162 0.000000 0.110759
0.162162 0.500000 0.452266
0.162162 1.000000 0.793772
0.162162 1.500000 1.135279
0.162162 2.000000 1.476786
0.243243 0.000000 0.166138
0.243243 0.500000 0.507645
0.243243 1.000000 0.849152
0.243243 1.500000 1.190659
0.243243 2.000000 1.532165
0.324324 0.000000 0.221518
0.324324 0.500000 0.563025
0.324324 1.000000 0.904531
0.324324 1.500000 1.246038
0.324324 2.000000 1.587545
0.405405 0.000000 0.276897
0.405405 0.500000 0.618404
0.405405 1.000000 0.959911
0.405405 1.500000 1.301418
0.405405 2.000000 1.642924
0.486486 0.000000 0.332277
0.486486 0.500000 0.673784
0.486486 1.000000 1.015290
0.486486 1.500000 1.356797
0.486486 2.000000 1.698304
0.567568 0.000000 0.387656
0.567568 0.500000 0.729163
0.567568 1.000000 1.070670
0.567568 1.500000 1.412176
0.567568 2.000000 1.753683
0.648649 0.000000 0.443036
0.648649 0.500000 0.784542
0.648649 1.000000 1.126049
0.648649 1.500000 1.467556
0.648649 2.000000 1.809063
0.729730 0.000000 0.498415
0.729730 0.500000 0.839922
0.729730 1.000000 1.181429
0.729730 1.500000 1.522935
0.729730 2.000000 1.864442
0.810811 0.000000 0.553795
0.810811 0.500000 0.895301
0.810811 1.000000 1.236808
0.810811 1.500000 1.578315
0.810811 2.000000 1.919822
0.891892 0.000000 0.609174
0.891892 0.500000 0.950681
0.891892 1.000000 1.292188
0.891892 1.500000 1.633694
0.891892 2.000000 1.975201
0.972973 0.000000 0.664554
0.972973 0.500000 1.006060
0.972973 1.000000 1.347567
0.972973 1.500000 1.689074
0.972973 2.000000 2.030581
1.054054 0.000000 0.719933
1.054054 0.500000 1.061440
1.054054 1.000000 1.402947
1.054054 1.500000 1.744453
1.054054 2.000000 2.085960
1.135135 0.000000 0.775313
1.135135 0.500000 1.116819
1.135135 1.000000 1.458326
1.135135 1.500000 1.799833
1.135135 2.000000 2.141339
1.216216 0.000000 0.830692
1.216216 0.500000 1.172199
1.216216 1.000000 1.513705
1.216216 1.500000 1.855212
1.216216 2.000000 2.196719
1.297297 0.000000 0.886072
1.297297 0.500000 1.227578
1.297297 1.000000 1.569085
1.297297 1.500000 1.910592
1.297297 2.000000 2.252098
1.378378 0.000000 0.941451
1.378378 0.500000 1.282958
1.378378 1.000000 1.624464
1.378378 1.500000 1.965971
1.378378 2.000000 2.307478
1.459459 0.000000 0.996830
1.459459 0.500000 1.338337
1.459459 1.000000 1.679844
1.459459 1.500000 2.021351
1.459459 2.000000 2.362857
1.540541 0.000000 1.052210
1.540541 0.500000 1.393717
1.540541 1.000000 1.735223
1.540541 1.500000 2.076730
1.540541 2.000000 2.418237
1.621622 0.000000 1.107589
1.621622 0.500000 1.449096
1.621622 1.000000 1.790603
1.621622 1.500000 2.132110
1.621622 2.000000 2.473616
1.702703 0.000000 1.162969
1.702703 0.500000 1.504476
1.702703 1.000000 1.845982
1.702703 1.500000 2.187489
1.702703 2.000000 2.528996
1.783784 0.000000 1.218348
1.783784 0.500000 1.559855
1.783784 1.000000 1.901362
1.783784 1.500000 2.242869
1.783784 2.000000 2.584375
1.864865 0.000000 1.273728
1.864865 0.500000 1.615235
1.864865 1.000000 1.956741
1.864865 1.500000 2.298248
1.864865 2.000000 2.639755
1.945946 0.000000 1.329107
1.945946 0.500000 1.670614
1.945946 1.000000 2.012121
1.945946 1.500000 2.353627
1.945946 2.000000 2.695134
2.027027 0.000000 1.384487
2.027027 0.500000 1.725993
2.027027 1.000000 2.067500
2.027027 1.500000 2.409007
2.027027 2.000000 2.750514
2.108108 0.000000 1.439866
2.108108 0.500000 1.781373
2.108108 1.000000 2.122880
2.108108 1.500000 2.464386
2.108108 2.000000 2.805893
2.189189 0.000000 1.495246
2.189189 0.500000 1.836752
2.189189 1.000000 2.178259
2.189189 1.500000 2.519766
2.189189 2.000000 2.861273
2.270270 0.000000 1.550625
2.270270 0.500000 1.892132
2.270270 1.000000 2.233639
2.270270 1.500000 2.575145
2.270270 2.000000 2.916652
2.351351 0.000000 1.606005
2.351351 0.500000 1.947511
2.351351 1.000000 2.289018
2.351351 1.500000 2.630525
2.351351 2.000000 2.972032
2.432432 0.000000 1.661384
2.432432 0.500000 2.002891
2.432432 1.000000 2.344398
2.432432 1.500000 2.685904
2.432432 2.000000 3.027411
2.513514 0.000000 1.716764
2.513514 0.500000 2.058270
2.513514 1.000000 2.399777
2.513514 1.500000 2.741284
2.513514 2.000000 3.082790
2.594595 0.000000 1.772143
2.594595 0.500000 2.113650
2.594595 1.000000 2.455156
2.594595 1.500000 2.796663
2.594595 2.000000 3.138170
2.675676 0.000000 1.827522
2.675676 0.500000 2.169029
2.675676 1.000000 2.510536
2.675676 1.500000 2.852043
2.675676 2.000000 3.193549
2.756757 0.000000 1.882902
2.756757 0.500000 2.224409
2.756757 1.000000 2.565915
2.756757 1.500000 2.907422
2.756757 2.000000 3.248929
2.837838 0.000000 1.938281
2.837838 0.500000 2.279788
2.837838 1.000000 2.621295
2.837838 1.500000 2.962802
2.837838 2.000000 3.304308
2.918919 0.000000 1.993661
2.918919 0.500000 2.335168
2.918919 1.000000 2.676674
2.918919 1.500000 3.018181
2.918919 2.000000 3.359688
3.000000 0.000000 2.049040
3.000000 0.500000 2.390547
3.000000 1.000000 2.732054
3.000000 1.500000 3.073561
3.000000 2.000000 3.415067
