0.000000 0.000000 0.000000
0.000000 0.666667 0.014730
0.000000 1.333333 0.029460
0.000000 2.000000 0.044190
0.081081 0.000000 0.001791
0.081081 0.666667 0.016521
0.081081 1.333333 0.031251
0.081081 2.000000 0.045981
0.162162 0.000000 0.003583
0.162162 0.666667 0.018313
0.162162 1.333333 0.033043
0.162162 2.000000 0.047773
0.243243 0.000000 0.005374
0.243243 0.666667 0.020104
0.243243 1.333333 0.034834
0.243243 2.000000 0.049564
0.324324 0.000000 0.007166
0.324324 0.666667 0.021896
0.324324 1.333333 0.036626
0.324324 2.000000 0.051356
0.405405 0.000000 0.008957
0.405405 0.666667 0.023687
0.405405 1.333333 0.038417
0.405405 2.000000 0.053147
0.486486 0.000000 0.010749
0.486486 0.666667 0.025479
0.486486 1.333333 0.040209
0.486486 2.000000 0.054939
0.567568 0.000000 0.012540
0.567568 0.666667 0.027270
0.567568 1.333333 0.042000
0.567568 2.000000 0.056730
0.648649 0.000000 0.014332
0.648649 0.666667 0.029062
0.648649 1.333333 0.043792
0.648649 2.000000 0.058522
0.729730 0.000000 0.016123
0.729730 0.666667 0.030853
0.729730 1.333333 0.045583
0.729730 2.000000 0.060313
0.810811 0.000000 0.017915
0.810811 0.666667 0.032645
0.810811 1.333333 0.047375
0.810811 2.000000 0.062105
0.891892 0.000000 0.019706
0.891892 0.666667 0.034436
0.891892 1.333333 0.049166
0.891892 2.000000 0.063896
0.972973 0.000000 0.021498
0.972973 0.666667 0.036228
0.972973 1.333333 0.050958
0.972973 2.000000 0.065688
1.054054 0.000000 0.023289
1.054054 0.666667 0.038019
1.054054 1.333333 0.052749
1.054054 2.000000 0.067479
1.135135 0.000000 0.025081
1.135135 0.666667 0.039811
1.135135 1.333333 0.054541
1.135135 2.000000 0.069271
1.216216 0.000000 0.026872
1.216216 0.666667 0.041602
1.216216 1.333333 0.056332
1.216216 2.000000 0.071062
1.297297 0.000000 0.028664
1.297297 0.666667 0.043394
1.297297 1.333333 0.058124
1.297297 2.000000 0.072854
1.378378 0.000000 0.030455
1.378378 0.666667 0.045185
1.378378 1.333333 0.059915
1.378378 2.000000 0.074645
1.459459 0.000000 0.032247
1.459459 0.666667 0.046977
1.459459 1.333333 0.061707
1.459459 2.000000 0.076437
1.540541 0.000000 0.034038
1.540541 0.666667 0.048768
1.540541 1.333333 0.063498
1.540541 2.000000 0.078228
1.621622 0.000000 0.035830
1.621622 0.666667 0.050560
1.621622 1.333333 0.065290
1.621622 2.000000 0.080019
1.702703 0.000000 0.037621
1.702703 0.666667 0.052351
1.702703 1.333333 0.067081
1.702703 2.000000 0.081811
1.783784 0.000000 0.039413
1.783784 0.666667 0.054143
1.783784 1.333333 0.068872
1.783784 2.000000 0.083602
1.864865 0.000000 0.041204
1.864865 0.666667 0.055934
1.864865 1.333333 0.070664
1.864865 2.000000 0.085394
1.945946 0.000000 0.042996
1.945946 0.666667 0.057725
1.945946 1.333333 0.072455
1.945946 2.000000 0.087185
2.027027 0.000000 0.044787
2.027027 0.666667 0.059517
2.027027 1.333333 0.074247
2.027027 2.000000 0.088977
2.108108 0.000000 0.046578
2.108108 0.666667 0.061308
2.108108 1.333333 0.076038
2.108108 2.000000 0.090768
2.189189 0.000000 0.048370
2.189189 0.666667 0.063100
2.189189 1.333333 0.077830
2.189189 2.000000 0.092560
2.270270 0.000000 0.050161
2.270270 0.666667 0.064891
2.270270 1.333333 0.079621
2.270270 2.000000 0.094351
2.351351 0.000000 0.051953
2.351351 0.666667 0.066683
2.351351 1.333333 0.081413
2.351351 2.000000 0.096143
2.432432 0.000000 0.053744
2.432432 0.666667 0.068474
2.432432 1.333333 0.083204
2.432432 2.000000 0.097934
2.513514 0.000000 0.055536
2.513514 0.666667 0.070266
2.513514 1.333333 0.084996
2.513514 2.000000 0.099726
2.594595 0.000000 0.057327
2.594595 0.666667 0.072057
2.594595 1.333333 0.086787
2.594595 2.000000 0.101517
2.675676 0.000000 0.059119
2.675676 0.666667 0.073849
2.675676 1.333333 0.088579
2.675676 2.000000 0.103309
2.756757 0.000000 0.060910
2.756757 0.666667 0.075640
2.756757 1.333333 0.090370
2.756757 2.000000 0.105100
2.837838 0.000000 0.062702
2.837838 0.666667 0.077432
2.837838 1.333333 0.092162
2.837838 2.000000 0.106892
2.918919 0.000000 0.064493
2.918919 0.666667 0.079223
2.918919 1.333333 0.093953
2.918919 2.000000 0.108683
3.000000 0.000000 0.066285
3.000000 0.666667 0.081015
3.000000 1.333333 0.095745
3.000000 2.000000 0.110475
