0.000000 0.000000 0.000000
0.000000 0.666667 0.013391
0.000000 1.333333 0.026782
0.000000 2.000000 0.040173
0.081081 0.000000 0.001629
0.081081 0.666667 0.015019
0.081081 1.333333 0.028410
0.081081 2.000000 0.041801
0.162162 0.000000 0.003257
0.162162 0.666667 0.016648
0.162162 1.333333 0.030039
0.162162 2.000000 0.043430
0.243243 0.000000 0.004886
0.243243 0.666667 0.018277
0.243243 1.333333 0.031668
0.243243 2.000000 0.045058
0.324324 0.000000 0.006514
0.324324 0.666667 0.019905
0.324324 1.333333 0.033296
0.324324 2.000000 0.046687
0.405405 0.000000 0.008143
0.405405 0.666667 0.021534
0.405405 1.333333 0.034925
0.405405 2.000000 0.048316
0.486486 0.000000 0.009772
0.486486 0.666667 0.023163
0.486486 1.333333 0.036553
0.486486 2.000000 0.049944
0.567568 0.000000 0.011400
0.567568 0.666667 0.024791
0.567568 1.333333 0.038182
0.567568 2.000000 0.051573
0.648649 0.000000 0.013029
0.648649 0.666667 0.026420
0.648649 1.333333 0.039811
0.648649 2.000000 0.053202
0.729730 0.000000 0.014658
0.729730 0.666667 0.028048
0.729730 1.333333 0.041439
0.729730 2.000000 0.054830
0.810811 0.000000 0.016286
0.810811 0.666667 0.029677
0.810811 1.333333 0.043068
0.810811 2.000000 0.056459
0.891892 0.000000 0.017915
0.891892 0.666667 0.031306
0.891892 1.333333 0.044697
0.891892 2.000000 0.058087
0.972973 0.000000 0.019543
0.972973 0.666667 0.032934
0.972973 1.333333 0.046325
0.972973 2.000000 0.059716
1.054054 0.000000 0.021172
1.054054 0.666667 0.034563
1.054054 1.333333 0.047954
1.054054 2.000000 0.061345
1.135135 0.000000 0.022801
1.135135 0.666667 0.036192
1.135135 1.333333 0.049582
1.135135 2.000000 0.062973
1.216216 0.000000 0.024429
1.216216 0.666667 0.037820
1.216216 1.333333 0.051211
1.216216 2.000000 0.064602
1.297297 0.000000 0.026058
1.297297 0.666667 0.039449
1.297297 1.333333 0.052840
1.297297 2.000000 0.066230
1.378378 0.000000 0.027687
1.378378 0.666667 0.041077
1.378378 1.333333 0.054468
1.378378 2.000000 0.067859
1.459459 0.000000 0.029315
1.459459 0.666667 0.042706
1.459459 1.333333 0.056097
1.459459 2.000000 0.069488
1.540541 0.000000 0.030944
1.540541 0.666667 0.044335
1.540541 1.333333 0.057725
1.540541 2.000000 0.071116
1.621622 0.000000 0.032572
1.621622 0.666667 0.045963
1.621622 1.333333 0.059354
1.621622 2.000000 0.072745
1.702703 0.000000 0.034201
1.702703 0.666667 0.047592
1.702703 1.333333 0.060983
1.702703 2.000000 0.074374
1.783784 0.000000 0.035830
1.783784 0.666667 0.049220
1.783784 1.333333 0.062611
1.783784 2.000000 0.076002
1.864865 0.000000 0.037458
1.864865 0.666667 0.050849
1.864865 1.333333 0.064240
1.864865 2.000000 0.077631
1.945946 0.000000 0.039087
1.945946 0.666667 0.052478
1.945946 1.333333 0.065869
1.945946 2.000000 0.079259
2.027027 0.000000 0.040715
2.027027 0.666667 0.054106
2.027027 1.333333 0.067497
2.027027 2.000000 0.080888
2.108108 0.000000 0.042344
2.108108 0.666667 0.055735
2.108108 1.333333 0.069126
2.108108 2.000000 0.082517
2.189189 0.000000 0.043973
2.189189 0.666667 0.057364
2.189189 1.333333 0.070754
2.189189 2.000000 0.084145
2.270270 0.000000 0.045601
2.270270 0.666667 0.058992
2.270270 1.333333 0.072383
2.270270 2.000000 0.085774
2.351351 0.000000 0.047230
2.351351 0.666667 0.060621
2.351351 1.333333 0.074012
2.351351 2.000000 0.087403
2.432432 0.000000 0.048859
2.432432 0.666667 0.062249
2.432432 1.333333 0.075640
2.432432 2.000000 0.089031
2.513514 0.000000 0.050487
2.513514 0.666667 0.063878
2.513514 1.333333 0.077269
2.513514 2.000000 0.090660
2.594595 0.000000 0.052116
2.594595 0.666667 0.065507
2.594595 1.333333 0.078898
2.594595 2.000000 0.092288
2.675676 0.000000 0.053744
2.675676 0.666667 0.067135
2.675676 1.333333 0.080526
2.675676 2.000000 0.093917
2.756757 0.000000 0.055373
2.756757 0.666667 0.068764
2.756757 1.333333 0.082155
2.756757 2.000000 0.095546
2.837838 0.000000 0.057002
2.837838 0.666667 0.070393
2.837838 1.333333 0.083783
2.837838 2.000000 0.097174
2.918919 0.000000 0.058630
2.918919 0.666667 0.072021
2.918919 1.333333 0.085412
2.918919 2.000000 0.098803
3.000000 0.000000 0.060259
3.000000 0.666667 0.073650
3.000000 1.333333 0.087041
3.000000 2.000000 0.100431
