0.000000 0.000000 0.000000
0.000000 0.500000 0.009130
0.000000 1.000000 0.018260
0.000000 1.500000 0.027390
0.000000 2.000000 0.036521
0.081081 0.000000 0.001481
0.081081 0.500000 0.010611
0.081081 1.000000 0.019741
0.081081 1.500000 0.028871
0.081081 2.000000 0.038001
0.162162 0.000000 0.002961
0.162162 0.500000 0.012091
0.162162 1.000000 0.021221
0.162162 1.500000 0.030352
0.162162 2.000000 0.039482
0.243243 0.000000 0.004442
0.243243 0.500000 0.013572
0.243243 1.000000 0.022702
0.243243 1.500000 0.031832
0.243243 2.000000 0.040962
0.324324 0.000000 0.005922
0.324324 0.500000 0.015052
0.324324 1.000000 0.024183
0.324324 1.500000 0.033313
0.324324 2.000000 0.042443
0.405405 0.000000 0.007403
0.405405 0.500000 0.016533
0.405405 1.000000 0.025663
0.405405 1.500000 0.034793
0.405405 2.000000 0.043923
0.486486 0.000000 0.008883
0.486486 0.500000 0.018014
0.486486 1.000000 0.027144
0.486486 1.500000 0.036274
0.486486 2.000000 0.045404
0.567568 0.000000 0.010364
0.567568 0.500000 0.019494
0.567568 1.000000 0.028624
0.567568 1.500000 0.037754
0.567568 2.000000 0.046884
0.648649 0.000000 0.011845
0.648649 0.500000 0.020975
0.648649 1.000000 0.030105
0.648649 1.500000 0.039235
0.648649 2.000000 0.048365
0.729730 0.000000 0.013325
0.729730 0.500000 0.022455
0.729730 1.000000 0.031585
0.729730 1.500000 0.040715
0.729730 2.000000 0.049846
0.810811 0.000000 0.014806
0.810811 0.500000 0.023936
0.810811 1.000000 0.033066
0.810811 1.500000 0.042196
0.810811 2.000000 0.051326
0.891892 0.000000 0.016286
0.891892 0.500000 0.025416
0.891892 1.000000 0.034546
0.891892 1.500000 0.043677
0.891892 2.000000 0.052807
0.972973 0.000000 0.017767
0.972973 0.500000 0.026897
0.972973 1.000000 0.036027
0.972973 1.500000 0.045157
0.972973 2.000000 0.054287
1.054054 0.000000 0.019247
1.054054 0.500000 0.028377
1.054054 1.000000 0.037508
1.054054 1.500000 0.046638
1.054054 2.000000 0.055768
1.135135 0.000000 0.020728
1.135135 0.500000 0.029858
1.135135 1.000000 0.038988
1.135135 1.500000 0.048118
1.135135 2.000000 0.057248
1.216216 0.000000 0.022208
1.216216 0.500000 0.031339
1.216216 1.000000 0.040469
1.216216 1.500000 0.049599
1.216216 2.000000 0.058729
1.297297 0.000000 0.023689
1.297297 0.500000 0.032819
1.297297 1.000000 0.041949
1.297297 1.500000 0.051079
1.297297 2.000000 0.060210
1.378378 0.000000 0.025170
1.378378 0.500000 0.034300
1.378378 1.000000 0.043430
1.378378 1.500000 0.052560
1.378378 2.000000 0.061690
1.459459 0.000000 0.026650
1.459459 0.500000 0.035780
1.459459 1.000000 0.044910
1.459459 1.500000 0.054041
1.459459 2.000000 0.063171
1.540541 0.000000 0.028131
1.540541 0.500000 0.037261
1.540541 1.000000 0.046391
1.540541 1.500000 0.055521
1.540541 2.000000 0.064651
1.621622 0.000000 0.029611
1.621622 0.500000 0.038741
1.621622 1.000000 0.047872
1.621622 1.500000 0.057002
1.621622 2.000000 0.066132
1.702703 0.000000 0.031092
1.702703 0.500000 0.040222
1.702703 1.000000 0.049352
1.702703 1.500000 0.058482
1.702703 2.000000 0.067612
1.783784 0.000000 0.032572
1.783784 0.500000 0.041703
1.783784 1.000000 0.050833
1.783784 1.500000 0.059963
1.783784 2.000000 0.069093
1.864865 0.000000 0.034053
1.864865 0.500000 0.043183
1.864865 1.000000 0.052313
1.864865 1.500000 0.061443
1.864865 2.000000 0.070573
1.945946 0.000000 0.035534
1.945946 0.500000 0.044664
1.945946 1.000000 0.053794
1.945946 1.500000 0.062924
1.945946 2.000000 0.072054
2.027027 0.000000 0.037014
2.027027 0.500000 0.046144
2.027027 1.000000 0.055274
2.027027 1.500000 0.064404
2.027027 2.000000 0.073535
2.108108 0.000000 0.038495
2.108108 0.500000 0.047625
2.108108 1.000000 0.056755
2.108108 1.500000 0.065885
2.108108 2.000000 0.075015
2.189189 0.000000 0.039975
2.189189 0.500000 0.049105
2.189189 1.000000 0.058235
2.189189 1.500000 0.067366
2.189189 2.000000 0.076496
2.270270 0.000000 0.041456
2.270270 0.500000 0.050586
2.270270 1.000000 0.059716
2.270270 1.500000 0.068846
2.270270 2.000000 0.077976
2.351351 0.000000 0.042936
2.351351 0.500000 0.052066
2.351351 1.000000 0.061197
2.351351 1.500000 0.070327
2.351351 2.000000 0.079457
2.432432 0.000000 0.044417
2.432432 0.500000 0.053547
2.432432 1.000000 0.062677
2.432432 1.500000 0.071807
2.432432 2.000000 0.080937
2.513514 0.000000 0.045897
2.513514 0.500000 0.055028
2.513514 1.000000 0.064158
2.513514 1.500000 0.073288
2.513514 2.000000 0.082418
2.594595 0.000000 0.047378
2.594595 0.500000 0.056508
2.594595 1.000000 0.065638
2.594595 1.500000 0.074768
2.594595 2.000000 0.083899
2.675676 0.000000 0.048859
2.675676 0.500000 0.057989
2.675676 1.000000 0.067119
2.675676 1.500000 0.076249
2.675676 2.000000 0.085379
2.756757 0.000000 0.050339
2.756757 0.500000 0.059469
2.756757 1.000000 0.068599
2.756757 1.500000 0.077730
2.756757 2.000000 0.086860
2.837838 0.000000 0.051820
2.837838 0.500000 0.060950
2.837838 1.000000 0.070080
2.837838 1.500000 0.079210
2.837838 2.000000 0.088340
2.918919 0.000000 0.053300
2.918919 0.500000 0.062430
2.918919 1.000000 0.071561
2.918919 1.500000 0.080691
2.918919 2.000000 0.089821
3.000000 0.000000 0.054781
3.000000 0.500000 0.063911
3.000000 1.000000 0.073041
3.000000 1.500000 0.082171
3.000000 2.000000 0.091301
