0.000000 0.000000 0.000000
0.000000 0.500000 0.008300
0.000000 1.000000 0.016600
0.000000 1.500000 0.024900
0.000000 2.000000 0.033200
0.081081 0.000000 0.001346
0.081081 0.500000 0.009646
0.081081 1.000000 0.017946
0.081081 1.500000 0.026246
0.081081 2.000000 0.034546
0.162162 0.000000 0.002692
0.162162 0.500000 0.010992
0.162162 1.000000 0.019292
0.162162 1.500000 0.027592
0.162162 2.000000 0.035892
0.243243 0.000000 0.004038
0.243243 0.500000 0.012338
0.243243 1.000000 0.020638
0.243243 1.500000 0.028938
0.243243 2.000000 0.037238
0.324324 0.000000 0.005384
0.324324 0.500000 0.013684
0.324324 1.000000 0.021984
0.324324 1.500000 0.030284
0.324324 2.000000 0.038584
0.405405 0.000000 0.006730
0.405405 0.500000 0.015030
0.405405 1.000000 0.023330
0.405405 1.500000 0.031630
0.405405 2.000000 0.039930
0.486486 0.000000 0.008076
0.486486 0.500000 0.016376
0.486486 1.000000 0.024676
0.486486 1.500000 0.032976
0.486486 2.000000 0.041276
0.567568 0.000000 0.009422
0.567568 0.500000 0.017722
0.567568 1.000000 0.026022
0.567568 1.500000 0.034322
0.567568 2.000000 0.042622
0.648649 0.000000 0.010768
0.648649 0.500000 0.019068
0.648649 1.000000 0.027368
0.648649 1.500000 0.035668
0.648649 2.000000 0.043968
0.729730 0.000000 0.012114
0.729730 0.500000 0.020414
0.729730 1.000000 0.028714
0.729730 1.500000 0.037014
0.729730 2.000000 0.045314
0.810811 0.000000 0.013460
0.810811 0.500000 0.021760
0.810811 1.000000 0.030060
0.810811 1.500000 0.038360
0.810811 2.000000 0.046660
0.891892 0.000000 0.014806
0.891892 0.500000 0.023106
0.891892 1.000000 0.031406
0.891892 1.500000 0.039706
0.891892 2.000000 0.048006
0.972973 0.000000 0.016152
0.972973 0.500000 0.024452
0.972973 1.000000 0.032752
0.972973 1.500000 0.041052
0.972973 2.000000 0.049352
1.054054 0.000000 0.017498
1.054054 0.500000 0.025798
1.054054 1.000000 0.034098
1.054054 1.500000 0.042398
1.054054 2.000000 0.050698
1.135135 0.000000 0.018844
1.135135 0.500000 0.027144
1.135135 1.000000 0.035444
1.135135 1.500000 0.043744
1.135135 2.000000 0.052044
1.216216 0.000000 0.020189
1.216216 0.500000 0.028490
1.216216 1.000000 0.036790
1.216216 1.500000 0.045090
1.216216 2.000000 0.053390
1.297297 0.000000 0.021535
1.297297 0.500000 0.029836
1.297297 1.000000 0.038136
1.297297 1.500000 0.046436
1.297297 2.000000 0.054736
1.378378 0.000000 0.022881
1.378378 0.500000 0.031182
1.378378 1.000000 0.039482
1.378378 1.500000 0.047782
1.378378 2.000000 0.056082
1.459459 0.000000 0.024227
1.459459 0.500000 0.032528
1.459459 1.000000 0.040828
1.459459 1.500000 0.049128
1.459459 2.000000 0.057428
1.540541 0.000000 0.025573
1.540541 0.500000 0.033873
1.540541 1.000000 0.042174
1.540541 1.500000 0.050474
1.540541 2.000000 0.058774
1.621622 0.000000 0.026919
1.621622 0.500000 0.035219
1.621622 1.000000 0.043520
1.621622 1.500000 0.051820
1.621622 2.000000 0.060120
1.702703 0.000000 0.028265
1.702703 0.500000 0.036565
1.702703 1.000000 0.044866
1.702703 1.500000 0.053166
1.702703 2.000000 0.061466
1.783784 0.000000 0.029611
1.783784 0.500000 0.037911
1.783784 1.000000 0.046211
1.783784 1.500000 0.054512
1.783784 2.000000 0.062812
1.864865 0.000000 0.030957
1.864865 0.500000 0.039257
1.864865 1.000000 0.047557
1.864865 1.500000 0.055858
1.864865 2.000000 0.064158
1.945946 0.000000 0.032303
1.945946 0.500000 0.040603
1.945946 1.000000 0.048903
1.945946 1.500000 0.057204
1.945946 2.000000 0.065504
2.027027 0.000000 0.033649
2.027027 0.500000 0.041949
2.027027 1.000000 0.050249
2.027027 1.500000 0.058550
2.027027 2.000000 0.066850
2.108108 0.000000 0.034995
2.108108 0.500000 0.043295
2.108108 1.000000 0.051595
2.108108 1.500000 0.059895
2.108108 2.000000 0.068196
2.189189 0.000000 0.036341
2.189189 0.500000 0.044641
2.189189 1.000000 0.052941
2.189189 1.500000 0.061241
2.189189 2.000000 0.069542
2.270270 0.000000 0.037687
2.270270 0.500000 0.045987
2.270270 1.000000 0.054287
2.270270 1.500000 0.062587
2.270270 2.000000 0.070888
2.351351 0.000000 0.039033
2.351351 0.500000 0.047333
2.351351 1.000000 0.055633
2.351351 1.500000 0.063933
2.351351 2.000000 0.072234
2.432432 0.000000 0.040379
2.432432 0.500000 0.048679
2.432432 1.000000 0.056979
2.432432 1.500000 0.065279
2.432432 2.000000 0.073579
2.513514 0.000000 0.041725
2.513514 0.500000 0.050025
2.513514 1.000000 0.058325
2.513514 1.500000 0.066625
2.513514 2.000000 0.074925
2.594595 0.000000 0.043071
2.594595 0.500000 0.051371
2.594595 1.000000 0.059671
2.594595 1.500000 0.067971
2.594595 2.000000 0.076271
2.675676 0.000000 0.044417
2.675676 0.500000 0.052717
2.675676 1.000000 0.061017
2.675676 1.500000 0.069317
2.675676 2.000000 0.077617
2.756757 0.000000 0.045763
2.756757 0.500000 0.054063
2.756757 1.000000 0.062363
2.756757 1.500000 0.070663
2.756757 2.000000 0.078963
2.837838 0.000000 0.047109
2.837838 0.500000 0.055409
2.837838 1.000000 0.063709
2.837838 1.500000 0.072009
2.837838 2.000000 0.080309
2.918919 0.000000 0.048455
2.918919 0.500000 0.056755
2.918919 1.000000 0.065055
2.918919 1.500000 0.073355
2.918919 2.000000 0.081655
3.000000 0.000000 0.049801
3.000000 0.500000 0.058101
3.000000 1.000000 0.066401
3.000000 1.500000 0.074701
3.000000 2.000000 0.083001
