0.000000 0.000000 0.000000
0.000000 0.666667 0.010061
0.000000 1.333333 0.020122
0.000000 2.000000 0.030182
0.081081 0.000000 0.001224
0.081081 0.666667 0.011284
0.081081 1.333333 0.021345
0.081081 2.000000 0.031406
0.162162 0.000000 0.002447
0.162162 0.666667 0.012508
0.162162 1.333333 0.022569
0.162162 2.000000 0.032629
0.243243 0.000000 0.003671
0.243243 0.666667 0.013732
0.243243 1.333333 0.023792
0.243243 2.000000 0.033853
0.324324 0.000000 0.004894
0.324324 0.666667 0.014955
0.324324 1.333333 0.025016
0.324324 2.000000 0.035077
0.405405 0.000000 0.006118
0.405405 0.666667 0.016179
0.405405 1.333333 0.026240
0.405405 2.000000 0.036300
0.486486 0.000000 0.007342
0.486486 0.666667 0.017402
0.486486 1.333333 0.027463
0.486486 2.000000 0.037524
0.567568 0.000000 0.008565
0.567568 0.666667 0.018626
0.567568 1.333333 0.028687
0.567568 2.000000 0.038748
0.648649 0.000000 0.009789
0.648649 0.666667 0.019850
0.648649 1.333333 0.029910
0.648649 2.000000 0.039971
0.729730 0.000000 0.011012
0.729730 0.666667 0.021073
0.729730 1.333333 0.031134
0.729730 2.000000 0.041195
0.810811 0.000000 0.012236
0.810811 0.666667 0.022297
0.810811 1.333333 0.032358
0.810811 2.000000 0.042418
0.891892 0.000000 0.013460
0.891892 0.666667 0.023520
0.891892 1.333333 0.033581
0.891892 2.000000 0.043642
0.972973 0.000000 0.014683
0.972973 0.666667 0.024744
0.972973 1.333333 0.034805
0.972973 2.000000 0.044866
1.054054 0.000000 0.015907
1.054054 0.666667 0.025968
1.054054 1.333333 0.036028
1.054054 2.000000 0.046089
1.135135 0.000000 0.017130
1.135135 0.666667 0.027191
1.135135 1.333333 0.037252
1.135135 2.000000 0.047313
1.216216 0.000000 0.018354
1.216216 0.666667 0.028415
1.216216 1.333333 0.038476
1.216216 2.000000 0.048536
1.297297 0.000000 0.019578
1.297297 0.666667 0.029638
1.297297 1.333333 0.039699
1.297297 2.000000 0.049760
1.378378 0.000000 0.020801
1.378378 0.666667 0.030862
1.378378 1.333333 0.040923
1.378378 2.000000 0.050984
1.459459 0.000000 0.022025
1.459459 0.666667 0.032086
1.459459 1.333333 0.042146
1.459459 2.000000 0.052207
1.540541 0.000000 0.023249
1.540541 0.666667 0.033309
1.540541 1.333333 0.043370
1.540541 2.000000 0.053431
1.621622 0.000000 0.024472
1.621622 0.666667 0.034533
1.621622 1.333333 0.044594
1.621622 2.000000 0.054654
1.702703 0.000000 0.025696
1.702703 0.666667 0.035756
1.702703 1.333333 0.045817
1.702703 2.000000 0.055878
1.783784 0.000000 0.026919
1.783784 0.666667 0.036980
1.783784 1.333333 0.047041
1.783784 2.000000 0.057102
1.864865 0.000000 0.028143
1.864865 0.666667 0.038204
1.864865 1.333333 0.048264
1.864865 2.000000 0.058325
1.945946 0.000000 0.029367
1.945946 0.666667 0.039427
1.945946 1.333333 0.049488
1.945946 2.000000 0.059549
2.027027 0.000000 0.030590
2.027027 0.666667 0.040651
2.027027 1.333333 0.050712
2.027027 2.000000 0.060772
2.108108 0.000000 0.031814
2.108108 0.666667 0.041874
2.108108 1.333333 0.051935
2.108108 2.000000 0.061996
2.189189 0.000000 0.033037
2.189189 0.666667 0.043098
2.189189 1.333333 0.053159
2.189189 2.000000 0.063220
2.270270 0.000000 0.034261
2.270270 0.666667 0.044322
2.270270 1.333333 0.054382
2.270270 2.000000 0.064443
2.351351 0.000000 0.035485
2.351351 0.666667 0.045545
2.351351 1.333333 0.055606
2.351351 2.000000 0.065667
2.432432 0.000000 0.036708
2.432432 0.666667 0.046769
2.432432 1.333333 0.056830
2.432432 2.000000 0.066890
2.513514 0.000000 0.037932
2.513514 0.666667 0.047993
2.513514 1.333333 0.058053
2.513514 2.000000 0.068114
2.594595 0.000000 0.039155
2.594595 0.666667 0.049216
2.594595 1.333333 0.059277
2.594595 2.000000 0.069338
2.675676 0.000000 0.040379
2.675676 0.666667 0.050440
2.675676 1.333333 0.060500
2.675676 2.000000 0.070561
2.756757 0.000000 0.041603
2.756757 0.666667 0.051663
2.756757 1.333333 0.061724
2.756757 2.000000 0.071785
2.837838 0.000000 0.042826
2.837838 0.666667 0.052887
2.837838 1.333333 0.062948
2.837838 2.000000 0.073008
2.918919 0.000000 0.044050
2.918919 0.666667 0.054111
2.918919 1.333333 0.064171
2.918919 2.000000 0.074232
3.000000 0.000000 0.045273
3.000000 0.666667 0.055334
3.000000 1.333333 0.065395
3.000000 2.000000 0.075456
