0.000000 0.000000 0.000000
0.000000 0.500000 0.006860
0.000000 1.000000 0.013719
0.000000 1.500000 0.020579
0.000000 2.000000 0.027438
0.081081 0.000000 0.001112
0.081081 0.500000 0.007972
0.081081 1.000000 0.014832
0.081081 1.500000 0.021691
0.081081 2.000000 0.028551
0.162162 0.000000 0.002225
0.162162 0.500000 0.009084
0.162162 1.000000 0.015944
0.162162 1.500000 0.022804
0.162162 2.000000 0.029663
0.243243 0.000000 0.003337
0.243243 0.500000 0.010197
0.243243 1.000000 0.017056
0.243243 1.500000 0.023916
0.243243 2.000000 0.030776
0.324324 0.000000 0.004449
0.324324 0.500000 0.011309
0.324324 1.000000 0.018169
0.324324 1.500000 0.025028
0.324324 2.000000 0.031888
0.405405 0.000000 0.005562
0.405405 0.500000 0.012421
0.405405 1.000000 0.019281
0.405405 1.500000 0.026141
0.405405 2.000000 0.033000
0.486486 0.000000 0.006674
0.486486 0.500000 0.013534
0.486486 1.000000 0.020393
0.486486 1.500000 0.027253
0.486486 2.000000 0.034113
0.567568 0.000000 0.007787
0.567568 0.500000 0.014646
0.567568 1.000000 0.021506
0.567568 1.500000 0.028365
0.567568 2.000000 0.035225
0.648649 0.000000 0.008899
0.648649 0.500000 0.015759
0.648649 1.000000 0.022618
0.648649 1.500000 0.029478
0.648649 2.000000 0.036337
0.729730 0.000000 0.010011
0.729730 0.500000 0.016871
0.729730 1.000000 0.023731
0.729730 1.500000 0.030590
0.729730 2.000000 0.037450
0.810811 0.000000 0.011124
0.810811 0.500000 0.017983
0.810811 1.000000 0.024843
0.810811 1.500000 0.031703
0.810811 2.000000 0.038562
0.891892 0.000000 0.012236
0.891892 0.500000 0.019096
0.891892 1.000000 0.025955
0.891892 1.500000 0.032815
0.891892 2.000000 0.039674
0.972973 0.000000 0.013348
0.972973 0.500000 0.020208
0.972973 1.000000 0.027068
0.972973 1.500000 0.033927
0.972973 2.000000 0.040787
1.054054 0.000000 0.014461
1.054054 0.500000 0.021320
1.054054 1.000000 0.028180
1.054054 1.500000 0.035040
1.054054 2.000000 0.041899
1.135135 0.000000 0.015573
1.135135 0.500000 0.022433
1.135135 1.000000 0.029292
1.135135 1.500000 0.036152
1.135135 2.000000 0.043012
1.216216 0.000000 0.016686
1.216216 0.500000 0.023545
1.216216 1.000000 0.030405
1.216216 1.500000 0.037264
1.216216 2.000000 0.044124
1.297297 0.000000 0.017798
1.297297 0.500000 0.024658
1.297297 1.000000 0.031517
1.297297 1.500000 0.038377
1.297297 2.000000 0.045236
1.378378 0.000000 0.018910
1.378378 0.500000 0.025770
1.378378 1.000000 0.032629
1.378378 1.500000 0.039489
1.378378 2.000000 0.046349
1.459459 0.000000 0.020023
1.459459 0.500000 0.026882
1.459459 1.000000 0.033742
1.459459 1.500000 0.040601
1.459459 2.000000 0.047461
1.540541 0.000000 0.021135
1.540541 0.500000 0.027995
1.540541 1.000000 0.034854
1.540541 1.500000 0.041714
1.540541 2.000000 0.048573
1.621622 0.000000 0.022247
1.621622 0.500000 0.029107
1.621622 1.000000 0.035967
1.621622 1.500000 0.042826
1.621622 2.000000 0.049686
1.702703 0.000000 0.023360
1.702703 0.500000 0.030219
1.702703 1.000000 0.037079
1.702703 1.500000 0.043939
1.702703 2.000000 0.050798
1.783784 0.000000 0.024472
1.783784 0.500000 0.031332
1.783784 1.000000 0.038191
1.783784 1.500000 0.045051
1.783784 2.000000 0.051911
1.864865 0.000000 0.025584
1.864865 0.500000 0.032444
1.864865 1.000000 0.039304
1.864865 1.500000 0.046163
1.864865 2.000000 0.053023
1.945946 0.000000 0.026697
1.945946 0.500000 0.033556
1.945946 1.000000 0.040416
1.945946 1.500000 0.047276
1.945946 2.000000 0.054135
2.027027 0.000000 0.027809
2.027027 0.500000 0.034669
2.027027 1.000000 0.041528
2.027027 1.500000 0.048388
2.027027 2.000000 0.055248
2.108108 0.000000 0.028922
2.108108 0.500000 0.035781
2.108108 1.000000 0.042641
2.108108 1.500000 0.049500
2.108108 2.000000 0.056360
2.189189 0.000000 0.030034
2.189189 0.500000 0.036894
2.189189 1.000000 0.043753
2.189189 1.500000 0.050613
2.189189 2.000000 0.057472
2.270270 0.000000 0.031146
2.270270 0.500000 0.038006
2.270270 1.000000 0.044866
2.270270 1.500000 0.051725
2.270270 2.000000 0.058585
2.351351 0.000000 0.032259
2.351351 0.500000 0.039118
2.351351 1.000000 0.045978
2.351351 1.500000 0.052838
2.351351 2.000000 0.059697
2.432432 0.000000 0.033371
2.432432 0.500000 0.040231
2.432432 1.000000 0.047090
2.432432 1.500000 0.053950
2.432432 2.000000 0.060809
2.513514 0.000000 0.034483
2.513514 0.500000 0.041343
2.513514 1.000000 0.048203
2.513514 1.500000 0.055062
2.513514 2.000000 0.061922
2.594595 0.000000 0.035596
2.594595 0.500000 0.042455
2.594595 1.000000 0.049315
2.594595 1.500000 0.056175
2.594595 2.000000 0.063034
2.675676 0.000000 0.036708
2.675676 0.500000 0.043568
2.675676 1.000000 0.050427
2.675676 1.500000 0.057287
2.675676 2.000000 0.064147
2.756757 0.000000 0.037821
2.756757 0.500000 0.044680
2.756757 1.000000 0.051540
2.756757 1.500000 0.058399
2.756757 2.000000 0.065259
2.837838 0.000000 0.038933
2.837838 0.500000 0.045793
2.837838 1.000000 0.052652
2.837838 1.500000 0.059512
2.837838 2.000000 0.066371
2.918919 0.000000 0.040045
2.918919 0.500000 0.046905
2.918919 1.000000 0.053764
2.918919 1.500000 0.060624
2.918919 2.000000 0.067484
3.000000 0.000000 0.041158
3.000000 0.500000 0.048017
3.000000 1.000000 0.054877
3.000000 1.500000 0.061736
3.000000 2.000000 0.068596
