0.000000 0.000000 0.000000
0.000000 0.085106 0.000000
0.000000 0.170213 0.000000
0.000000 0.255319 0.000000
0.000000 0.340426 0.000000
0.000000 0.425532 0.000000
0.000000 0.510638 0.000000
0.000000 0.595745 0.000000
0.000000 0.680851 0.000000
0.000000 0.765957 0.000000
0.000000 0.851064 0.000000
0.000000 0.936170 0.000000
0.000000 1.021277 0.000000
0.000000 1.106383 0.000000
0.000000 1.191489 0.000000
0.000000 1.276596 0.000000
0.000000 1.361702 0.000000
0.000000 1.446809 0.000000
0.000000 1.531915 0.000000
0.000000 1.617021 0.000000
0.000000 1.702128 0.000000
0.000000 1.787234 0.000000
0.000000 1.872340 0.000000
0.000000 1.957447 0.000000
0.000000 2.042553 0.000000
0.000000 2.127660 0.000000
0.000000 2.212766 0.000000
0.000000 2.297872 0.000000
0.000000 2.382979 0.000000
0.000000 2.468085 0.000000
0.000000 2.553191 0.000000
0.000000 2.638298 0.000000
0.000000 2.723404 0.000000
0.000000 2.808511 0.000000
0.000000 2.893617 0.000000
0.000000 2.978723 0.000000
0.000000 3.063830 0.000000
0.000000 3.148936 0.000000
0.000000 3.234043 0.000000
0.000000 3.319149 0.000000
0.000000 3.404255 0.000000
0.000000 3.489362 0.000000
0.000000 3.574468 0.000000
0.000000 3.659574 0.000000
0.000000 3.744681 0.000000
0.000000 3.829787 0.000000
0.000000 3.914894 0.000000
0.000000 4.000000 0.000000
0.076923 0.000000 0.000000
0.076923 0.085106 0.100608
0.076923 0.170213 0.153452
0.076923 0.255319 0.206296
0.076923 0.340426 0.259141
0.076923 0.425532 0.311985
0.076923 0.510638 0.364829
0.076923 0.595745 0.417674
0.076923 0.680851 0.470518
0.076923 0.765957 0.523362
0.076923 0.851064 0.576207
0.076923 0.936170 0.629051
0.076923 1.021277 0.681896
0.076923 1.106383 0.734740
0.076923 1.191489 0.787584
0.076923 1.276596 0.840429
0.076923 1.361702 0.893273
0.076923 1.446809 0.946117
0.076923 1.531915 0.998962
0.076923 1.617021 1.051806
0.076923 1.702128 1.104651
0.076923 1.787234 1.157495
0.076923 1.872340 1.210339
0.076923 1.957447 1.263184
0.076923 2.042553 1.316028
0.076923 2.127660 1.368872
0.076923 2.212766 1.421717
0.076923 2.297872 1.474561
0.076923 2.382979 1.527405
0.076923 2.468085 1.580250
0.076923 2.553191 1.633094
0.076923 2.638298 1.685939
0.076923 2.723404 1.738783
0.076923 2.808511 1.791627
0.076923 2.893617 1.844472
0.076923 2.978723 1.897316
0.076923 3.063830 1.950160
0.076923 3.148936 2.003005
0.076923 3.234043 2.055849
0.076923 3.319149 2.108694
0.076923 3.404255 2.161538
0.076923 3.489362 2.214382
0.076923 3.574468 2.267227
0.076923 3.659574 2.320071
0.076923 3.744681 2.372915
0.076923 3.829787 2.425760
0.076923 3.914894 2.478604
0.076923 4.000000 0.000000
0.153846 0.000000 0.000000
0.153846 0.085106 0.148371
0.153846 0.170213 0.201215
0.153846 0.255319 0.254059
0.153846 0.340426 0.306904
0.153846 0.425532 0.359748
0.153846 0.510638 0.412593
0.153846 0.595745 0.465437
0.153846 0.680851 0.518281
0.153846 0.765957 0.571126
0.153846 0.851064 0.623970
0.153846 0.936170 0.676814
0.153846 1.021277 0.729659
0.153846 1.106383 0.782503
0.153846 1.191489 0.835348
0.153846 1.276596 0.888192
0.153846 1.361702 0.941036
0.153846 1.446809 0.993881
0.153846 1.531915 1.046725
0.153846 1.617021 1.099569
0.153846 1.702128 1.152414
0.153846 1.787234 1.205258
0.153846 1.872340 1.258102
0.153846 1.957447 1.310947
0.153846 2.042553 1.363791
0.153846 2.127660 1.416636
0.153846 2.212766 1.469480
0.153846 2.297872 1.522324
0.153846 2.382979 1.575169
0.153846 2.468085 1.628013
0.153846 2.553191 1.680857
0.153846 2.638298 1.733702
0.153846 2.723404 1.786546
0.153846 2.808511 1.839390
0.153846 2.893617 1.892235
0.153846 2.978723 1.945079
0.153846 3.063830 1.997924
0.153846 3.148936 2.050768
0.153846 3.234043 2.103612
0.153846 3.319149 2.156457
0.153846 3.404255 2.209301
0.153846 3.489362 2.262145
0.153846 3.574468 2.314990
0.153846 3.659574 2.367834
0.153846 3.744681 2.420679
0.153846 3.829787 2.473523
0.153846 3.914894 2.526367
0.153846 4.000000 0.000000
0.230769 0.000000 0.000000
0.230769 0.085106 0.196134
0.230769 0.170213 0.248978
0.230769 0.255319 0.301823
0.230769 0.340426 0.354667
0.230769 0.425532 0.407511
0.230769 0.510638 0.460356
0.230769 0.595745 0.513200
0.230769 0.680851 0.566044
0.230769 0.765957 0.618889
0.230769 0.851064 0.671733
0.230769 0.936170 0.724578
0.230769 1.021277 0.777422
0.230769 1.106383 0.830266
0.230769 1.191489 0.883111
0.230769 1.276596 0.935955
0.230769 1.361702 0.988799
0.230769 1.446809 1.041644
0.230769 1.531915 1.094488
0.230769 1.617021 1.147333
0.230769 1.702128 1.200177
0.230769 1.787234 1.253021
0.230769 1.872340 1.305866
0.230769 1.957447 1.358710
0.230769 2.042553 1.411554
0.230769 2.127660 1.464399
0.230769 2.212766 1.517243
0.230769 2.297872 1.570087
0.230769 2.382979 1.622932
0.230769 2.468085 1.675776
0.230769 2.553191 1.728621
0.230769 2.638298 1.781465
0.230769 2.723404 1.834309
0.230769 2.808511 1.887154
0.230769 2.893617 1.939998
0.230769 2.978723 1.992842
0.230769 3.063830 2.045687
0.230769 3.148936 2.098531
0.230769 3.234043 2.151376
0.230769 3.319149 2.204220
0.230769 3.404255 2.257064
0.230769 3.489362 2.309909
0.230769 3.574468 2.362753
0.230769 3.659574 2.415597
0.230769 3.744681 2.468442
0.230769 3.829787 2.521286
0.230769 3.914894 2.574130
0.230769 4.000000 0.000000
0.307692 0.000000 0.000000
0.307692 0.085106 0.243897
0.307692 0.170213 0.296741
0.307692 0.255319 0.349586
0.307692 0.340426 0.402430
0.307692 0.425532 0.455275
0.307692 0.510638 0.508119
0.307692 0.595745 0.560963
0.307692 0.680851 0.613808
0.307692 0.765957 0.666652
0.307692 0.851064 0.719496
0.307692 0.936170 0.772341
0.307692 1.021277 0.825185
0.307692 1.106383 0.878029
0.307692 1.191489 0.930874
0.307692 1.276596 0.983718
0.307692 1.361702 1.036563
0.307692 1.446809 1.089407
0.307692 1.531915 1.142251
0.307692 1.617021 1.195096
0.307692 1.702128 1.247940
0.307692 1.787234 1.300784
0.307692 1.872340 1.353629
0.307692 1.957447 1.406473
0.307692 2.042553 1.459318
0.307692 2.127660 1.512162
0.307692 2.212766 1.565006
0.307692 2.297872 1.617851
0.307692 2.382979 1.670695
0.307692 2.468085 1.723539
0.307692 2.553191 1.776384
0.307692 2.638298 1.829228
0.307692 2.723404 1.882072
0.307692 2.808511 1.934917
0.307692 2.893617 1.987761
0.307692 2.978723 2.040606
0.307692 3.063830 2.093450
0.307692 3.148936 2.146294
0.307692 3.234043 2.199139
0.307692 3.319149 2.251983
0.307692 3.404255 2.304827
0.307692 3.489362 2.357672
0.307692 3.574468 2.410516
0.307692 3.659574 2.463361
0.307692 3.744681 2.516205
0.307692 3.829787 2.569049
0.307692 3.914894 2.621894
0.307692 4.000000 0.000000
0.384615 0.000000 0.000000
0.384615 0.085106 0.291660
0.384615 0.170213 0.344505
0.384615 0.255319 0.397349
0.384615 0.340426 0.450193
0.384615 0.425532 0.503038
0.384615 0.510638 0.555882
0.384615 0.595745 0.608726
0.384615 0.680851 0.661571
0.384615 0.765957 0.714415
0.384615 0.851064 0.767260
0.384615 0.936170 0.820104
0.384615 1.021277 0.872948
0.384615 1.106383 0.925793
0.384615 1.191489 0.978637
0.384615 1.276596 1.031481
0.384615 1.361702 1.084326
0.384615 1.446809 1.137170
0.384615 1.531915 1.190015
0.384615 1.617021 1.242859
0.384615 1.702128 1.295703
0.384615 1.787234 1.348548
0.384615 1.872340 1.401392
0.384615 1.957447 1.454236
0.384615 2.042553 1.507081
0.384615 2.127660 1.559925
0.384615 2.212766 1.612769
0.384615 2.297872 1.665614
0.384615 2.382979 1.718458
0.384615 2.468085 1.771303
0.384615 2.553191 1.824147
0.384615 2.638298 1.876991
0.384615 2.723404 1.929836
0.384615 2.808511 1.982680
0.384615 2.893617 2.035524
0.384615 2.978723 2.088369
0.384615 3.063830 2.141213
0.384615 3.148936 2.194058
0.384615 3.234043 2.246902
0.384615 3.319149 2.299746
0.384615 3.404255 2.352591
0.384615 3.489362 2.405435
0.384615 3.574468 2.458279
0.384615 3.659574 2.511124
0.384615 3.744681 2.563968
0.384615 3.829787 2.616812
0.384615 3.914894 2.669657
0.384615 4.000000 0.000000
0.461538 0.000000 0.000000
0.461538 0.085106 0.339423
0.461538 0.170213 0.392268
0.461538 0.255319 0.445112
0.461538 0.340426 0.497957
0.461538 0.425532 0.550801
0.461538 0.510638 0.603645
0.461538 0.595745 0.656490
0.461538 0.680851 0.709334
0.461538 0.765957 0.762178
0.461538 0.851064 0.815023
0.461538 0.936170 0.867867
0.461538 1.021277 0.920711
0.461538 1.106383 0.973556
0.461538 1.191489 1.026400
0.461538 1.276596 1.079245
0.461538 1.361702 1.132089
0.461538 1.446809 1.184933
0.461538 1.531915 1.237778
0.461538 1.617021 1.290622
0.461538 1.702128 1.343466
0.461538 1.787234 1.396311
0.461538 1.872340 1.449155
0.461538 1.957447 1.502000
0.461538 2.042553 1.554844
0.461538 2.127660 1.607688
0.461538 2.212766 1.660533
0.461538 2.297872 1.713377
0.461538 2.382979 1.766221
0.461538 2.468085 1.819066
0.461538 2.553191 1.871910
0.461538 2.638298 1.924754
0.461538 2.723404 1.977599
0.461538 2.808511 2.030443
0.461538 2.893617 2.083288
0.461538 2.978723 2.136132
0.461538 3.063830 2.188976
0.461538 3.148936 2.241821
0.461538 3.234043 2.294665
0.461538 3.319149 2.347509
0.461538 3.404255 2.400354
0.461538 3.489362 2.453198
0.461538 3.574468 2.506043
0.461538 3.659574 2.558887
0.461538 3.744681 2.611731
0.461538 3.829787 2.664576
0.461538 3.914894 2.717420
0.461538 4.000000 0.000000
0.538462 0.000000 0.000000
0.538462 0.085106 0.387187
0.538462 0.170213 0.440031
0.538462 0.255319 0.492875
0.538462 0.340426 0.545720
0.538462 0.425532 0.598564
0.538462 0.510638 0.651408
0.538462 0.595745 0.704253
0.538462 0.680851 0.757097
0.538462 0.765957 0.809942
0.538462 0.851064 0.862786
0.538462 0.936170 0.915630
0.538462 1.021277 0.968475
0.538462 1.106383 1.021319
0.538462 1.191489 1.074163
0.538462 1.276596 1.127008
0.538462 1.361702 1.179852
0.538462 1.446809 1.232697
0.538462 1.531915 1.285541
0.538462 1.617021 1.338385
0.538462 1.702128 1.391230
0.538462 1.787234 1.444074
0.538462 1.872340 1.496918
0.538462 1.957447 1.549763
0.538462 2.042553 1.602607
0.538462 2.127660 1.655451
0.538462 2.212766 1.708296
0.538462 2.297872 1.761140
0.538462 2.382979 1.813985
0.538462 2.468085 1.866829
0.538462 2.553191 1.919673
0.538462 2.638298 1.972518
0.538462 2.723404 2.025362
0.538462 2.808511 2.078206
0.538462 2.893617 2.131051
0.538462 2.978723 2.183895
0.538462 3.063830 2.236739
0.538462 3.148936 2.289584
0.538462 3.234043 2.342428
0.538462 3.319149 2.395273
0.538462 3.404255 2.448117
0.538462 3.489362 2.500961
0.538462 3.574468 2.553806
0.538462 3.659574 2.606650
0.538462 3.744681 2.659494
0.538462 3.829787 2.712339
0.538462 3.914894 2.765183
0.538462 4.000000 0.000000
0.615385 0.000000 0.000000
0.615385 0.085106 0.434950
0.615385 0.170213 0.487794
0.615385 0.255319 0.540639
0.615385 0.340426 0.593483
0.615385 0.425532 0.646327
0.615385 0.510638 0.699172
0.615385 0.595745 0.752016
0.615385 0.680851 0.804860
0.615385 0.765957 0.857705
0.615385 0.851064 0.910549
0.615385 0.936170 0.963393
0.615385 1.021277 1.016238
0.615385 1.106383 1.069082
0.615385 1.191489 1.121927
0.615385 1.276596 1.174771
0.615385 1.361702 1.227615
0.615385 1.446809 1.280460
0.615385 1.531915 1.333304
0.615385 1.617021 1.386148
0.615385 1.702128 1.438993
0.615385 1.787234 1.491837
0.615385 1.872340 1.544682
0.615385 1.957447 1.597526
0.615385 2.042553 1.650370
0.615385 2.127660 1.703215
0.615385 2.212766 1.756059
0.615385 2.297872 1.808903
0.615385 2.382979 1.861748
0.615385 2.468085 1.914592
0.615385 2.553191 1.967436
0.615385 2.638298 2.020281
0.615385 2.723404 2.073125
0.615385 2.808511 2.125970
0.615385 2.893617 2.178814
0.615385 2.978723 2.231658
0.615385 3.063830 2.284503
0.615385 3.148936 2.337347
0.615385 3.234043 2.390191
0.615385 3.319149 2.443036
0.615385 3.404255 2.495880
0.615385 3.489362 2.548725
0.615385 3.574468 2.601569
0.615385 3.659574 2.654413
0.615385 3.744681 2.707258
0.615385 3.829787 2.760102
0.615385 3.914894 2.812946
0.615385 4.000000 0.000000
0.692308 0.000000 0.000000
0.692308 0.085106 0.482713
0.692308 0.170213 0.535557
0.692308 0.255319 0.588402
0.692308 0.340426 0.641246
0.692308 0.425532 0.694090
0.692308 0.510638 0.746935
0.692308 0.595745 0.799779
0.692308 0.680851 0.852624
0.692308 0.765957 0.905468
0.692308 0.851064 0.958312
0.692308 0.936170 1.011157
0.692308 1.021277 1.064001
0.692308 1.106383 1.116845
0.692308 1.191489 1.169690
0.692308 1.276596 1.222534
0.692308 1.361702 1.275378
0.692308 1.446809 1.328223
0.692308 1.531915 1.381067
0.692308 1.617021 1.433912
0.692308 1.702128 1.486756
0.692308 1.787234 1.539600
0.692308 1.872340 1.592445
0.692308 1.957447 1.645289
0.692308 2.042553 1.698133
0.692308 2.127660 1.750978
0.692308 2.212766 1.803822
0.692308 2.297872 1.856667
0.692308 2.382979 1.909511
0.692308 2.468085 1.962355
0.692308 2.553191 2.015200
0.692308 2.638298 2.068044
0.692308 2.723404 2.120888
0.692308 2.808511 2.173733
0.692308 2.893617 2.226577
0.692308 2.978723 2.279421
0.692308 3.063830 2.332266
0.692308 3.148936 2.385110
0.692308 3.234043 2.437955
0.692308 3.319149 2.490799
0.692308 3.404255 2.543643
0.692308 3.489362 2.596488
0.692308 3.574468 2.649332
0.692308 3.659574 2.702176
0.692308 3.744681 2.755021
0.692308 3.829787 2.807865
0.692308 3.914894 2.860710
0.692308 4.000000 0.000000
0.769231 0.000000 0.000000
0.769231 0.085106 0.530476
0.769231 0.170213 0.583321
0.769231 0.255319 0.636165
0.769231 0.340426 0.689009
0.769231 0.425532 0.741854
0.769231 0.510638 0.794698
0.769231 0.595745 0.847542
0.769231 0.680851 0.900387
0.769231 0.765957 0.953231
0.769231 0.851064 1.006075
0.769231 0.936170 1.058920
0.769231 1.021277 1.111764
0.769231 1.106383 1.164609
0.769231 1.191489 1.217453
0.769231 1.276596 1.270297
0.769231 1.361702 1.323142
0.769231 1.446809 1.375986
0.769231 1.531915 1.428830
0.769231 1.617021 1.481675
0.769231 1.702128 1.534519
0.769231 1.787234 1.587364
0.769231 1.872340 1.640208
0.769231 1.957447 1.693052
0.769231 2.042553 1.745897
0.769231 2.127660 1.798741
0.769231 2.212766 1.851585
0.769231 2.297872 1.904430
0.769231 2.382979 1.957274
0.769231 2.468085 2.010118
0.769231 2.553191 2.062963
0.769231 2.638298 2.115807
0.769231 2.723404 2.168652
0.769231 2.808511 2.221496
0.769231 2.893617 2.274340
0.769231 2.978723 2.327185
0.769231 3.063830 2.380029
0.769231 3.148936 2.432873
0.769231 3.234043 2.485718
0.769231 3.319149 2.538562
0.769231 3.404255 2.591407
0.769231 3.489362 2.644251
0.769231 3.574468 2.697095
0.769231 3.659574 2.749940
0.769231 3.744681 2.802784
0.769231 3.829787 2.855628
0.769231 3.914894 2.908473
0.769231 4.000000 0.000000
0.846154 0.000000 0.000000
0.846154 0.085106 0.578239
0.846154 0.170213 0.631084
0.846154 0.255319 0.683928
0.846154 0.340426 0.736772
0.846154 0.425532 0.789617
0.846154 0.510638 0.842461
0.846154 0.595745 0.895306
0.846154 0.680851 0.948150
0.846154 0.765957 1.000994
0.846154 0.851064 1.053839
0.846154 0.936170 1.106683
0.846154 1.021277 1.159527
0.846154 1.106383 1.212372
0.846154 1.191489 1.265216
0.846154 1.276596 1.318060
0.846154 1.361702 1.370905
0.846154 1.446809 1.423749
0.846154 1.531915 1.476594
0.846154 1.617021 1.529438
0.846154 1.702128 1.582282
0.846154 1.787234 1.635127
0.846154 1.872340 1.687971
0.846154 1.957447 1.740815
0.846154 2.042553 1.793660
0.846154 2.127660 1.846504
0.846154 2.212766 1.899349
0.846154 2.297872 1.952193
0.846154 2.382979 2.005037
0.846154 2.468085 2.057882
0.846154 2.553191 2.110726
0.846154 2.638298 2.163570
0.846154 2.723404 2.216415
0.846154 2.808511 2.269259
0.846154 2.893617 2.322103
0.846154 2.978723 2.374948
0.846154 3.063830 2.427792
0.846154 3.148936 2.480637
0.846154 3.234043 2.533481
0.846154 3.319149 2.586325
0.846154 3.404255 2.639170
0.846154 3.489362 2.692014
0.846154 3.574468 2.744858
0.846154 3.659574 2.797703
0.846154 3.744681 2.850547
0.846154 3.829787 2.903392
0.846154 3.914894 2.956236
0.846154 4.000000 0.000000
0.923077 0.000000 0.000000
0.923077 0.085106 0.626003
0.923077 0.170213 0.678847
0.923077 0.255319 0.731691
0.923077 0.340426 0.784536
0.923077 0.425532 0.837380
0.923077 0.510638 0.890224
0.923077 0.595745 0.943069
0.923077 0.680851 0.995913
0.923077 0.765957 1.048757
0.923077 0.851064 1.101602
0.923077 0.936170 1.154446
0.923077 1.021277 1.207291
0.923077 1.106383 1.260135
0.923077 1.191489 1.312979
0.923077 1.276596 1.365824
0.923077 1.361702 1.418668
0.923077 1.446809 1.471512
0.923077 1.531915 1.524357
0.923077 1.617021 1.577201
0.923077 1.702128 1.630046
0.923077 1.787234 1.682890
0.923077 1.872340 1.735734
0.923077 1.957447 1.788579
0.923077 2.042553 1.841423
0.923077 2.127660 1.894267
0.923077 2.212766 1.947112
0.923077 2.297872 1.999956
0.923077 2.382979 2.052800
0.923077 2.468085 2.105645
0.923077 2.553191 2.158489
0.923077 2.638298 2.211334
0.923077 2.723404 2.264178
0.923077 2.808511 2.317022
0.923077 2.893617 2.369867
0.923077 2.978723 2.422711
0.923077 3.063830 2.475555
0.923077 3.148936 2.528400
0.923077 3.234043 2.581244
0.923077 3.319149 2.634088
0.923077 3.404255 2.686933
0.923077 3.489362 2.739777
0.923077 3.574468 2.792622
0.923077 3.659574 2.845466
0.923077 3.744681 2.898310
0.923077 3.829787 2.951155
0.923077 3.914894 3.003999
0.923077 4.000000 0.000000
1.000000 0.000000 0.000000
1.000000 0.085106 0.673766
1.000000 0.170213 0.726610
1.000000 0.255319 0.779454
1.000000 0.340426 0.832299
1.000000 0.425532 0.885143
1.000000 0.510638 0.937988
1.000000 0.595745 0.990832
1.000000 0.680851 1.043676
1.000000 0.765957 1.096521
1.000000 0.851064 1.149365
1.000000 0.936170 1.202209
1.000000 1.021277 1.255054
1.000000 1.106383 1.307898
1.000000 1.191489 1.360742
1.000000 1.276596 1.413587
1.000000 1.361702 1.466431
1.000000 1.446809 1.519276
1.000000 1.531915 1.572120
1.000000 1.617021 1.624964
1.000000 1.702128 1.677809
1.000000 1.787234 1.730653
1.000000 1.872340 1.783497
1.000000 1.957447 1.836342
1.000000 2.042553 1.889186
1.000000 2.127660 1.942031
1.000000 2.212766 1.994875
1.000000 2.297872 2.047719
1.000000 2.382979 2.100564
1.000000 2.468085 2.153408
1.000000 2.553191 2.206252
1.000000 2.638298 2.259097
1.000000 2.723404 2.311941
1.000000 2.808511 2.364785
1.000000 2.893617 2.417630
1.000000 2.978723 2.470474
1.000000 3.063830 2.523319
1.000000 3.148936 2.576163
1.000000 3.234043 2.629007
1.000000 3.319149 2.681852
1.000000 3.404255 2.734696
1.000000 3.489362 2.787540
1.000000 3.574468 2.840385
1.000000 3.659574 2.893229
1.000000 3.744681 2.946074
1.000000 3.829787 2.998918
1.000000 3.914894 3.051762
1.000000 4.000000 0.000000
1.076923 0.000000 0.000000
1.076923 0.085106 0.721529
1.076923 0.170213 0.774373
1.076923 0.255319 0.827218
1.076923 0.340426 0.880062
1.076923 0.425532 0.932906
1.076923 0.510638 0.985751
1.076923 0.595745 1.038595
1.076923 0.680851 1.091439
1.076923 0.765957 1.144284
1.076923 0.851064 1.197128
1.076923 0.936170 1.249973
1.076923 1.021277 1.302817
1.076923 1.106383 1.355661
1.076923 1.191489 1.408506
1.076923 1.276596 1.461350
1.076923 1.361702 1.514194
1.076923 1.446809 1.567039
1.076923 1.531915 1.619883
1.076923 1.617021 1.672727
1.076923 1.702128 1.725572
1.076923 1.787234 1.778416
1.076923 1.872340 1.831261
1.076923 1.957447 1.884105
1.076923 2.042553 1.936949
1.076923 2.127660 1.989794
1.076923 2.212766 2.042638
1.076923 2.297872 2.095482
1.076923 2.382979 2.148327
1.076923 2.468085 2.201171
1.076923 2.553191 2.254016
1.076923 2.638298 2.306860
1.076923 2.723404 2.359704
1.076923 2.808511 2.412549
1.076923 2.893617 2.465393
1.076923 2.978723 2.518237
1.076923 3.063830 2.571082
1.076923 3.148936 2.623926
1.076923 3.234043 2.676770
1.076923 3.319149 2.729615
1.076923 3.404255 2.782459
1.076923 3.489362 2.835304
1.076923 3.574468 2.888148
1.076923 3.659574 2.940992
1.076923 3.744681 2.993837
1.076923 3.829787 3.046681
1.076923 3.914894 3.099525
1.076923 4.000000 0.000000
1.153846 0.000000 0.000000
1.153846 0.085106 0.769292
1.153846 0.170213 0.822136
1.153846 0.255319 0.874981
1.153846 0.340426 0.927825
1.153846 0.425532 0.980670
1.153846 0.510638 1.033514
1.153846 0.595745 1.086358
1.153846 0.680851 1.139203
1.153846 0.765957 1.192047
1.153846 0.851064 1.244891
1.153846 0.936170 1.297736
1.153846 1.021277 1.350580
1.153846 1.106383 1.403424
1.153846 1.191489 1.456269
1.153846 1.276596 1.509113
1.153846 1.361702 1.561958
1.153846 1.446809 1.614802
1.153846 1.531915 1.667646
1.153846 1.617021 1.720491
1.153846 1.702128 1.773335
1.153846 1.787234 1.826179
1.153846 1.872340 1.879024
1.153846 1.957447 1.931868
1.153846 2.042553 1.984713
1.153846 2.127660 2.037557
1.153846 2.212766 2.090401
1.153846 2.297872 2.143246
1.153846 2.382979 2.196090
1.153846 2.468085 2.248934
1.153846 2.553191 2.301779
1.153846 2.638298 2.354623
1.153846 2.723404 2.407467
1.153846 2.808511 2.460312
1.153846 2.893617 2.513156
1.153846 2.978723 2.566001
1.153846 3.063830 2.618845
1.153846 3.148936 2.671689
1.153846 3.234043 2.724534
1.153846 3.319149 2.777378
1.153846 3.404255 2.830222
1.153846 3.489362 2.883067
1.153846 3.574468 2.935911
1.153846 3.659574 2.988756
1.153846 3.744681 3.041600
1.153846 3.829787 3.094444
1.153846 3.914894 3.147289
1.153846 4.000000 0.000000
1.230769 0.000000 0.000000
1.230769 0.085106 0.817055
1.230769 0.170213 0.869900
1.230769 0.255319 0.922744
1.230769 0.340426 0.975588
1.230769 0.425532 1.028433
1.230769 0.510638 1.081277
1.230769 0.595745 1.134121
1.230769 0.680851 1.186966
1.230769 0.765957 1.239810
1.230769 0.851064 1.292655
1.230769 0.936170 1.345499
1.230769 1.021277 1.398343
1.230769 1.106383 1.451188
1.230769 1.191489 1.504032
1.230769 1.276596 1.556876
1.230769 1.361702 1.609721
1.230769 1.446809 1.662565
1.230769 1.531915 1.715409
1.230769 1.617021 1.768254
1.230769 1.702128 1.821098
1.230769 1.787234 1.873943
1.230769 1.872340 1.926787
1.230769 1.957447 1.979631
1.230769 2.042553 2.032476
1.230769 2.127660 2.085320
1.230769 2.212766 2.138164
1.230769 2.297872 2.191009
1.230769 2.382979 2.243853
1.230769 2.468085 2.296698
1.230769 2.553191 2.349542
1.230769 2.638298 2.402386
1.230769 2.723404 2.455231
1.230769 2.808511 2.508075
1.230769 2.893617 2.560919
1.230769 2.978723 2.613764
1.230769 3.063830 2.666608
1.230769 3.148936 2.719452
1.230769 3.234043 2.772297
1.230769 3.319149 2.825141
1.230769 3.404255 2.877986
1.230769 3.489362 2.930830
1.230769 3.574468 2.983674
1.230769 3.659574 3.036519
1.230769 3.744681 3.089363
1.230769 3.829787 3.142207
1.230769 3.914894 3.195052
1.230769 4.000000 0.000000
1.307692 0.000000 0.000000
1.307692 0.085106 0.864818
1.307692 0.170213 0.917663
1.307692 0.255319 0.970507
1.307692 0.340426 1.023352
1.307692 0.425532 1.076196
1.307692 0.510638 1.129040
1.307692 0.595745 1.181885
1.307692 0.680851 1.234729
1.307692 0.765957 1.287573
1.307692 0.851064 1.340418
1.307692 0.936170 1.393262
1.307692 1.021277 1.446106
1.307692 1.106383 1.498951
1.307692 1.191489 1.551795
1.307692 1.276596 1.604640
1.307692 1.361702 1.657484
1.307692 1.446809 1.710328
1.307692 1.531915 1.763173
1.307692 1.617021 1.816017
1.307692 1.702128 1.868861
1.307692 1.787234 1.921706
1.307692 1.872340 1.974550
1.307692 1.957447 2.027395
1.307692 2.042553 2.080239
1.307692 2.127660 2.133083
1.307692 2.212766 2.185928
1.307692 2.297872 2.238772
1.307692 2.382979 2.291616
1.307692 2.468085 2.344461
1.307692 2.553191 2.397305
1.307692 2.638298 2.450149
1.307692 2.723404 2.502994
1.307692 2.808511 2.555838
1.307692 2.893617 2.608683
1.307692 2.978723 2.661527
1.307692 3.063830 2.714371
1.307692 3.148936 2.767216
1.307692 3.234043 2.820060
1.307692 3.319149 2.872904
1.307692 3.404255 2.925749
1.307692 3.489362 2.978593
1.307692 3.574468 3.031437
1.307692 3.659574 3.084282
1.307692 3.744681 3.137126
1.307692 3.829787 3.189971
1.307692 3.914894 3.242815
1.307692 4.000000 0.000000
1.384615 0.000000 0.000000
1.384615 0.085106 0.912582
1.384615 0.170213 0.965426
1.384615 0.255319 1.018270
1.384615 0.340426 1.071115
1.384615 0.425532 1.123959
1.384615 0.510638 1.176803
1.384615 0.595745 1.229648
1.384615 0.680851 1.282492
1.384615 0.765957 1.335337
1.384615 0.851064 1.388181
1.384615 0.936170 1.441025
1.384615 1.021277 1.493870
1.384615 1.106383 1.546714
1.384615 1.191489 1.599558
1.384615 1.276596 1.652403
1.384615 1.361702 1.705247
1.384615 1.446809 1.758091
1.384615 1.531915 1.810936
1.384615 1.617021 1.863780
1.384615 1.702128 1.916625
1.384615 1.787234 1.969469
1.384615 1.872340 2.022313
1.384615 1.957447 2.075158
1.384615 2.042553 2.128002
1.384615 2.127660 2.180846
1.384615 2.212766 2.233691
1.384615 2.297872 2.286535
1.384615 2.382979 2.339380
1.384615 2.468085 2.392224
1.384615 2.553191 2.445068
1.384615 2.638298 2.497913
1.384615 2.723404 2.550757
1.384615 2.808511 2.603601
1.384615 2.893617 2.656446
1.384615 2.978723 2.709290
1.384615 3.063830 2.762134
1.384615 3.148936 2.814979
1.384615 3.234043 2.867823
1.384615 3.319149 2.920668
1.384615 3.404255 2.973512
1.384615 3.489362 3.026356
1.384615 3.574468 3.079201
1.384615 3.659574 3.132045
1.384615 3.744681 3.184889
1.384615 3.829787 3.237734
1.384615 3.914894 3.290578
1.384615 4.000000 0.000000
1.461538 0.000000 0.000000
1.461538 0.085106 0.960345
1.461538 0.170213 1.013189
1.461538 0.255319 1.066033
1.461538 0.340426 1.118878
1.461538 0.425532 1.171722
1.461538 0.510638 1.224567
1.461538 0.595745 1.277411
1.461538 0.680851 1.330255
1.461538 0.765957 1.383100
1.461538 0.851064 1.435944
1.461538 0.936170 1.488788
1.461538 1.021277 1.541633
1.461538 1.106383 1.594477
1.461538 1.191489 1.647322
1.461538 1.276596 1.700166
1.461538 1.361702 1.753010
1.461538 1.446809 1.805855
1.461538 1.531915 1.858699
1.461538 1.617021 1.911543
1.461538 1.702128 1.964388
1.461538 1.787234 2.017232
1.461538 1.872340 2.070076
1.461538 1.957447 2.122921
1.461538 2.042553 2.175765
1.461538 2.127660 2.228610
1.461538 2.212766 2.281454
1.461538 2.297872 2.334298
1.461538 2.382979 2.387143
1.461538 2.468085 2.439987
1.461538 2.553191 2.492831
1.461538 2.638298 2.545676
1.461538 2.723404 2.598520
1.461538 2.808511 2.651365
1.461538 2.893617 2.704209
1.461538 2.978723 2.757053
1.461538 3.063830 2.809898
1.461538 3.148936 2.862742
1.461538 3.234043 2.915586
1.461538 3.319149 2.968431
1.461538 3.404255 3.021275
1.461538 3.489362 3.074119
1.461538 3.574468 3.126964
1.461538 3.659574 3.179808
1.461538 3.744681 3.232653
1.461538 3.829787 3.285497
1.461538 3.914894 3.338341
1.461538 4.000000 0.000000
1.538462 0.000000 0.000000
1.538462 0.085106 1.008108
1.538462 0.170213 1.060952
1.538462 0.255319 1.113797
1.538462 0.340426 1.166641
1.538462 0.425532 1.219485
1.538462 0.510638 1.272330
1.538462 0.595745 1.325174
1.538462 0.680851 1.378019
1.538462 0.765957 1.430863
1.538462 0.851064 1.483707
1.538462 0.936170 1.536552
1.538462 1.021277 1.589396
1.538462 1.106383 1.642240
1.538462 1.191489 1.695085
1.538462 1.276596 1.747929
1.538462 1.361702 1.800773
1.538462 1.446809 1.853618
1.538462 1.531915 1.906462
1.538462 1.617021 1.959307
1.538462 1.702128 2.012151
1.538462 1.787234 2.064995
1.538462 1.872340 2.117840
1.538462 1.957447 2.170684
1.538462 2.042553 2.223528
1.538462 2.127660 2.276373
1.538462 2.212766 2.329217
1.538462 2.297872 2.382062
1.538462 2.382979 2.434906
1.538462 2.468085 2.487750
1.538462 2.553191 2.540595
1.538462 2.638298 2.593439
1.538462 2.723404 2.646283
1.538462 2.808511 2.699128
1.538462 2.893617 2.751972
1.538462 2.978723 2.804816
1.538462 3.063830 2.857661
1.538462 3.148936 2.910505
1.538462 3.234043 2.963350
1.538462 3.319149 3.016194
1.538462 3.404255 3.069038
1.538462 3.489362 3.121883
1.538462 3.574468 3.174727
1.538462 3.659574 3.227571
1.538462 3.744681 3.280416
1.538462 3.829787 3.333260
1.538462 3.914894 3.386104
1.538462 4.000000 0.000000
1.615385 0.000000 0.000000
1.615385 0.085106 1.055871
1.615385 0.170213 1.108715
1.615385 0.255319 1.161560
1.615385 0.340426 1.214404
1.615385 0.425532 1.267249
1.615385 0.510638 1.320093
1.615385 0.595745 1.372937
1.615385 0.680851 1.425782
1.615385 0.765957 1.478626
1.615385 0.851064 1.531470
1.615385 0.936170 1.584315
1.615385 1.021277 1.637159
1.615385 1.106383 1.690004
1.615385 1.191489 1.742848
1.615385 1.276596 1.795692
1.615385 1.361702 1.848537
1.615385 1.446809 1.901381
1.615385 1.531915 1.954225
1.615385 1.617021 2.007070
1.615385 1.702128 2.059914
1.615385 1.787234 2.112758
1.615385 1.872340 2.165603
1.615385 1.957447 2.218447
1.615385 2.042553 2.271292
1.615385 2.127660 2.324136
1.615385 2.212766 2.376980
1.615385 2.297872 2.429825
1.615385 2.382979 2.482669
1.615385 2.468085 2.535513
1.615385 2.553191 2.588358
1.615385 2.638298 2.641202
1.615385 2.723404 2.694047
1.615385 2.808511 2.746891
1.615385 2.893617 2.799735
1.615385 2.978723 2.852580
1.615385 3.063830 2.905424
1.615385 3.148936 2.958268
1.615385 3.234043 3.011113
1.615385 3.319149 3.063957
1.615385 3.404255 3.116801
1.615385 3.489362 3.169646
1.615385 3.574468 3.222490
1.615385 3.659574 3.275335
1.615385 3.744681 3.328179
1.615385 3.829787 3.381023
1.615385 3.914894 3.433868
1.615385 4.000000 0.000000
1.692308 0.000000 0.000000
1.692308 0.085106 1.103634
1.692308 0.170213 1.156479
1.692308 0.255319 1.209323
1.692308 0.340426 1.262167
1.692308 0.425532 1.315012
1.692308 0.510638 1.367856
1.692308 0.595745 1.420701
1.692308 0.680851 1.473545
1.692308 0.765957 1.526389
1.692308 0.851064 1.579234
1.692308 0.936170 1.632078
1.692308 1.021277 1.684922
1.692308 1.106383 1.737767
1.692308 1.191489 1.790611
1.692308 1.276596 1.843455
1.692308 1.361702 1.896300
1.692308 1.446809 1.949144
1.692308 1.531915 2.001989
1.692308 1.617021 2.054833
1.692308 1.702128 2.107677
1.692308 1.787234 2.160522
1.692308 1.872340 2.213366
1.692308 1.957447 2.266210
1.692308 2.042553 2.319055
1.692308 2.127660 2.371899
1.692308 2.212766 2.424743
1.692308 2.297872 2.477588
1.692308 2.382979 2.530432
1.692308 2.468085 2.583277
1.692308 2.553191 2.636121
1.692308 2.638298 2.688965
1.692308 2.723404 2.741810
1.692308 2.808511 2.794654
1.692308 2.893617 2.847498
1.692308 2.978723 2.900343
1.692308 3.063830 2.953187
1.692308 3.148936 3.006032
1.692308 3.234043 3.058876
1.692308 3.319149 3.111720
1.692308 3.404255 3.164565
1.692308 3.489362 3.217409
1.692308 3.574468 3.270253
1.692308 3.659574 3.323098
1.692308 3.744681 3.375942
1.692308 3.829787 3.428786
1.692308 3.914894 3.481631
1.692308 4.000000 0.000000
1.769231 0.000000 0.000000
1.769231 0.085106 1.151397
1.769231 0.170213 1.204242
1.769231 0.255319 1.257086
1.769231 0.340426 1.309931
1.769231 0.425532 1.362775
1.769231 0.510638 1.415619
1.769231 0.595745 1.468464
1.769231 0.680851 1.521308
1.769231 0.765957 1.574152
1.769231 0.851064 1.626997
1.769231 0.936170 1.679841
1.769231 1.021277 1.732686
1.769231 1.106383 1.785530
1.769231 1.191489 1.838374
1.769231 1.276596 1.891219
1.769231 1.361702 1.944063
1.769231 1.446809 1.996907
1.769231 1.531915 2.049752
1.769231 1.617021 2.102596
1.769231 1.702128 2.155440
1.769231 1.787234 2.208285
1.769231 1.872340 2.261129
1.769231 1.957447 2.313974
1.769231 2.042553 2.366818
1.769231 2.127660 2.419662
1.769231 2.212766 2.472507
1.769231 2.297872 2.525351
1.769231 2.382979 2.578195
1.769231 2.468085 2.631040
1.769231 2.553191 2.683884
1.769231 2.638298 2.736729
1.769231 2.723404 2.789573
1.769231 2.808511 2.842417
1.769231 2.893617 2.895262
1.769231 2.978723 2.948106
1.769231 3.063830 3.000950
1.769231 3.148936 3.053795
1.769231 3.234043 3.106639
1.769231 3.319149 3.159483
1.769231 3.404255 3.212328
1.769231 3.489362 3.265172
1.769231 3.574468 3.318017
1.769231 3.659574 3.370861
1.769231 3.744681 3.423705
1.769231 3.829787 3.476550
1.769231 3.914894 3.529394
1.769231 4.000000 0.000000
1.846154 0.000000 0.000000
1.846154 0.085106 1.199161
1.846154 0.170213 1.252005
1.846154 0.255319 1.304849
1.846154 0.340426 1.357694
1.846154 0.425532 1.410538
1.846154 0.510638 1.463382
1.846154 0.595745 1.516227
1.846154 0.680851 1.569071
1.846154 0.765957 1.621916
1.846154 0.851064 1.674760
1.846154 0.936170 1.727604
1.846154 1.021277 1.780449
1.846154 1.106383 1.833293
1.846154 1.191489 1.886137
1.846154 1.276596 1.938982
1.846154 1.361702 1.991826
1.846154 1.446809 2.044671
1.846154 1.531915 2.097515
1.846154 1.617021 2.150359
1.846154 1.702128 2.203204
1.846154 1.787234 2.256048
1.846154 1.872340 2.308892
1.846154 1.957447 2.361737
1.846154 2.042553 2.414581
1.846154 2.127660 2.467425
1.846154 2.212766 2.520270
1.846154 2.297872 2.573114
1.846154 2.382979 2.625959
1.846154 2.468085 2.678803
1.846154 2.553191 2.731647
1.846154 2.638298 2.784492
1.846154 2.723404 2.837336
1.846154 2.808511 2.890180
1.846154 2.893617 2.943025
1.846154 2.978723 2.995869
1.846154 3.063830 3.048714
1.846154 3.148936 3.101558
1.846154 3.234043 3.154402
1.846154 3.319149 3.207247
1.846154 3.404255 3.260091
1.846154 3.489362 3.312935
1.846154 3.574468 3.365780
1.846154 3.659574 3.418624
1.846154 3.744681 3.471468
1.846154 3.829787 3.524313
1.846154 3.914894 3.577157
1.846154 4.000000 0.000000
1.923077 0.000000 0.000000
1.923077 0.085106 1.246924
1.923077 0.170213 1.299768
1.923077 0.255319 1.352613
1.923077 0.340426 1.405457
1.923077 0.425532 1.458301
1.923077 0.510638 1.511146
1.923077 0.595745 1.563990
1.923077 0.680851 1.616834
1.923077 0.765957 1.669679
1.923077 0.851064 1.722523
1.923077 0.936170 1.775368
1.923077 1.021277 1.828212
1.923077 1.106383 1.881056
1.923077 1.191489 1.933901
1.923077 1.276596 1.986745
1.923077 1.361702 2.039589
1.923077 1.446809 2.092434
1.923077 1.531915 2.145278
1.923077 1.617021 2.198122
1.923077 1.702128 2.250967
1.923077 1.787234 2.303811
1.923077 1.872340 2.356656
1.923077 1.957447 2.409500
1.923077 2.042553 2.462344
1.923077 2.127660 2.515189
1.923077 2.212766 2.568033
1.923077 2.297872 2.620877
1.923077 2.382979 2.673722
1.923077 2.468085 2.726566
1.923077 2.553191 2.779411
1.923077 2.638298 2.832255
1.923077 2.723404 2.885099
1.923077 2.808511 2.937944
1.923077 2.893617 2.990788
1.923077 2.978723 3.043632
1.923077 3.063830 3.096477
1.923077 3.148936 3.149321
1.923077 3.234043 3.202165
1.923077 3.319149 3.255010
1.923077 3.404255 3.307854
1.923077 3.489362 3.360699
1.923077 3.574468 3.413543
1.923077 3.659574 3.466387
1.923077 3.744681 3.519232
1.923077 3.829787 3.572076
1.923077 3.914894 3.624920
1.923077 4.000000 0.000000
2.000000 0.000000 0.000000
2.000000 0.085106 1.294687
2.000000 0.170213 1.347531
2.000000 0.255319 1.400376
2.000000 0.340426 1.453220
2.000000 0.425532 1.506064
2.000000 0.510638 1.558909
2.000000 0.595745 1.611753
2.000000 0.680851 1.664598
2.000000 0.765957 1.717442
2.000000 0.851064 1.770286
2.000000 0.936170 1.823131
2.000000 1.021277 1.875975
2.000000 1.106383 1.928819
2.000000 1.191489 1.981664
2.000000 1.276596 2.034508
2.000000 1.361702 2.087353
2.000000 1.446809 2.140197
2.000000 1.531915 2.193041
2.000000 1.617021 2.245886
2.000000 1.702128 2.298730
2.000000 1.787234 2.351574
2.000000 1.872340 2.404419
2.000000 1.957447 2.457263
2.000000 2.042553 2.510107
2.000000 2.127660 2.562952
2.000000 2.212766 2.615796
2.000000 2.297872 2.668641
2.000000 2.382979 2.721485
2.000000 2.468085 2.774329
2.000000 2.553191 2.827174
2.000000 2.638298 2.880018
2.000000 2.723404 2.932862
2.000000 2.808511 2.985707
2.000000 2.893617 3.038551
2.000000 2.978723 3.091396
2.000000 3.063830 3.144240
2.000000 3.148936 3.197084
2.000000 3.234043 3.249929
2.000000 3.319149 3.302773
2.000000 3.404255 3.355617
2.000000 3.489362 3.408462
2.000000 3.574468 3.461306
2.000000 3.659574 3.514150
2.000000 3.744681 3.566995
2.000000 3.829787 3.619839
2.000000 3.914894 3.672684
2.000000 4.000000 0.000000
2.076923 0.000000 0.000000
2.076923 0.085106 1.342450
2.076923 0.170213 1.395295
2.076923 0.255319 1.448139
2.076923 0.340426 1.500983
2.076923 0.425532 1.553828
2.076923 0.510638 1.606672
2.076923 0.595745 1.659516
2.076923 0.680851 1.712361
2.076923 0.765957 1.765205
2.076923 0.851064 1.818050
2.076923 0.936170 1.870894
2.076923 1.021277 1.923738
2.076923 1.106383 1.976583
2.076923 1.191489 2.029427
2.076923 1.276596 2.082271
2.076923 1.361702 2.135116
2.076923 1.446809 2.187960
2.076923 1.531915 2.240804
2.076923 1.617021 2.293649
2.076923 1.702128 2.346493
2.076923 1.787234 2.399338
2.076923 1.872340 2.452182
2.076923 1.957447 2.505026
2.076923 2.042553 2.557871
2.076923 2.127660 2.610715
2.076923 2.212766 2.663559
2.076923 2.297872 2.716404
2.076923 2.382979 2.769248
2.076923 2.468085 2.822092
2.076923 2.553191 2.874937
2.076923 2.638298 2.927781
2.076923 2.723404 2.980626
2.076923 2.808511 3.033470
2.076923 2.893617 3.086314
2.076923 2.978723 3.139159
2.076923 3.063830 3.192003
2.076923 3.148936 3.244847
2.076923 3.234043 3.297692
2.076923 3.319149 3.350536
2.076923 3.404255 3.403381
2.076923 3.489362 3.456225
2.076923 3.574468 3.509069
2.076923 3.659574 3.561914
2.076923 3.744681 3.614758
2.076923 3.829787 3.667602
2.076923 3.914894 3.720447
2.076923 4.000000 0.000000
2.153846 0.000000 0.000000
2.153846 0.085106 1.390213
2.153846 0.170213 1.443058
2.153846 0.255319 1.495902
2.153846 0.340426 1.548746
2.153846 0.425532 1.601591
2.153846 0.510638 1.654435
2.153846 0.595745 1.707280
2.153846 0.680851 1.760124
2.153846 0.765957 1.812968
2.153846 0.851064 1.865813
2.153846 0.936170 1.918657
2.153846 1.021277 1.971501
2.153846 1.106383 2.024346
2.153846 1.191489 2.077190
2.153846 1.276596 2.130035
2.153846 1.361702 2.182879
2.153846 1.446809 2.235723
2.153846 1.531915 2.288568
2.153846 1.617021 2.341412
2.153846 1.702128 2.394256
2.153846 1.787234 2.447101
2.153846 1.872340 2.499945
2.153846 1.957447 2.552789
2.153846 2.042553 2.605634
2.153846 2.127660 2.658478
2.153846 2.212766 2.711323
2.153846 2.297872 2.764167
2.153846 2.382979 2.817011
2.153846 2.468085 2.869856
2.153846 2.553191 2.922700
2.153846 2.638298 2.975544
2.153846 2.723404 3.028389
2.153846 2.808511 3.081233
2.153846 2.893617 3.134078
2.153846 2.978723 3.186922
2.153846 3.063830 3.239766
2.153846 3.148936 3.292611
2.153846 3.234043 3.345455
2.153846 3.319149 3.398299
2.153846 3.404255 3.451144
2.153846 3.489362 3.503988
2.153846 3.574468 3.556832
2.153846 3.659574 3.609677
2.153846 3.744681 3.662521
2.153846 3.829787 3.715366
2.153846 3.914894 3.768210
2.153846 4.000000 0.000000
2.230769 0.000000 0.000000
2.230769 0.085106 1.437977
2.230769 0.170213 1.490821
2.230769 0.255319 1.543665
2.230769 0.340426 1.596510
2.230769 0.425532 1.649354
2.230769 0.510638 1.702198
2.230769 0.595745 1.755043
2.230769 0.680851 1.807887
2.230769 0.765957 1.860731
2.230769 0.851064 1.913576
2.230769 0.936170 1.966420
2.230769 1.021277 2.019265
2.230769 1.106383 2.072109
2.230769 1.191489 2.124953
2.230769 1.276596 2.177798
2.230769 1.361702 2.230642
2.230769 1.446809 2.283486
2.230769 1.531915 2.336331
2.230769 1.617021 2.389175
2.230769 1.702128 2.442020
2.230769 1.787234 2.494864
2.230769 1.872340 2.547708
2.230769 1.957447 2.600553
2.230769 2.042553 2.653397
2.230769 2.127660 2.706241
2.230769 2.212766 2.759086
2.230769 2.297872 2.811930
2.230769 2.382979 2.864774
2.230769 2.468085 2.917619
2.230769 2.553191 2.970463
2.230769 2.638298 3.023308
2.230769 2.723404 3.076152
2.230769 2.808511 3.128996
2.230769 2.893617 3.181841
2.230769 2.978723 3.234685
2.230769 3.063830 3.287529
2.230769 3.148936 3.340374
2.230769 3.234043 3.393218
2.230769 3.319149 3.446063
2.230769 3.404255 3.498907
2.230769 3.489362 3.551751
2.230769 3.574468 3.604596
2.230769 3.659574 3.657440
2.230769 3.744681 3.710284
2.230769 3.829787 3.763129
2.230769 3.914894 3.815973
2.230769 4.000000 0.000000
2.307692 0.000000 0.000000
2.307692 0.085106 1.485740
2.307692 0.170213 1.538584
2.307692 0.255319 1.591428
2.307692 0.340426 1.644273
2.307692 0.425532 1.697117
2.307692 0.510638 1.749962
2.307692 0.595745 1.802806
2.307692 0.680851 1.855650
2.307692 0.765957 1.908495
2.307692 0.851064 1.961339
2.307692 0.936170 2.014183
2.307692 1.021277 2.067028
2.307692 1.106383 2.119872
2.307692 1.191489 2.172717
2.307692 1.276596 2.225561
2.307692 1.361702 2.278405
2.307692 1.446809 2.331250
2.307692 1.531915 2.384094
2.307692 1.617021 2.436938
2.307692 1.702128 2.489783
2.307692 1.787234 2.542627
2.307692 1.872340 2.595471
2.307692 1.957447 2.648316
2.307692 2.042553 2.701160
2.307692 2.127660 2.754005
2.307692 2.212766 2.806849
2.307692 2.297872 2.859693
2.307692 2.382979 2.912538
2.307692 2.468085 2.965382
2.307692 2.553191 3.018226
2.307692 2.638298 3.071071
2.307692 2.723404 3.123915
2.307692 2.808511 3.176760
2.307692 2.893617 3.229604
2.307692 2.978723 3.282448
2.307692 3.063830 3.335293
2.307692 3.148936 3.388137
2.307692 3.234043 3.440981
2.307692 3.319149 3.493826
2.307692 3.404255 3.546670
2.307692 3.489362 3.599514
2.307692 3.574468 3.652359
2.307692 3.659574 3.705203
2.307692 3.744681 3.758048
2.307692 3.829787 3.810892
2.307692 3.914894 3.863736
2.307692 4.000000 0.000000
2.384615 0.000000 0.000000
2.384615 0.085106 1.533503
2.384615 0.170213 1.586347
2.384615 0.255319 1.639192
2.384615 0.340426 1.692036
2.384615 0.425532 1.744880
2.384615 0.510638 1.797725
2.384615 0.595745 1.850569
2.384615 0.680851 1.903413
2.384615 0.765957 1.956258
2.384615 0.851064 2.009102
2.384615 0.936170 2.061947
2.384615 1.021277 2.114791
2.384615 1.106383 2.167635
2.384615 1.191489 2.220480
2.384615 1.276596 2.273324
2.384615 1.361702 2.326168
2.384615 1.446809 2.379013
2.384615 1.531915 2.431857
2.384615 1.617021 2.484702
2.384615 1.702128 2.537546
2.384615 1.787234 2.590390
2.384615 1.872340 2.643235
2.384615 1.957447 2.696079
2.384615 2.042553 2.748923
2.384615 2.127660 2.801768
2.384615 2.212766 2.854612
2.384615 2.297872 2.907456
2.384615 2.382979 2.960301
2.384615 2.468085 3.013145
2.384615 2.553191 3.065990
2.384615 2.638298 3.118834
2.384615 2.723404 3.171678
2.384615 2.808511 3.224523
2.384615 2.893617 3.277367
2.384615 2.978723 3.330211
2.384615 3.063830 3.383056
2.384615 3.148936 3.435900
2.384615 3.234043 3.488745
2.384615 3.319149 3.541589
2.384615 3.404255 3.594433
2.384615 3.489362 3.647278
2.384615 3.574468 3.700122
2.384615 3.659574 3.752966
2.384615 3.744681 3.805811
2.384615 3.829787 3.858655
2.384615 3.914894 3.911499
2.384615 4.000000 0.000000
2.461538 0.000000 0.000000
2.461538 0.085106 1.581266
2.461538 0.170213 1.634110
2.461538 0.255319 1.686955
2.461538 0.340426 1.739799
2.461538 0.425532 1.792644
2.461538 0.510638 1.845488
2.461538 0.595745 1.898332
2.461538 0.680851 1.951177
2.461538 0.765957 2.004021
2.461538 0.851064 2.056865
2.461538 0.936170 2.109710
2.461538 1.021277 2.162554
2.461538 1.106383 2.215399
2.461538 1.191489 2.268243
2.461538 1.276596 2.321087
2.461538 1.361702 2.373932
2.461538 1.446809 2.426776
2.461538 1.531915 2.479620
2.461538 1.617021 2.532465
2.461538 1.702128 2.585309
2.461538 1.787234 2.638153
2.461538 1.872340 2.690998
2.461538 1.957447 2.743842
2.461538 2.042553 2.796687
2.461538 2.127660 2.849531
2.461538 2.212766 2.902375
2.461538 2.297872 2.955220
2.461538 2.382979 3.008064
2.461538 2.468085 3.060908
2.461538 2.553191 3.113753
2.461538 2.638298 3.166597
2.461538 2.723404 3.219441
2.461538 2.808511 3.272286
2.461538 2.893617 3.325130
2.461538 2.978723 3.377975
2.461538 3.063830 3.430819
2.461538 3.148936 3.483663
2.461538 3.234043 3.536508
2.461538 3.319149 3.589352
2.461538 3.404255 3.642196
2.461538 3.489362 3.695041
2.461538 3.574468 3.747885
2.461538 3.659574 3.800730
2.461538 3.744681 3.853574
2.461538 3.829787 3.906418
2.461538 3.914894 3.959263
2.461538 4.000000 0.000000
2.538462 0.000000 0.000000
2.538462 0.085106 1.629029
2.538462 0.170213 1.681874
2.538462 0.255319 1.734718
2.538462 0.340426 1.787562
2.538462 0.425532 1.840407
2.538462 0.510638 1.893251
2.538462 0.595745 1.946095
2.538462 0.680851 1.998940
2.538462 0.765957 2.051784
2.538462 0.851064 2.104629
2.538462 0.936170 2.157473
2.538462 1.021277 2.210317
2.538462 1.106383 2.263162
2.538462 1.191489 2.316006
2.538462 1.276596 2.368850
2.538462 1.361702 2.421695
2.538462 1.446809 2.474539
2.538462 1.531915 2.527384
2.538462 1.617021 2.580228
2.538462 1.702128 2.633072
2.538462 1.787234 2.685917
2.538462 1.872340 2.738761
2.538462 1.957447 2.791605
2.538462 2.042553 2.844450
2.538462 2.127660 2.897294
2.538462 2.212766 2.950138
2.538462 2.297872 3.002983
2.538462 2.382979 3.055827
2.538462 2.468085 3.108672
2.538462 2.553191 3.161516
2.538462 2.638298 3.214360
2.538462 2.723404 3.267205
2.538462 2.808511 3.320049
2.538462 2.893617 3.372893
2.538462 2.978723 3.425738
2.538462 3.063830 3.478582
2.538462 3.148936 3.531427
2.538462 3.234043 3.584271
2.538462 3.319149 3.637115
2.538462 3.404255 3.689960
2.538462 3.489362 3.742804
2.538462 3.574468 3.795648
2.538462 3.659574 3.848493
2.538462 3.744681 3.901337
2.538462 3.829787 3.954181
2.538462 3.914894 4.007026
2.538462 4.000000 0.000000
2.615385 0.000000 0.000000
2.615385 0.085106 1.676792
2.615385 0.170213 1.729637
2.615385 0.255319 1.782481
2.615385 0.340426 1.835326
2.615385 0.425532 1.888170
2.615385 0.510638 1.941014
2.615385 0.595745 1.993859
2.615385 0.680851 2.046703
2.615385 0.765957 2.099547
2.615385 0.851064 2.152392
2.615385 0.936170 2.205236
2.615385 1.021277 2.258080
2.615385 1.106383 2.310925
2.615385 1.191489 2.363769
2.615385 1.276596 2.416614
2.615385 1.361702 2.469458
2.615385 1.446809 2.522302
2.615385 1.531915 2.575147
2.615385 1.617021 2.627991
2.615385 1.702128 2.680835
2.615385 1.787234 2.733680
2.615385 1.872340 2.786524
2.615385 1.957447 2.839369
2.615385 2.042553 2.892213
2.615385 2.127660 2.945057
2.615385 2.212766 2.997902
2.615385 2.297872 3.050746
2.615385 2.382979 3.103590
2.615385 2.468085 3.156435
2.615385 2.553191 3.209279
2.615385 2.638298 3.262123
2.615385 2.723404 3.314968
2.615385 2.808511 3.367812
2.615385 2.893617 3.420657
2.615385 2.978723 3.473501
2.615385 3.063830 3.526345
2.615385 3.148936 3.579190
2.615385 3.234043 3.632034
2.615385 3.319149 3.684878
2.615385 3.404255 3.737723
2.615385 3.489362 3.790567
2.615385 3.574468 3.843412
2.615385 3.659574 3.896256
2.615385 3.744681 3.949100
2.615385 3.829787 4.001945
2.615385 3.914894 4.054789
2.615385 4.000000 0.000000
2.692308 0.000000 0.000000
2.692308 0.085106 1.724556
2.692308 0.170213 1.777400
2.692308 0.255319 1.830244
2.692308 0.340426 1.883089
2.692308 0.425532 1.935933
2.692308 0.510638 1.988777
2.692308 0.595745 2.041622
2.692308 0.680851 2.094466
2.692308 0.765957 2.147311
2.692308 0.851064 2.200155
2.692308 0.936170 2.252999
2.692308 1.021277 2.305844
2.692308 1.106383 2.358688
2.692308 1.191489 2.411532
2.692308 1.276596 2.464377
2.692308 1.361702 2.517221
2.692308 1.446809 2.570066
2.692308 1.531915 2.622910
2.692308 1.617021 2.675754
2.692308 1.702128 2.728599
2.692308 1.787234 2.781443
2.692308 1.872340 2.834287
2.692308 1.957447 2.887132
2.692308 2.042553 2.939976
2.692308 2.127660 2.992820
2.692308 2.212766 3.045665
2.692308 2.297872 3.098509
2.692308 2.382979 3.151354
2.692308 2.468085 3.204198
2.692308 2.553191 3.257042
2.692308 2.638298 3.309887
2.692308 2.723404 3.362731
2.692308 2.808511 3.415575
2.692308 2.893617 3.468420
2.692308 2.978723 3.521264
2.692308 3.063830 3.574108
2.692308 3.148936 3.626953
2.692308 3.234043 3.679797
2.692308 3.319149 3.732642
2.692308 3.404255 3.785486
2.692308 3.489362 3.838330
2.692308 3.574468 3.891175
2.692308 3.659574 3.944019
2.692308 3.744681 3.996863
2.692308 3.829787 4.049708
2.692308 3.914894 4.102552
2.692308 4.000000 0.000000
2.769231 0.000000 0.000000
2.769231 0.085106 1.772319
2.769231 0.170213 1.825163
2.769231 0.255319 1.878008
2.769231 0.340426 1.930852
2.769231 0.425532 1.983696
2.769231 0.510638 2.036541
2.769231 0.595745 2.089385
2.769231 0.680851 2.142229
2.769231 0.765957 2.195074
2.769231 0.851064 2.247918
2.769231 0.936170 2.300762
2.769231 1.021277 2.353607
2.769231 1.106383 2.406451
2.769231 1.191489 2.459296
2.769231 1.276596 2.512140
2.769231 1.361702 2.564984
2.769231 1.446809 2.617829
2.769231 1.531915 2.670673
2.769231 1.617021 2.723517
2.769231 1.702128 2.776362
2.769231 1.787234 2.829206
2.769231 1.872340 2.882051
2.769231 1.957447 2.934895
2.769231 2.042553 2.987739
2.769231 2.127660 3.040584
2.769231 2.212766 3.093428
2.769231 2.297872 3.146272
2.769231 2.382979 3.199117
2.769231 2.468085 3.251961
2.769231 2.553191 3.304805
2.769231 2.638298 3.357650
2.769231 2.723404 3.410494
2.769231 2.808511 3.463339
2.769231 2.893617 3.516183
2.769231 2.978723 3.569027
2.769231 3.063830 3.621872
2.769231 3.148936 3.674716
2.769231 3.234043 3.727560
2.769231 3.319149 3.780405
2.769231 3.404255 3.833249
2.769231 3.489362 3.886094
2.769231 3.574468 3.938938
2.769231 3.659574 3.991782
2.769231 3.744681 4.044627
2.769231 3.829787 4.097471
2.769231 3.914894 4.150315
2.769231 4.000000 0.000000
2.846154 0.000000 0.000000
2.846154 0.085106 1.820082
2.846154 0.170213 1.872926
2.846154 0.255319 1.925771
2.846154 0.340426 1.978615
2.846154 0.425532 2.031459
2.846154 0.510638 2.084304
2.846154 0.595745 2.137148
2.846154 0.680851 2.189993
2.846154 0.765957 2.242837
2.846154 0.851064 2.295681
2.846154 0.936170 2.348526
2.846154 1.021277 2.401370
2.846154 1.106383 2.454214
2.846154 1.191489 2.507059
2.846154 1.276596 2.559903
2.846154 1.361702 2.612747
2.846154 1.446809 2.665592
2.846154 1.531915 2.718436
2.846154 1.617021 2.771281
2.846154 1.702128 2.824125
2.846154 1.787234 2.876969
2.846154 1.872340 2.929814
2.846154 1.957447 2.982658
2.846154 2.042553 3.035502
2.846154 2.127660 3.088347
2.846154 2.212766 3.141191
2.846154 2.297872 3.194036
2.846154 2.382979 3.246880
2.846154 2.468085 3.299724
2.846154 2.553191 3.352569
2.846154 2.638298 3.405413
2.846154 2.723404 3.458257
2.846154 2.808511 3.511102
2.846154 2.893617 3.563946
2.846154 2.978723 3.616790
2.846154 3.063830 3.669635
2.846154 3.148936 3.722479
2.846154 3.234043 3.775324
2.846154 3.319149 3.828168
2.846154 3.404255 3.881012
2.846154 3.489362 3.933857
2.846154 3.574468 3.986701
2.846154 3.659574 4.039545
2.846154 3.744681 4.092390
2.846154 3.829787 4.145234
2.846154 3.914894 4.198079
2.846154 4.000000 0.000000
2.923077 0.000000 0.000000
2.923077 0.085106 1.867845
2.923077 0.170213 1.920690
2.923077 0.255319 1.973534
2.923077 0.340426 2.026378
2.923077 0.425532 2.079223
2.923077 0.510638 2.132067
2.923077 0.595745 2.184911
2.923077 0.680851 2.237756
2.923077 0.765957 2.290600
2.923077 0.851064 2.343444
2.923077 0.936170 2.396289
2.923077 1.021277 2.449133
2.923077 1.106383 2.501978
2.923077 1.191489 2.554822
2.923077 1.276596 2.607666
2.923077 1.361702 2.660511
2.923077 1.446809 2.713355
2.923077 1.531915 2.766199
2.923077 1.617021 2.819044
2.923077 1.702128 2.871888
2.923077 1.787234 2.924733
2.923077 1.872340 2.977577
2.923077 1.957447 3.030421
2.923077 2.042553 3.083266
2.923077 2.127660 3.136110
2.923077 2.212766 3.188954
2.923077 2.297872 3.241799
2.923077 2.382979 3.294643
2.923077 2.468085 3.347487
2.923077 2.553191 3.400332
2.923077 2.638298 3.453176
2.923077 2.723404 3.506021
2.923077 2.808511 3.558865
2.923077 2.893617 3.611709
2.923077 2.978723 3.664554
2.923077 3.063830 3.717398
2.923077 3.148936 3.770242
2.923077 3.234043 3.823087
2.923077 3.319149 3.875931
2.923077 3.404255 3.928776
2.923077 3.489362 3.981620
2.923077 3.574468 4.034464
2.923077 3.659574 4.087309
2.923077 3.744681 4.140153
2.923077 3.829787 4.192997
2.923077 3.914894 4.245842
2.923077 4.000000 0.000000
3.000000 0.000000 0.000000
3.000000 0.085106 0.000000
3.000000 0.170213 0.000000
3.000000 0.255319 0.000000
3.000000 0.340426 0.000000
3.000000 0.425532 0.000000
3.000000 0.510638 0.000000
3.000000 0.595745 0.000000
3.000000 0.680851 0.000000
3.000000 0.765957 0.000000
3.000000 0.851064 0.000000
3.000000 0.936170 0.000000
3.000000 1.021277 0.000000
3.000000 1.106383 0.000000
3.000000 1.191489 0.000000
3.000000 1.276596 0.000000
3.000000 1.361702 0.000000
3.000000 1.446809 0.000000
3.000000 1.531915 0.000000
3.000000 1.617021 0.000000
3.000000 1.702128 0.000000
3.000000 1.787234 0.000000
3.000000 1.872340 0.000000
3.000000 1.957447 0.000000
3.000000 2.042553 0.000000
3.000000 2.127660 0.000000
3.000000 2.212766 0.000000
3.000000 2.297872 0.000000
3.000000 2.382979 0.000000
3.000000 2.468085 0.000000
3.000000 2.553191 0.000000
3.000000 2.638298 0.000000
3.000000 2.723404 0.000000
3.000000 2.808511 0.000000
3.000000 2.893617 0.000000
3.000000 2.978723 0.000000
3.000000 3.063830 0.000000
3.000000 3.148936 0.000000
3.000000 3.234043 0.000000
3.000000 3.319149 0.000000
3.000000 3.404255 0.000000
3.000000 3.489362 0.000000
3.000000 3.574468 0.000000
3.000000 3.659574 0.000000
3.000000 3.744681 0.000000
3.000000 3.829787 0.000000
3.000000 3.914894 0.000000
3.000000 4.000000 0.000000
