0.000000 0.000000 0.000000
0.000000 0.500000 0.282237
0.000000 1.000000 0.564474
0.000000 1.500000 0.846711
0.000000 2.000000 1.128948
0.081081 0.000000 0.045768
0.081081 0.500000 0.328005
0.081081 1.000000 0.610242
0.081081 1.500000 0.892479
0.081081 2.000000 1.174716
0.162162 0.000000 0.091536
0.162162 0.500000 0.373773
0.162162 1.000000 0.656010
0.162162 1.500000 0.938247
0.162162 2.000000 1.220484
0.243243 0.000000 0.137304
0.243243 0.500000 0.419541
0.243243 1.000000 0.701778
0.243243 1.500000 0.984015
0.243243 2.000000 1.266252
0.324324 0.000000 0.183073
0.324324 0.500000 0.465310
0.324324 1.000000 0.747547
0.324324 1.500000 1.029784
0.324324 2.000000 1.312020
0.405405 0.000000 0.228841
0.405405 0.500000 0.511078
0.405405 1.000000 0.793315
0.405405 1.500000 1.075552
0.405405 2.000000 1.357789
0.486486 0.000000 0.274609
0.486486 0.500000 0.556846
0.486486 1.000000 0.839083
0.486486 1.500000 1.121320
0.486486 2.000000 1.403557
0.567568 0.000000 0.320377
0.567568 0.500000 0.602614
0.567568 1.000000 0.884851
0.567568 1.500000 1.167088
0.567568 2.000000 1.449325
0.648649 0.000000 0.366145
0.648649 0.500000 0.648382
0.648649 1.000000 0.930619
0.648649 1.500000 1.212856
0.648649 2.000000 1.495093
0.729730 0.000000 0.411913
0.729730 0.500000 0.694150
0.729730 1.000000 0.976387
0.729730 1.500000 1.258624
0.729730 2.000000 1.540861
0.810811 0.000000 0.457682
0.810811 0.500000 0.739919
0.810811 1.000000 1.022155
0.810811 1.500000 1.304392
0.810811 2.000000 1.586629
0.891892 0.000000 0.503450
0.891892 0.500000 0.785687
0.891892 1.000000 1.067924
0.891892 1.500000 1.350161
0.891892 2.000000 1.632398
0.972973 0.000000 0.549218
0.972973 0.500000 0.831455
0.972973 1.000000 1.113692
0.972973 1.500000 1.395929
0.972973 2.000000 1.678166
1.054054 0.000000 0.594986
1.054054 0.500000 0.877223
1.054054 1.000000 1.159460
1.054054 1.500000 1.441697
1.054054 2.000000 1.723934
1.135135 0.000000 0.640754
1.135135 0.500000 0.922991
1.135135 1.000000 1.205228
1.135135 1.500000 1.487465
1.135135 2.000000 1.769702
1.216216 0.000000 0.686522
1.216216 0.500000 0.968759
1.216216 1.000000 1.250996
1.216216 1.500000 1.533233
1.216216 2.000000 1.815470
1.297297 0.000000 0.732291
1.297297 0.500000 1.014527
1.297297 1.000000 1.296764
1.297297 1.500000 1.579001
1.297297 2.000000 1.861238
1.378378 0.000000 0.778059
1.378378 0.500000 1.060296
1.378378 1.000000 1.342533
1.378378 1.500000 1.624770
1.378378 2.000000 1.907007
1.459459 0.000000 0.823827
1.459459 0.500000 1.106064
1.459459 1.000000 1.388301
1.459459 1.500000 1.670538
1.459459 2.000000 1.952775
1.540541 0.000000 0.869595
1.540541 0.500000 1.151832
1.540541 1.000000 1.434069
1.540541 1.500000 1.716306
1.540541 2.000000 1.998543
1.621622 0.000000 0.915363
1.621622 0.500000 1.197600
1.621622 1.000000 1.479837
1.621622 1.500000 1.762074
1.621622 2.000000 2.044311
1.702703 0.000000 0.961131
1.702703 0.500000 1.243368
1.702703 1.000000 1.525605
1.702703 1.500000 1.807842
1.702703 2.000000 2.090079
1.783784 0.000000 1.006899
1.783784 0.500000 1.289136
1.783784 1.000000 1.571373
1.783784 1.500000 1.853610
1.783784 2.000000 2.135847
1.864865 0.000000 1.052668
1.864865 0.500000 1.334905
1.864865 1.000000 1.617142
1.864865 1.500000 1.899378
1.864865 2.000000 2.181615
1.945946 0.000000 1.098436
1.945946 0.500000 1.380673
1.945946 1.000000 1.662910
1.945946 1.500000 1.945147
1.945946 2.000000 2.227384
2.027027 0.000000 1.144204
2.027027 0.500000 1.426441
2.027027 1.000000 1.708678
2.027027 1.500000 1.990915
2.027027 2.000000 2.273152
2.108108 0.000000 1.189972
2.108108 0.500000 1.472209
2.108108 1.000000 1.754446
2.108108 1.500000 2.036683
2.108108 2.000000 2.318920
2.189189 0.000000 1.235740
2.189189 0.500000 1.517977
2.189189 1.000000 1.800214
2.189189 1.500000 2.082451
2.189189 2.000000 2.364688
2.270270 0.000000 1.281508
2.270270 0.500000 1.563745
2.270270 1.000000 1.845982
2.270270 1.500000 2.128219
2.270270 2.000000 2.410456
2.351351 0.000000 1.327277
2.351351 0.500000 1.609514
2.351351 1.000000 1.891750
2.351351 1.500000 2.173987
2.351351 2.000000 2.456224
2.432432 0.000000 1.373045
2.432432 0.500000 1.655282
2.432432 1.000000 1.937519
2.432432 1.500000 2.219756
2.432432 2.000000 2.501993
2.513514 0.000000 1.418813
2.513514 0.500000 1.701050
2.513514 1.000000 1.983287
2.513514 1.500000 2.265524
2.513514 2.000000 2.547761
2.594595 0.000000 1.464581
2.594595 0.500000 1.746818
2.594595 1.000000 2.029055
2.594595 1.500000 2.311292
2.594595 2.000000 2.593529
2.675676 0.000000 1.510349
2.675676 0.500000 1.792586
2.675676 1.000000 2.074823
2.675676 1.500000 2.357060
2.675676 2.000000 2.639297
2.756757 0.000000 1.556117
2.756757 0.500000 1.838354
2.756757 1.000000 2.120591
2.756757 1.500000 2.402828
2.756757 2.000000 2.685065
2.837838 0.000000 1.601885
2.837838 0.500000 1.884122
2.837838 1.000000 2.166359
2.837838 1.500000 2.448596
2.837838 2.000000 2.730833
2.918919 0.000000 1.647654
2.918919 0.500000 1.929891
2.918919 1.000000 2.212128
2.918919 1.500000 2.494365
2.918919 2.000000 2.776601
3.000000 0.000000 1.693422
3.000000 0.500000 1.975659
3.000000 1.000000 2.257896
3.000000 1.500000 2.540133
3.000000 2.000000 2.822370
