0.000000 0.000000 0.000000
0.000000 0.085106 0.000000
0.000000 0.170213 0.000000
0.000000 0.255319 0.000000
0.000000 0.340426 0.000000
0.000000 0.425532 0.000000
0.000000 0.510638 0.000000
0.000000 0.595745 0.000000
0.000000 0.680851 0.000000
0.000000 0.765957 0.000000
0.000000 0.851064 0.000000
0.000000 0.936170 0.000000
0.000000 1.021277 0.000000
0.000000 1.106383 0.000000
0.000000 1.191489 0.000000
0.000000 1.276596 0.000000
0.000000 1.361702 0.000000
0.000000 1.446809 0.000000
0.000000 1.531915 0.000000
0.000000 1.617021 0.000000
0.000000 1.702128 0.000000
0.000000 1.787234 0.000000
0.000000 1.872340 0.000000
0.000000 1.957447 0.000000
0.000000 2.042553 0.000000
0.000000 2.127660 0.000000
0.000000 2.212766 0.000000
0.000000 2.297872 0.000000
0.000000 2.382979 0.000000
0.000000 2.468085 0.000000
0.000000 2.553191 0.000000
0.000000 2.638298 0.000000
0.000000 2.723404 0.000000
0.000000 2.808511 0.000000
0.000000 2.893617 0.000000
0.000000 2.978723 0.000000
0.000000 3.063830 0.000000
0.000000 3.148936 0.000000
0.000000 3.234043 0.000000
0.000000 3.319149 0.000000
0.000000 3.404255 0.000000
0.000000 3.489362 0.000000
0.000000 3.574468 0.000000
0.000000 3.659574 0.000000
0.000000 3.744681 0.000000
0.000000 3.829787 0.000000
0.000000 3.914894 0.000000
0.000000 4.000000 0.000000
0.076923 0.000000 0.000000
0.076923 0.085106 0.083147
0.076923 0.170213 0.126820
0.076923 0.255319 0.170493
0.076923 0.340426 0.214166
0.076923 0.425532 0.257839
0.076923 0.510638 0.301512
0.076923 0.595745 0.345185
0.076923 0.680851 0.388858
0.076923 0.765957 0.432531
0.076923 0.851064 0.476204
0.076923 0.936170 0.519877
0.076923 1.021277 0.563550
0.076923 1.106383 0.607223
0.076923 1.191489 0.650896
0.076923 1.276596 0.694569
0.076923 1.361702 0.738242
0.076923 1.446809 0.781915
0.076923 1.531915 0.825588
0.076923 1.617021 0.869261
0.076923 1.702128 0.912934
0.076923 1.787234 0.956607
0.076923 1.872340 1.000280
0.076923 1.957447 1.043953
0.076923 2.042553 1.087626
0.076923 2.127660 1.131299
0.076923 2.212766 1.174973
0.076923 2.297872 1.218646
0.076923 2.382979 1.262319
0.076923 2.468085 1.305992
0.076923 2.553191 1.349665
0.076923 2.638298 1.393338
0.076923 2.723404 1.437011
0.076923 2.808511 1.480684
0.076923 2.893617 1.524357
0.076923 2.978723 1.568030
0.076923 3.063830 1.611703
0.076923 3.148936 1.655376
0.076923 3.234043 1.699049
0.076923 3.319149 1.742722
0.076923 3.404255 1.786395
0.076923 3.489362 1.830068
0.076923 3.574468 1.873741
0.076923 3.659574 1.917414
0.076923 3.744681 1.961087
0.076923 3.829787 2.004760
0.076923 3.914894 2.048433
0.076923 4.000000 0.000000
0.153846 0.000000 0.000000
0.153846 0.085106 0.122620
0.153846 0.170213 0.166293
0.153846 0.255319 0.209966
0.153846 0.340426 0.253640
0.153846 0.425532 0.297313
0.153846 0.510638 0.340986
0.153846 0.595745 0.384659
0.153846 0.680851 0.428332
0.153846 0.765957 0.472005
0.153846 0.851064 0.515678
0.153846 0.936170 0.559351
0.153846 1.021277 0.603024
0.153846 1.106383 0.646697
0.153846 1.191489 0.690370
0.153846 1.276596 0.734043
0.153846 1.361702 0.777716
0.153846 1.446809 0.821389
0.153846 1.531915 0.865062
0.153846 1.617021 0.908735
0.153846 1.702128 0.952408
0.153846 1.787234 0.996081
0.153846 1.872340 1.039754
0.153846 1.957447 1.083427
0.153846 2.042553 1.127100
0.153846 2.127660 1.170773
0.153846 2.212766 1.214446
0.153846 2.297872 1.258119
0.153846 2.382979 1.301792
0.153846 2.468085 1.345465
0.153846 2.553191 1.389138
0.153846 2.638298 1.432811
0.153846 2.723404 1.476484
0.153846 2.808511 1.520157
0.153846 2.893617 1.563830
0.153846 2.978723 1.607503
0.153846 3.063830 1.651177
0.153846 3.148936 1.694850
0.153846 3.234043 1.738523
0.153846 3.319149 1.782196
0.153846 3.404255 1.825869
0.153846 3.489362 1.869542
0.153846 3.574468 1.913215
0.153846 3.659574 1.956888
0.153846 3.744681 2.000561
0.153846 3.829787 2.044234
0.153846 3.914894 2.087907
0.153846 4.000000 0.000000
0.230769 0.000000 0.000000
0.230769 0.085106 0.162094
0.230769 0.170213 0.205767
0.230769 0.255319 0.249440
0.230769 0.340426 0.293113
0.230769 0.425532 0.336786
0.230769 0.510638 0.380459
0.230769 0.595745 0.424132
0.230769 0.680851 0.467805
0.230769 0.765957 0.511478
0.230769 0.851064 0.555151
0.230769 0.936170 0.598824
0.230769 1.021277 0.642497
0.230769 1.106383 0.686171
0.230769 1.191489 0.729844
0.230769 1.276596 0.773517
0.230769 1.361702 0.817190
0.230769 1.446809 0.860863
0.230769 1.531915 0.904536
0.230769 1.617021 0.948209
0.230769 1.702128 0.991882
0.230769 1.787234 1.035555
0.230769 1.872340 1.079228
0.230769 1.957447 1.122901
0.230769 2.042553 1.166574
0.230769 2.127660 1.210247
0.230769 2.212766 1.253920
0.230769 2.297872 1.297593
0.230769 2.382979 1.341266
0.230769 2.468085 1.384939
0.230769 2.553191 1.428612
0.230769 2.638298 1.472285
0.230769 2.723404 1.515958
0.230769 2.808511 1.559631
0.230769 2.893617 1.603304
0.230769 2.978723 1.646977
0.230769 3.063830 1.690650
0.230769 3.148936 1.734323
0.230769 3.234043 1.777996
0.230769 3.319149 1.821669
0.230769 3.404255 1.865342
0.230769 3.489362 1.909015
0.230769 3.574468 1.952688
0.230769 3.659574 1.996361
0.230769 3.744681 2.040034
0.230769 3.829787 2.083708
0.230769 3.914894 2.127381
0.230769 4.000000 0.000000
0.307692 0.000000 0.000000
0.307692 0.085106 0.201568
0.307692 0.170213 0.245241
0.307692 0.255319 0.288914
0.307692 0.340426 0.332587
0.307692 0.425532 0.376260
0.307692 0.510638 0.419933
0.307692 0.595745 0.463606
0.307692 0.680851 0.507279
0.307692 0.765957 0.550952
0.307692 0.851064 0.594625
0.307692 0.936170 0.638298
0.307692 1.021277 0.681971
0.307692 1.106383 0.725644
0.307692 1.191489 0.769317
0.307692 1.276596 0.812990
0.307692 1.361702 0.856663
0.307692 1.446809 0.900336
0.307692 1.531915 0.944009
0.307692 1.617021 0.987682
0.307692 1.702128 1.031355
0.307692 1.787234 1.075028
0.307692 1.872340 1.118701
0.307692 1.957447 1.162375
0.307692 2.042553 1.206048
0.307692 2.127660 1.249721
0.307692 2.212766 1.293394
0.307692 2.297872 1.337067
0.307692 2.382979 1.380740
0.307692 2.468085 1.424413
0.307692 2.553191 1.468086
0.307692 2.638298 1.511759
0.307692 2.723404 1.555432
0.307692 2.808511 1.599105
0.307692 2.893617 1.642778
0.307692 2.978723 1.686451
0.307692 3.063830 1.730124
0.307692 3.148936 1.773797
0.307692 3.234043 1.817470
0.307692 3.319149 1.861143
0.307692 3.404255 1.904816
0.307692 3.489362 1.948489
0.307692 3.574468 1.992162
0.307692 3.659574 2.035835
0.307692 3.744681 2.079508
0.307692 3.829787 2.123181
0.307692 3.914894 2.166854
0.307692 4.000000 0.000000
0.384615 0.000000 0.000000
0.384615 0.085106 0.241042
0.384615 0.170213 0.284715
0.384615 0.255319 0.328388
0.384615 0.340426 0.372061
0.384615 0.425532 0.415734
0.384615 0.510638 0.459407
0.384615 0.595745 0.503080
0.384615 0.680851 0.546753
0.384615 0.765957 0.590426
0.384615 0.851064 0.634099
0.384615 0.936170 0.677772
0.384615 1.021277 0.721445
0.384615 1.106383 0.765118
0.384615 1.191489 0.808791
0.384615 1.276596 0.852464
0.384615 1.361702 0.896137
0.384615 1.446809 0.939810
0.384615 1.531915 0.983483
0.384615 1.617021 1.027156
0.384615 1.702128 1.070829
0.384615 1.787234 1.114502
0.384615 1.872340 1.158175
0.384615 1.957447 1.201848
0.384615 2.042553 1.245521
0.384615 2.127660 1.289194
0.384615 2.212766 1.332867
0.384615 2.297872 1.376540
0.384615 2.382979 1.420213
0.384615 2.468085 1.463886
0.384615 2.553191 1.507559
0.384615 2.638298 1.551232
0.384615 2.723404 1.594906
0.384615 2.808511 1.638579
0.384615 2.893617 1.682252
0.384615 2.978723 1.725925
0.384615 3.063830 1.769598
0.384615 3.148936 1.813271
0.384615 3.234043 1.856944
0.384615 3.319149 1.900617
0.384615 3.404255 1.944290
0.384615 3.489362 1.987963
0.384615 3.574468 2.031636
0.384615 3.659574 2.075309
0.384615 3.744681 2.118982
0.384615 3.829787 2.162655
0.384615 3.914894 2.206328
0.384615 4.000000 0.000000
0.461538 0.000000 0.000000
0.461538 0.085106 0.280515
0.461538 0.170213 0.324188
0.461538 0.255319 0.367861
0.461538 0.340426 0.411534
0.461538 0.425532 0.455207
0.461538 0.510638 0.498880
0.461538 0.595745 0.542553
0.461538 0.680851 0.586226
0.461538 0.765957 0.629899
0.461538 0.851064 0.673573
0.461538 0.936170 0.717246
0.461538 1.021277 0.760919
0.461538 1.106383 0.804592
0.461538 1.191489 0.848265
0.461538 1.276596 0.891938
0.461538 1.361702 0.935611
0.461538 1.446809 0.979284
0.461538 1.531915 1.022957
0.461538 1.617021 1.066630
0.461538 1.702128 1.110303
0.461538 1.787234 1.153976
0.461538 1.872340 1.197649
0.461538 1.957447 1.241322
0.461538 2.042553 1.284995
0.461538 2.127660 1.328668
0.461538 2.212766 1.372341
0.461538 2.297872 1.416014
0.461538 2.382979 1.459687
0.461538 2.468085 1.503360
0.461538 2.553191 1.547033
0.461538 2.638298 1.590706
0.461538 2.723404 1.634379
0.461538 2.808511 1.678052
0.461538 2.893617 1.721725
0.461538 2.978723 1.765398
0.461538 3.063830 1.809071
0.461538 3.148936 1.852744
0.461538 3.234043 1.896417
0.461538 3.319149 1.940090
0.461538 3.404255 1.983763
0.461538 3.489362 2.027436
0.461538 3.574468 2.071110
0.461538 3.659574 2.114783
0.461538 3.744681 2.158456
0.461538 3.829787 2.202129
0.461538 3.914894 2.245802
0.461538 4.000000 0.000000
0.538462 0.000000 0.000000
0.538462 0.085106 0.319989
0.538462 0.170213 0.363662
0.538462 0.255319 0.407335
0.538462 0.340426 0.451008
0.538462 0.425532 0.494681
0.538462 0.510638 0.538354
0.538462 0.595745 0.582027
0.538462 0.680851 0.625700
0.538462 0.765957 0.669373
0.538462 0.851064 0.713046
0.538462 0.936170 0.756719
0.538462 1.021277 0.800392
0.538462 1.106383 0.844065
0.538462 1.191489 0.887738
0.538462 1.276596 0.931411
0.538462 1.361702 0.975084
0.538462 1.446809 1.018757
0.538462 1.531915 1.062430
0.538462 1.617021 1.106104
0.538462 1.702128 1.149777
0.538462 1.787234 1.193450
0.538462 1.872340 1.237123
0.538462 1.957447 1.280796
0.538462 2.042553 1.324469
0.538462 2.127660 1.368142
0.538462 2.212766 1.411815
0.538462 2.297872 1.455488
0.538462 2.382979 1.499161
0.538462 2.468085 1.542834
0.538462 2.553191 1.586507
0.538462 2.638298 1.630180
0.538462 2.723404 1.673853
0.538462 2.808511 1.717526
0.538462 2.893617 1.761199
0.538462 2.978723 1.804872
0.538462 3.063830 1.848545
0.538462 3.148936 1.892218
0.538462 3.234043 1.935891
0.538462 3.319149 1.979564
0.538462 3.404255 2.023237
0.538462 3.489362 2.066910
0.538462 3.574468 2.110583
0.538462 3.659574 2.154256
0.538462 3.744681 2.197929
0.538462 3.829787 2.241602
0.538462 3.914894 2.285275
0.538462 4.000000 0.000000
0.615385 0.000000 0.000000
0.615385 0.085106 0.359463
0.615385 0.170213 0.403136
0.615385 0.255319 0.446809
0.615385 0.340426 0.490482
0.615385 0.425532 0.534155
0.615385 0.510638 0.577828
0.615385 0.595745 0.621501
0.615385 0.680851 0.665174
0.615385 0.765957 0.708847
0.615385 0.851064 0.752520
0.615385 0.936170 0.796193
0.615385 1.021277 0.839866
0.615385 1.106383 0.883539
0.615385 1.191489 0.927212
0.615385 1.276596 0.970885
0.615385 1.361702 1.014558
0.615385 1.446809 1.058231
0.615385 1.531915 1.101904
0.615385 1.617021 1.145577
0.615385 1.702128 1.189250
0.615385 1.787234 1.232923
0.615385 1.872340 1.276596
0.615385 1.957447 1.320269
0.615385 2.042553 1.363942
0.615385 2.127660 1.407615
0.615385 2.212766 1.451288
0.615385 2.297872 1.494961
0.615385 2.382979 1.538634
0.615385 2.468085 1.582308
0.615385 2.553191 1.625981
0.615385 2.638298 1.669654
0.615385 2.723404 1.713327
0.615385 2.808511 1.757000
0.615385 2.893617 1.800673
0.615385 2.978723 1.844346
0.615385 3.063830 1.888019
0.615385 3.148936 1.931692
0.615385 3.234043 1.975365
0.615385 3.319149 2.019038
0.615385 3.404255 2.062711
0.615385 3.489362 2.106384
0.615385 3.574468 2.150057
0.615385 3.659574 2.193730
0.615385 3.744681 2.237403
0.615385 3.829787 2.281076
0.615385 3.914894 2.324749
0.615385 4.000000 0.000000
0.692308 0.000000 0.000000
0.692308 0.085106 0.398936
0.692308 0.170213 0.442609
0.692308 0.255319 0.486282
0.692308 0.340426 0.529955
0.692308 0.425532 0.573628
0.692308 0.510638 0.617302
0.692308 0.595745 0.660975
0.692308 0.680851 0.704648
0.692308 0.765957 0.748321
0.692308 0.851064 0.791994
0.692308 0.936170 0.835667
0.692308 1.021277 0.879340
0.692308 1.106383 0.923013
0.692308 1.191489 0.966686
0.692308 1.276596 1.010359
0.692308 1.361702 1.054032
0.692308 1.446809 1.097705
0.692308 1.531915 1.141378
0.692308 1.617021 1.185051
0.692308 1.702128 1.228724
0.692308 1.787234 1.272397
0.692308 1.872340 1.316070
0.692308 1.957447 1.359743
0.692308 2.042553 1.403416
0.692308 2.127660 1.447089
0.692308 2.212766 1.490762
0.692308 2.297872 1.534435
0.692308 2.382979 1.578108
0.692308 2.468085 1.621781
0.692308 2.553191 1.665454
0.692308 2.638298 1.709127
0.692308 2.723404 1.752800
0.692308 2.808511 1.796473
0.692308 2.893617 1.840146
0.692308 2.978723 1.883819
0.692308 3.063830 1.927492
0.692308 3.148936 1.971165
0.692308 3.234043 2.014839
0.692308 3.319149 2.058512
0.692308 3.404255 2.102185
0.692308 3.489362 2.145858
0.692308 3.574468 2.189531
0.692308 3.659574 2.233204
0.692308 3.744681 2.276877
0.692308 3.829787 2.320550
0.692308 3.914894 2.364223
0.692308 4.000000 0.000000
0.769231 0.000000 0.000000
0.769231 0.085106 0.438410
0.769231 0.170213 0.482083
0.769231 0.255319 0.525756
0.769231 0.340426 0.569429
0.769231 0.425532 0.613102
0.769231 0.510638 0.656775
0.769231 0.595745 0.700448
0.769231 0.680851 0.744121
0.769231 0.765957 0.787794
0.769231 0.851064 0.831467
0.769231 0.936170 0.875140
0.769231 1.021277 0.918813
0.769231 1.106383 0.962486
0.769231 1.191489 1.006159
0.769231 1.276596 1.049832
0.769231 1.361702 1.093506
0.769231 1.446809 1.137179
0.769231 1.531915 1.180852
0.769231 1.617021 1.224525
0.769231 1.702128 1.268198
0.769231 1.787234 1.311871
0.769231 1.872340 1.355544
0.769231 1.957447 1.399217
0.769231 2.042553 1.442890
0.769231 2.127660 1.486563
0.769231 2.212766 1.530236
0.769231 2.297872 1.573909
0.769231 2.382979 1.617582
0.769231 2.468085 1.661255
0.769231 2.553191 1.704928
0.769231 2.638298 1.748601
0.769231 2.723404 1.792274
0.769231 2.808511 1.835947
0.769231 2.893617 1.879620
0.769231 2.978723 1.923293
0.769231 3.063830 1.966966
0.769231 3.148936 2.010639
0.769231 3.234043 2.054312
0.769231 3.319149 2.097985
0.769231 3.404255 2.141658
0.769231 3.489362 2.185331
0.769231 3.574468 2.229004
0.769231 3.659574 2.272677
0.769231 3.744681 2.316350
0.769231 3.829787 2.360023
0.769231 3.914894 2.403696
0.769231 4.000000 0.000000
0.846154 0.000000 0.000000
0.846154 0.085106 0.477884
0.846154 0.170213 0.521557
0.846154 0.255319 0.565230
0.846154 0.340426 0.608903
0.846154 0.425532 0.652576
0.846154 0.510638 0.696249
0.846154 0.595745 0.739922
0.846154 0.680851 0.783595
0.846154 0.765957 0.827268
0.846154 0.851064 0.870941
0.846154 0.936170 0.914614
0.846154 1.021277 0.958287
0.846154 1.106383 1.001960
0.846154 1.191489 1.045633
0.846154 1.276596 1.089306
0.846154 1.361702 1.132979
0.846154 1.446809 1.176652
0.846154 1.531915 1.220325
0.846154 1.617021 1.263998
0.846154 1.702128 1.307671
0.846154 1.787234 1.351344
0.846154 1.872340 1.395017
0.846154 1.957447 1.438690
0.846154 2.042553 1.482363
0.846154 2.127660 1.526036
0.846154 2.212766 1.569710
0.846154 2.297872 1.613383
0.846154 2.382979 1.657056
0.846154 2.468085 1.700729
0.846154 2.553191 1.744402
0.846154 2.638298 1.788075
0.846154 2.723404 1.831748
0.846154 2.808511 1.875421
0.846154 2.893617 1.919094
0.846154 2.978723 1.962767
0.846154 3.063830 2.006440
0.846154 3.148936 2.050113
0.846154 3.234043 2.093786
0.846154 3.319149 2.137459
0.846154 3.404255 2.181132
0.846154 3.489362 2.224805
0.846154 3.574468 2.268478
0.846154 3.659574 2.312151
0.846154 3.744681 2.355824
0.846154 3.829787 2.399497
0.846154 3.914894 2.443170
0.846154 4.000000 0.000000
0.923077 0.000000 0.000000
0.923077 0.085106 0.517357
0.923077 0.170213 0.561030
0.923077 0.255319 0.604704
0.923077 0.340426 0.648377
0.923077 0.425532 0.692050
0.923077 0.510638 0.735723
0.923077 0.595745 0.779396
0.923077 0.680851 0.823069
0.923077 0.765957 0.866742
0.923077 0.851064 0.910415
0.923077 0.936170 0.954088
0.923077 1.021277 0.997761
0.923077 1.106383 1.041434
0.923077 1.191489 1.085107
0.923077 1.276596 1.128780
0.923077 1.361702 1.172453
0.923077 1.446809 1.216126
0.923077 1.531915 1.259799
0.923077 1.617021 1.303472
0.923077 1.702128 1.347145
0.923077 1.787234 1.390818
0.923077 1.872340 1.434491
0.923077 1.957447 1.478164
0.923077 2.042553 1.521837
0.923077 2.127660 1.565510
0.923077 2.212766 1.609183
0.923077 2.297872 1.652856
0.923077 2.382979 1.696529
0.923077 2.468085 1.740202
0.923077 2.553191 1.783875
0.923077 2.638298 1.827548
0.923077 2.723404 1.871221
0.923077 2.808511 1.914894
0.923077 2.893617 1.958567
0.923077 2.978723 2.002241
0.923077 3.063830 2.045914
0.923077 3.148936 2.089587
0.923077 3.234043 2.133260
0.923077 3.319149 2.176933
0.923077 3.404255 2.220606
0.923077 3.489362 2.264279
0.923077 3.574468 2.307952
0.923077 3.659574 2.351625
0.923077 3.744681 2.395298
0.923077 3.829787 2.438971
0.923077 3.914894 2.482644
0.923077 4.000000 0.000000
1.000000 0.000000 0.000000
1.000000 0.085106 0.556831
1.000000 0.170213 0.600504
1.000000 0.255319 0.644177
1.000000 0.340426 0.687850
1.000000 0.425532 0.731523
1.000000 0.510638 0.775196
1.000000 0.595745 0.818869
1.000000 0.680851 0.862542
1.000000 0.765957 0.906215
1.000000 0.851064 0.949888
1.000000 0.936170 0.993561
1.000000 1.021277 1.037234
1.000000 1.106383 1.080908
1.000000 1.191489 1.124581
1.000000 1.276596 1.168254
1.000000 1.361702 1.211927
1.000000 1.446809 1.255600
1.000000 1.531915 1.299273
1.000000 1.617021 1.342946
1.000000 1.702128 1.386619
1.000000 1.787234 1.430292
1.000000 1.872340 1.473965
1.000000 1.957447 1.517638
1.000000 2.042553 1.561311
1.000000 2.127660 1.604984
1.000000 2.212766 1.648657
1.000000 2.297872 1.692330
1.000000 2.382979 1.736003
1.000000 2.468085 1.779676
1.000000 2.553191 1.823349
1.000000 2.638298 1.867022
1.000000 2.723404 1.910695
1.000000 2.808511 1.954368
1.000000 2.893617 1.998041
1.000000 2.978723 2.041714
1.000000 3.063830 2.085387
1.000000 3.148936 2.129060
1.000000 3.234043 2.172733
1.000000 3.319149 2.216406
1.000000 3.404255 2.260079
1.000000 3.489362 2.303752
1.000000 3.574468 2.347425
1.000000 3.659574 2.391098
1.000000 3.744681 2.434771
1.000000 3.829787 2.478445
1.000000 3.914894 2.522118
1.000000 4.000000 0.000000
1.076923 0.000000 0.000000
1.076923 0.085106 0.596305
1.076923 0.170213 0.639978
1.076923 0.255319 0.683651
1.076923 0.340426 0.727324
1.076923 0.425532 0.770997
1.076923 0.510638 0.814670
1.076923 0.595745 0.858343
1.076923 0.680851 0.902016
1.076923 0.765957 0.945689
1.076923 0.851064 0.989362
1.076923 0.936170 1.033035
1.076923 1.021277 1.076708
1.076923 1.106383 1.120381
1.076923 1.191489 1.164054
1.076923 1.276596 1.207727
1.076923 1.361702 1.251400
1.076923 1.446809 1.295073
1.076923 1.531915 1.338746
1.076923 1.617021 1.382419
1.076923 1.702128 1.426092
1.076923 1.787234 1.469765
1.076923 1.872340 1.513439
1.076923 1.957447 1.557112
1.076923 2.042553 1.600785
1.076923 2.127660 1.644458
1.076923 2.212766 1.688131
1.076923 2.297872 1.731804
1.076923 2.382979 1.775477
1.076923 2.468085 1.819150
1.076923 2.553191 1.862823
1.076923 2.638298 1.906496
1.076923 2.723404 1.950169
1.076923 2.808511 1.993842
1.076923 2.893617 2.037515
1.076923 2.978723 2.081188
1.076923 3.063830 2.124861
1.076923 3.148936 2.168534
1.076923 3.234043 2.212207
1.076923 3.319149 2.255880
1.076923 3.404255 2.299553
1.076923 3.489362 2.343226
1.076923 3.574468 2.386899
1.076923 3.659574 2.430572
1.076923 3.744681 2.474245
1.076923 3.829787 2.517918
1.076923 3.914894 2.561591
1.076923 4.000000 0.000000
1.153846 0.000000 0.000000
1.153846 0.085106 0.635779
1.153846 0.170213 0.679452
1.153846 0.255319 0.723125
1.153846 0.340426 0.766798
1.153846 0.425532 0.810471
1.153846 0.510638 0.854144
1.153846 0.595745 0.897817
1.153846 0.680851 0.941490
1.153846 0.765957 0.985163
1.153846 0.851064 1.028836
1.153846 0.936170 1.072509
1.153846 1.021277 1.116182
1.153846 1.106383 1.159855
1.153846 1.191489 1.203528
1.153846 1.276596 1.247201
1.153846 1.361702 1.290874
1.153846 1.446809 1.334547
1.153846 1.531915 1.378220
1.153846 1.617021 1.421893
1.153846 1.702128 1.465566
1.153846 1.787234 1.509239
1.153846 1.872340 1.552912
1.153846 1.957447 1.596585
1.153846 2.042553 1.640258
1.153846 2.127660 1.683931
1.153846 2.212766 1.727604
1.153846 2.297872 1.771277
1.153846 2.382979 1.814950
1.153846 2.468085 1.858623
1.153846 2.553191 1.902296
1.153846 2.638298 1.945969
1.153846 2.723404 1.989643
1.153846 2.808511 2.033316
1.153846 2.893617 2.076989
1.153846 2.978723 2.120662
1.153846 3.063830 2.164335
1.153846 3.148936 2.208008
1.153846 3.234043 2.251681
1.153846 3.319149 2.295354
1.153846 3.404255 2.339027
1.153846 3.489362 2.382700
1.153846 3.574468 2.426373
1.153846 3.659574 2.470046
1.153846 3.744681 2.513719
1.153846 3.829787 2.557392
1.153846 3.914894 2.601065
1.153846 4.000000 0.000000
1.230769 0.000000 0.000000
1.230769 0.085106 0.675252
1.230769 0.170213 0.718925
1.230769 0.255319 0.762598
1.230769 0.340426 0.806271
1.230769 0.425532 0.849944
1.230769 0.510638 0.893617
1.230769 0.595745 0.937290
1.230769 0.680851 0.980963
1.230769 0.765957 1.024637
1.230769 0.851064 1.068310
1.230769 0.936170 1.111983
1.230769 1.021277 1.155656
1.230769 1.106383 1.199329
1.230769 1.191489 1.243002
1.230769 1.276596 1.286675
1.230769 1.361702 1.330348
1.230769 1.446809 1.374021
1.230769 1.531915 1.417694
1.230769 1.617021 1.461367
1.230769 1.702128 1.505040
1.230769 1.787234 1.548713
1.230769 1.872340 1.592386
1.230769 1.957447 1.636059
1.230769 2.042553 1.679732
1.230769 2.127660 1.723405
1.230769 2.212766 1.767078
1.230769 2.297872 1.810751
1.230769 2.382979 1.854424
1.230769 2.468085 1.898097
1.230769 2.553191 1.941770
1.230769 2.638298 1.985443
1.230769 2.723404 2.029116
1.230769 2.808511 2.072789
1.230769 2.893617 2.116462
1.230769 2.978723 2.160135
1.230769 3.063830 2.203808
1.230769 3.148936 2.247481
1.230769 3.234043 2.291154
1.230769 3.319149 2.334827
1.230769 3.404255 2.378500
1.230769 3.489362 2.422174
1.230769 3.574468 2.465847
1.230769 3.659574 2.509520
1.230769 3.744681 2.553193
1.230769 3.829787 2.596866
1.230769 3.914894 2.640539
1.230769 4.000000 0.000000
1.307692 0.000000 0.000000
1.307692 0.085106 0.714726
1.307692 0.170213 0.758399
1.307692 0.255319 0.802072
1.307692 0.340426 0.845745
1.307692 0.425532 0.889418
1.307692 0.510638 0.933091
1.307692 0.595745 0.976764
1.307692 0.680851 1.020437
1.307692 0.765957 1.064110
1.307692 0.851064 1.107783
1.307692 0.936170 1.151456
1.307692 1.021277 1.195129
1.307692 1.106383 1.238802
1.307692 1.191489 1.282475
1.307692 1.276596 1.326148
1.307692 1.361702 1.369821
1.307692 1.446809 1.413494
1.307692 1.531915 1.457167
1.307692 1.617021 1.500841
1.307692 1.702128 1.544514
1.307692 1.787234 1.588187
1.307692 1.872340 1.631860
1.307692 1.957447 1.675533
1.307692 2.042553 1.719206
1.307692 2.127660 1.762879
1.307692 2.212766 1.806552
1.307692 2.297872 1.850225
1.307692 2.382979 1.893898
1.307692 2.468085 1.937571
1.307692 2.553191 1.981244
1.307692 2.638298 2.024917
1.307692 2.723404 2.068590
1.307692 2.808511 2.112263
1.307692 2.893617 2.155936
1.307692 2.978723 2.199609
1.307692 3.063830 2.243282
1.307692 3.148936 2.286955
1.307692 3.234043 2.330628
1.307692 3.319149 2.374301
1.307692 3.404255 2.417974
1.307692 3.489362 2.461647
1.307692 3.574468 2.505320
1.307692 3.659574 2.548993
1.307692 3.744681 2.592666
1.307692 3.829787 2.636339
1.307692 3.914894 2.680012
1.307692 4.000000 0.000000
1.384615 0.000000 0.000000
1.384615 0.085106 0.754200
1.384615 0.170213 0.797873
1.384615 0.255319 0.841546
1.384615 0.340426 0.885219
1.384615 0.425532 0.928892
1.384615 0.510638 0.972565
1.384615 0.595745 1.016238
1.384615 0.680851 1.059911
1.384615 0.765957 1.103584
1.384615 0.851064 1.147257
1.384615 0.936170 1.190930
1.384615 1.021277 1.234603
1.384615 1.106383 1.278276
1.384615 1.191489 1.321949
1.384615 1.276596 1.365622
1.384615 1.361702 1.409295
1.384615 1.446809 1.452968
1.384615 1.531915 1.496641
1.384615 1.617021 1.540314
1.384615 1.702128 1.583987
1.384615 1.787234 1.627660
1.384615 1.872340 1.671333
1.384615 1.957447 1.715006
1.384615 2.042553 1.758679
1.384615 2.127660 1.802352
1.384615 2.212766 1.846025
1.384615 2.297872 1.889698
1.384615 2.382979 1.933372
1.384615 2.468085 1.977045
1.384615 2.553191 2.020718
1.384615 2.638298 2.064391
1.384615 2.723404 2.108064
1.384615 2.808511 2.151737
1.384615 2.893617 2.195410
1.384615 2.978723 2.239083
1.384615 3.063830 2.282756
1.384615 3.148936 2.326429
1.384615 3.234043 2.370102
1.384615 3.319149 2.413775
1.384615 3.404255 2.457448
1.384615 3.489362 2.501121
1.384615 3.574468 2.544794
1.384615 3.659574 2.588467
1.384615 3.744681 2.632140
1.384615 3.829787 2.675813
1.384615 3.914894 2.719486
1.384615 4.000000 0.000000
1.461538 0.000000 0.000000
1.461538 0.085106 0.793673
1.461538 0.170213 0.837346
1.461538 0.255319 0.881019
1.461538 0.340426 0.924692
1.461538 0.425532 0.968365
1.461538 0.510638 1.012039
1.461538 0.595745 1.055712
1.461538 0.680851 1.099385
1.461538 0.765957 1.143058
1.461538 0.851064 1.186731
1.461538 0.936170 1.230404
1.461538 1.021277 1.274077
1.461538 1.106383 1.317750
1.461538 1.191489 1.361423
1.461538 1.276596 1.405096
1.461538 1.361702 1.448769
1.461538 1.446809 1.492442
1.461538 1.531915 1.536115
1.461538 1.617021 1.579788
1.461538 1.702128 1.623461
1.461538 1.787234 1.667134
1.461538 1.872340 1.710807
1.461538 1.957447 1.754480
1.461538 2.042553 1.798153
1.461538 2.127660 1.841826
1.461538 2.212766 1.885499
1.461538 2.297872 1.929172
1.461538 2.382979 1.972845
1.461538 2.468085 2.016518
1.461538 2.553191 2.060191
1.461538 2.638298 2.103864
1.461538 2.723404 2.147537
1.461538 2.808511 2.191210
1.461538 2.893617 2.234883
1.461538 2.978723 2.278556
1.461538 3.063830 2.322229
1.461538 3.148936 2.365902
1.461538 3.234043 2.409576
1.461538 3.319149 2.453249
1.461538 3.404255 2.496922
1.461538 3.489362 2.540595
1.461538 3.574468 2.584268
1.461538 3.659574 2.627941
1.461538 3.744681 2.671614
1.461538 3.829787 2.715287
1.461538 3.914894 2.758960
1.461538 4.000000 0.000000
1.538462 0.000000 0.000000
1.538462 0.085106 0.833147
1.538462 0.170213 0.876820
1.538462 0.255319 0.920493
1.538462 0.340426 0.964166
1.538462 0.425532 1.007839
1.538462 0.510638 1.051512
1.538462 0.595745 1.095185
1.538462 0.680851 1.138858
1.538462 0.765957 1.182531
1.538462 0.851064 1.226204
1.538462 0.936170 1.269877
1.538462 1.021277 1.313550
1.538462 1.106383 1.357223
1.538462 1.191489 1.400896
1.538462 1.276596 1.444569
1.538462 1.361702 1.488243
1.538462 1.446809 1.531916
1.538462 1.531915 1.575589
1.538462 1.617021 1.619262
1.538462 1.702128 1.662935
1.538462 1.787234 1.706608
1.538462 1.872340 1.750281
1.538462 1.957447 1.793954
1.538462 2.042553 1.837627
1.538462 2.127660 1.881300
1.538462 2.212766 1.924973
1.538462 2.297872 1.968646
1.538462 2.382979 2.012319
1.538462 2.468085 2.055992
1.538462 2.553191 2.099665
1.538462 2.638298 2.143338
1.538462 2.723404 2.187011
1.538462 2.808511 2.230684
1.538462 2.893617 2.274357
1.538462 2.978723 2.318030
1.538462 3.063830 2.361703
1.538462 3.148936 2.405376
1.538462 3.234043 2.449049
1.538462 3.319149 2.492722
1.538462 3.404255 2.536395
1.538462 3.489362 2.580068
1.538462 3.574468 2.623741
1.538462 3.659574 2.667414
1.538462 3.744681 2.711087
1.538462 3.829787 2.754760
1.538462 3.914894 2.798433
1.538462 4.000000 0.000000
1.615385 0.000000 0.000000
1.615385 0.085106 0.872621
1.615385 0.170213 0.916294
1.615385 0.255319 0.959967
1.615385 0.340426 1.003640
1.615385 0.425532 1.047313
1.615385 0.510638 1.090986
1.615385 0.595745 1.134659
1.615385 0.680851 1.178332
1.615385 0.765957 1.222005
1.615385 0.851064 1.265678
1.615385 0.936170 1.309351
1.615385 1.021277 1.353024
1.615385 1.106383 1.396697
1.615385 1.191489 1.440370
1.615385 1.276596 1.484043
1.615385 1.361702 1.527716
1.615385 1.446809 1.571389
1.615385 1.531915 1.615062
1.615385 1.617021 1.658735
1.615385 1.702128 1.702408
1.615385 1.787234 1.746081
1.615385 1.872340 1.789754
1.615385 1.957447 1.833427
1.615385 2.042553 1.877100
1.615385 2.127660 1.920774
1.615385 2.212766 1.964447
1.615385 2.297872 2.008120
1.615385 2.382979 2.051793
1.615385 2.468085 2.095466
1.615385 2.553191 2.139139
1.615385 2.638298 2.182812
1.615385 2.723404 2.226485
1.615385 2.808511 2.270158
1.615385 2.893617 2.313831
1.615385 2.978723 2.357504
1.615385 3.063830 2.401177
1.615385 3.148936 2.444850
1.615385 3.234043 2.488523
1.615385 3.319149 2.532196
1.615385 3.404255 2.575869
1.615385 3.489362 2.619542
1.615385 3.574468 2.663215
1.615385 3.659574 2.706888
1.615385 3.744681 2.750561
1.615385 3.829787 2.794234
1.615385 3.914894 2.837907
1.615385 4.000000 0.000000
1.692308 0.000000 0.000000
1.692308 0.085106 0.912094
1.692308 0.170213 0.955767
1.692308 0.255319 0.999441
1.692308 0.340426 1.043114
1.692308 0.425532 1.086787
1.692308 0.510638 1.130460
1.692308 0.595745 1.174133
1.692308 0.680851 1.217806
1.692308 0.765957 1.261479
1.692308 0.851064 1.305152
1.692308 0.936170 1.348825
1.692308 1.021277 1.392498
1.692308 1.106383 1.436171
1.692308 1.191489 1.479844
1.692308 1.276596 1.523517
1.692308 1.361702 1.567190
1.692308 1.446809 1.610863
1.692308 1.531915 1.654536
1.692308 1.617021 1.698209
1.692308 1.702128 1.741882
1.692308 1.787234 1.785555
1.692308 1.872340 1.829228
1.692308 1.957447 1.872901
1.692308 2.042553 1.916574
1.692308 2.127660 1.960247
1.692308 2.212766 2.003920
1.692308 2.297872 2.047593
1.692308 2.382979 2.091266
1.692308 2.468085 2.134939
1.692308 2.553191 2.178612
1.692308 2.638298 2.222285
1.692308 2.723404 2.265958
1.692308 2.808511 2.309631
1.692308 2.893617 2.353304
1.692308 2.978723 2.396978
1.692308 3.063830 2.440651
1.692308 3.148936 2.484324
1.692308 3.234043 2.527997
1.692308 3.319149 2.571670
1.692308 3.404255 2.615343
1.692308 3.489362 2.659016
1.692308 3.574468 2.702689
1.692308 3.659574 2.746362
1.692308 3.744681 2.790035
1.692308 3.829787 2.833708
1.692308 3.914894 2.877381
1.692308 4.000000 0.000000
1.769231 0.000000 0.000000
1.769231 0.085106 0.951568
1.769231 0.170213 0.995241
1.769231 0.255319 1.038914
1.769231 0.340426 1.082587
1.769231 0.425532 1.126260
1.769231 0.510638 1.169933
1.769231 0.595745 1.213606
1.769231 0.680851 1.257279
1.769231 0.765957 1.300952
1.769231 0.851064 1.344625
1.769231 0.936170 1.388298
1.769231 1.021277 1.431972
1.769231 1.106383 1.475645
1.769231 1.191489 1.519318
1.769231 1.276596 1.562991
1.769231 1.361702 1.606664
1.769231 1.446809 1.650337
1.769231 1.531915 1.694010
1.769231 1.617021 1.737683
1.769231 1.702128 1.781356
1.769231 1.787234 1.825029
1.769231 1.872340 1.868702
1.769231 1.957447 1.912375
1.769231 2.042553 1.956048
1.769231 2.127660 1.999721
1.769231 2.212766 2.043394
1.769231 2.297872 2.087067
1.769231 2.382979 2.130740
1.769231 2.468085 2.174413
1.769231 2.553191 2.218086
1.769231 2.638298 2.261759
1.769231 2.723404 2.305432
1.769231 2.808511 2.349105
1.769231 2.893617 2.392778
1.769231 2.978723 2.436451
1.769231 3.063830 2.480124
1.769231 3.148936 2.523797
1.769231 3.234043 2.567470
1.769231 3.319149 2.611143
1.769231 3.404255 2.654816
1.769231 3.489362 2.698489
1.769231 3.574468 2.742162
1.769231 3.659574 2.785835
1.769231 3.744681 2.829509
1.769231 3.829787 2.873182
1.769231 3.914894 2.916855
1.769231 4.000000 0.000000
1.846154 0.000000 0.000000
1.846154 0.085106 0.991042
1.846154 0.170213 1.034715
1.846154 0.255319 1.078388
1.846154 0.340426 1.122061
1.846154 0.425532 1.165734
1.846154 0.510638 1.209407
1.846154 0.595745 1.253080
1.846154 0.680851 1.296753
1.846154 0.765957 1.340426
1.846154 0.851064 1.384099
1.846154 0.936170 1.427772
1.846154 1.021277 1.471445
1.846154 1.106383 1.515118
1.846154 1.191489 1.558791
1.846154 1.276596 1.602464
1.846154 1.361702 1.646137
1.846154 1.446809 1.689810
1.846154 1.531915 1.733483
1.846154 1.617021 1.777156
1.846154 1.702128 1.820829
1.846154 1.787234 1.864502
1.846154 1.872340 1.908176
1.846154 1.957447 1.951849
1.846154 2.042553 1.995522
1.846154 2.127660 2.039195
1.846154 2.212766 2.082868
1.846154 2.297872 2.126541
1.846154 2.382979 2.170214
1.846154 2.468085 2.213887
1.846154 2.553191 2.257560
1.846154 2.638298 2.301233
1.846154 2.723404 2.344906
1.846154 2.808511 2.388579
1.846154 2.893617 2.432252
1.846154 2.978723 2.475925
1.846154 3.063830 2.519598
1.846154 3.148936 2.563271
1.846154 3.234043 2.606944
1.846154 3.319149 2.650617
1.846154 3.404255 2.694290
1.846154 3.489362 2.737963
1.846154 3.574468 2.781636
1.846154 3.659574 2.825309
1.846154 3.744681 2.868982
1.846154 3.829787 2.912655
1.846154 3.914894 2.956328
1.846154 4.000000 0.000000
1.923077 0.000000 0.000000
1.923077 0.085106 1.030516
1.923077 0.170213 1.074189
1.923077 0.255319 1.117862
1.923077 0.340426 1.161535
1.923077 0.425532 1.205208
1.923077 0.510638 1.248881
1.923077 0.595745 1.292554
1.923077 0.680851 1.336227
1.923077 0.765957 1.379900
1.923077 0.851064 1.423573
1.923077 0.936170 1.467246
1.923077 1.021277 1.510919
1.923077 1.106383 1.554592
1.923077 1.191489 1.598265
1.923077 1.276596 1.641938
1.923077 1.361702 1.685611
1.923077 1.446809 1.729284
1.923077 1.531915 1.772957
1.923077 1.617021 1.816630
1.923077 1.702128 1.860303
1.923077 1.787234 1.903976
1.923077 1.872340 1.947649
1.923077 1.957447 1.991322
1.923077 2.042553 2.034995
1.923077 2.127660 2.078668
1.923077 2.212766 2.122341
1.923077 2.297872 2.166014
1.923077 2.382979 2.209687
1.923077 2.468085 2.253360
1.923077 2.553191 2.297033
1.923077 2.638298 2.340707
1.923077 2.723404 2.384380
1.923077 2.808511 2.428053
1.923077 2.893617 2.471726
1.923077 2.978723 2.515399
1.923077 3.063830 2.559072
1.923077 3.148936 2.602745
1.923077 3.234043 2.646418
1.923077 3.319149 2.690091
1.923077 3.404255 2.733764
1.923077 3.489362 2.777437
1.923077 3.574468 2.821110
1.923077 3.659574 2.864783
1.923077 3.744681 2.908456
1.923077 3.829787 2.952129
1.923077 3.914894 2.995802
1.923077 4.000000 0.000000
2.000000 0.000000 0.000000
2.000000 0.085106 1.069989
2.000000 0.170213 1.113662
2.000000 0.255319 1.157335
2.000000 0.340426 1.201008
2.000000 0.425532 1.244681
2.000000 0.510638 1.288354
2.000000 0.595745 1.332027
2.000000 0.680851 1.375700
2.000000 0.765957 1.419374
2.000000 0.851064 1.463047
2.000000 0.936170 1.506720
2.000000 1.021277 1.550393
2.000000 1.106383 1.594066
2.000000 1.191489 1.637739
2.000000 1.276596 1.681412
2.000000 1.361702 1.725085
2.000000 1.446809 1.768758
2.000000 1.531915 1.812431
2.000000 1.617021 1.856104
2.000000 1.702128 1.899777
2.000000 1.787234 1.943450
2.000000 1.872340 1.987123
2.000000 1.957447 2.030796
2.000000 2.042553 2.074469
2.000000 2.127660 2.118142
2.000000 2.212766 2.161815
2.000000 2.297872 2.205488
2.000000 2.382979 2.249161
2.000000 2.468085 2.292834
2.000000 2.553191 2.336507
2.000000 2.638298 2.380180
2.000000 2.723404 2.423853
2.000000 2.808511 2.467526
2.000000 2.893617 2.511199
2.000000 2.978723 2.554872
2.000000 3.063830 2.598545
2.000000 3.148936 2.642218
2.000000 3.234043 2.685891
2.000000 3.319149 2.729564
2.000000 3.404255 2.773237
2.000000 3.489362 2.816911
2.000000 3.574468 2.860584
2.000000 3.659574 2.904257
2.000000 3.744681 2.947930
2.000000 3.829787 2.991603
2.000000 3.914894 3.035276
2.000000 4.000000 0.000000
2.076923 0.000000 0.000000
2.076923 0.085106 1.109463
2.076923 0.170213 1.153136
2.076923 0.255319 1.196809
2.076923 0.340426 1.240482
2.076923 0.425532 1.284155
2.076923 0.510638 1.327828
2.076923 0.595745 1.371501
2.076923 0.680851 1.415174
2.076923 0.765957 1.458847
2.076923 0.851064 1.502520
2.076923 0.936170 1.546193
2.076923 1.021277 1.589866
2.076923 1.106383 1.633539
2.076923 1.191489 1.677212
2.076923 1.276596 1.720885
2.076923 1.361702 1.764558
2.076923 1.446809 1.808231
2.076923 1.531915 1.851905
2.076923 1.617021 1.895578
2.076923 1.702128 1.939251
2.076923 1.787234 1.982924
2.076923 1.872340 2.026597
2.076923 1.957447 2.070270
2.076923 2.042553 2.113943
2.076923 2.127660 2.157616
2.076923 2.212766 2.201289
2.076923 2.297872 2.244962
2.076923 2.382979 2.288635
2.076923 2.468085 2.332308
2.076923 2.553191 2.375981
2.076923 2.638298 2.419654
2.076923 2.723404 2.463327
2.076923 2.808511 2.507000
2.076923 2.893617 2.550673
2.076923 2.978723 2.594346
2.076923 3.063830 2.638019
2.076923 3.148936 2.681692
2.076923 3.234043 2.725365
2.076923 3.319149 2.769038
2.076923 3.404255 2.812711
2.076923 3.489362 2.856384
2.076923 3.574468 2.900057
2.076923 3.659574 2.943730
2.076923 3.744681 2.987403
2.076923 3.829787 3.031076
2.076923 3.914894 3.074749
2.076923 4.000000 0.000000
2.153846 0.000000 0.000000
2.153846 0.085106 1.148937
2.153846 0.170213 1.192610
2.153846 0.255319 1.236283
2.153846 0.340426 1.279956
2.153846 0.425532 1.323629
2.153846 0.510638 1.367302
2.153846 0.595745 1.410975
2.153846 0.680851 1.454648
2.153846 0.765957 1.498321
2.153846 0.851064 1.541994
2.153846 0.936170 1.585667
2.153846 1.021277 1.629340
2.153846 1.106383 1.673013
2.153846 1.191489 1.716686
2.153846 1.276596 1.760359
2.153846 1.361702 1.804032
2.153846 1.446809 1.847705
2.153846 1.531915 1.891378
2.153846 1.617021 1.935051
2.153846 1.702128 1.978724
2.153846 1.787234 2.022397
2.153846 1.872340 2.066070
2.153846 1.957447 2.109743
2.153846 2.042553 2.153416
2.153846 2.127660 2.197089
2.153846 2.212766 2.240762
2.153846 2.297872 2.284435
2.153846 2.382979 2.328109
2.153846 2.468085 2.371782
2.153846 2.553191 2.415455
2.153846 2.638298 2.459128
2.153846 2.723404 2.502801
2.153846 2.808511 2.546474
2.153846 2.893617 2.590147
2.153846 2.978723 2.633820
2.153846 3.063830 2.677493
2.153846 3.148936 2.721166
2.153846 3.234043 2.764839
2.153846 3.319149 2.808512
2.153846 3.404255 2.852185
2.153846 3.489362 2.895858
2.153846 3.574468 2.939531
2.153846 3.659574 2.983204
2.153846 3.744681 3.026877
2.153846 3.829787 3.070550
2.153846 3.914894 3.114223
2.153846 4.000000 0.000000
2.230769 0.000000 0.000000
2.230769 0.085106 1.188410
2.230769 0.170213 1.232083
2.230769 0.255319 1.275756
2.230769 0.340426 1.319429
2.230769 0.425532 1.363102
2.230769 0.510638 1.406776
2.230769 0.595745 1.450449
2.230769 0.680851 1.494122
2.230769 0.765957 1.537795
2.230769 0.851064 1.581468
2.230769 0.936170 1.625141
2.230769 1.021277 1.668814
2.230769 1.106383 1.712487
2.230769 1.191489 1.756160
2.230769 1.276596 1.799833
2.230769 1.361702 1.843506
2.230769 1.446809 1.887179
2.230769 1.531915 1.930852
2.230769 1.617021 1.974525
2.230769 1.702128 2.018198
2.230769 1.787234 2.061871
2.230769 1.872340 2.105544
2.230769 1.957447 2.149217
2.230769 2.042553 2.192890
2.230769 2.127660 2.236563
2.230769 2.212766 2.280236
2.230769 2.297872 2.323909
2.230769 2.382979 2.367582
2.230769 2.468085 2.411255
2.230769 2.553191 2.454928
2.230769 2.638298 2.498601
2.230769 2.723404 2.542274
2.230769 2.808511 2.585947
2.230769 2.893617 2.629620
2.230769 2.978723 2.673293
2.230769 3.063830 2.716966
2.230769 3.148936 2.760640
2.230769 3.234043 2.804313
2.230769 3.319149 2.847986
2.230769 3.404255 2.891659
2.230769 3.489362 2.935332
2.230769 3.574468 2.979005
2.230769 3.659574 3.022678
2.230769 3.744681 3.066351
2.230769 3.829787 3.110024
2.230769 3.914894 3.153697
2.230769 4.000000 0.000000
2.307692 0.000000 0.000000
2.307692 0.085106 1.227884
2.307692 0.170213 1.271557
2.307692 0.255319 1.315230
2.307692 0.340426 1.358903
2.307692 0.425532 1.402576
2.307692 0.510638 1.446249
2.307692 0.595745 1.489922
2.307692 0.680851 1.533595
2.307692 0.765957 1.577268
2.307692 0.851064 1.620941
2.307692 0.936170 1.664614
2.307692 1.021277 1.708287
2.307692 1.106383 1.751960
2.307692 1.191489 1.795633
2.307692 1.276596 1.839307
2.307692 1.361702 1.882980
2.307692 1.446809 1.926653
2.307692 1.531915 1.970326
2.307692 1.617021 2.013999
2.307692 1.702128 2.057672
2.307692 1.787234 2.101345
2.307692 1.872340 2.145018
2.307692 1.957447 2.188691
2.307692 2.042553 2.232364
2.307692 2.127660 2.276037
2.307692 2.212766 2.319710
2.307692 2.297872 2.363383
2.307692 2.382979 2.407056
2.307692 2.468085 2.450729
2.307692 2.553191 2.494402
2.307692 2.638298 2.538075
2.307692 2.723404 2.581748
2.307692 2.808511 2.625421
2.307692 2.893617 2.669094
2.307692 2.978723 2.712767
2.307692 3.063830 2.756440
2.307692 3.148936 2.800113
2.307692 3.234043 2.843786
2.307692 3.319149 2.887459
2.307692 3.404255 2.931132
2.307692 3.489362 2.974805
2.307692 3.574468 3.018478
2.307692 3.659574 3.062151
2.307692 3.744681 3.105824
2.307692 3.829787 3.149497
2.307692 3.914894 3.193170
2.307692 4.000000 0.000000
2.384615 0.000000 0.000000
2.384615 0.085106 1.267358
2.384615 0.170213 1.311031
2.384615 0.255319 1.354704
2.384615 0.340426 1.398377
2.384615 0.425532 1.442050
2.384615 0.510638 1.485723
2.384615 0.595745 1.529396
2.384615 0.680851 1.573069
2.384615 0.765957 1.616742
2.384615 0.851064 1.660415
2.384615 0.936170 1.704088
2.384615 1.021277 1.747761
2.384615 1.106383 1.791434
2.384615 1.191489 1.835107
2.384615 1.276596 1.878780
2.384615 1.361702 1.922453
2.384615 1.446809 1.966126
2.384615 1.531915 2.009799
2.384615 1.617021 2.053472
2.384615 1.702128 2.097145
2.384615 1.787234 2.140818
2.384615 1.872340 2.184491
2.384615 1.957447 2.228164
2.384615 2.042553 2.271837
2.384615 2.127660 2.315511
2.384615 2.212766 2.359184
2.384615 2.297872 2.402857
2.384615 2.382979 2.446530
2.384615 2.468085 2.490203
2.384615 2.553191 2.533876
2.384615 2.638298 2.577549
2.384615 2.723404 2.621222
2.384615 2.808511 2.664895
2.384615 2.893617 2.708568
2.384615 2.978723 2.752241
2.384615 3.063830 2.795914
2.384615 3.148936 2.839587
2.384615 3.234043 2.883260
2.384615 3.319149 2.926933
2.384615 3.404255 2.970606
2.384615 3.489362 3.014279
2.384615 3.574468 3.057952
2.384615 3.659574 3.101625
2.384615 3.744681 3.145298
2.384615 3.829787 3.188971
2.384615 3.914894 3.232644
2.384615 4.000000 0.000000
2.461538 0.000000 0.000000
2.461538 0.085106 1.306831
2.461538 0.170213 1.350505
2.461538 0.255319 1.394178
2.461538 0.340426 1.437851
2.461538 0.425532 1.481524
2.461538 0.510638 1.525197
2.461538 0.595745 1.568870
2.461538 0.680851 1.612543
2.461538 0.765957 1.656216
2.461538 0.851064 1.699889
2.461538 0.936170 1.743562
2.461538 1.021277 1.787235
2.461538 1.106383 1.830908
2.461538 1.191489 1.874581
2.461538 1.276596 1.918254
2.461538 1.361702 1.961927
2.461538 1.446809 2.005600
2.461538 1.531915 2.049273
2.461538 1.617021 2.092946
2.461538 1.702128 2.136619
2.461538 1.787234 2.180292
2.461538 1.872340 2.223965
2.461538 1.957447 2.267638
2.461538 2.042553 2.311311
2.461538 2.127660 2.354984
2.461538 2.212766 2.398657
2.461538 2.297872 2.442330
2.461538 2.382979 2.486003
2.461538 2.468085 2.529676
2.461538 2.553191 2.573349
2.461538 2.638298 2.617022
2.461538 2.723404 2.660695
2.461538 2.808511 2.704368
2.461538 2.893617 2.748042
2.461538 2.978723 2.791715
2.461538 3.063830 2.835388
2.461538 3.148936 2.879061
2.461538 3.234043 2.922734
2.461538 3.319149 2.966407
2.461538 3.404255 3.010080
2.461538 3.489362 3.053753
2.461538 3.574468 3.097426
2.461538 3.659574 3.141099
2.461538 3.744681 3.184772
2.461538 3.829787 3.228445
2.461538 3.914894 3.272118
2.461538 4.000000 0.000000
2.538462 0.000000 0.000000
2.538462 0.085106 1.346305
2.538462 0.170213 1.389978
2.538462 0.255319 1.433651
2.538462 0.340426 1.477324
2.538462 0.425532 1.520997
2.538462 0.510638 1.564670
2.538462 0.595745 1.608343
2.538462 0.680851 1.652016
2.538462 0.765957 1.695689
2.538462 0.851064 1.739362
2.538462 0.936170 1.783035
2.538462 1.021277 1.826709
2.538462 1.106383 1.870382
2.538462 1.191489 1.914055
2.538462 1.276596 1.957728
2.538462 1.361702 2.001401
2.538462 1.446809 2.045074
2.538462 1.531915 2.088747
2.538462 1.617021 2.132420
2.538462 1.702128 2.176093
2.538462 1.787234 2.219766
2.538462 1.872340 2.263439
2.538462 1.957447 2.307112
2.538462 2.042553 2.350785
2.538462 2.127660 2.394458
2.538462 2.212766 2.438131
2.538462 2.297872 2.481804
2.538462 2.382979 2.525477
2.538462 2.468085 2.569150
2.538462 2.553191 2.612823
2.538462 2.638298 2.656496
2.538462 2.723404 2.700169
2.538462 2.808511 2.743842
2.538462 2.893617 2.787515
2.538462 2.978723 2.831188
2.538462 3.063830 2.874861
2.538462 3.148936 2.918534
2.538462 3.234043 2.962207
2.538462 3.319149 3.005880
2.538462 3.404255 3.049553
2.538462 3.489362 3.093226
2.538462 3.574468 3.136899
2.538462 3.659574 3.180572
2.538462 3.744681 3.224246
2.538462 3.829787 3.267919
2.538462 3.914894 3.311592
2.538462 4.000000 0.000000
2.615385 0.000000 0.000000
2.615385 0.085106 1.385779
2.615385 0.170213 1.429452
2.615385 0.255319 1.473125
2.615385 0.340426 1.516798
2.615385 0.425532 1.560471
2.615385 0.510638 1.604144
2.615385 0.595745 1.647817
2.615385 0.680851 1.691490
2.615385 0.765957 1.735163
2.615385 0.851064 1.778836
2.615385 0.936170 1.822509
2.615385 1.021277 1.866182
2.615385 1.106383 1.909855
2.615385 1.191489 1.953528
2.615385 1.276596 1.997201
2.615385 1.361702 2.040874
2.615385 1.446809 2.084547
2.615385 1.531915 2.128220
2.615385 1.617021 2.171893
2.615385 1.702128 2.215566
2.615385 1.787234 2.259240
2.615385 1.872340 2.302913
2.615385 1.957447 2.346586
2.615385 2.042553 2.390259
2.615385 2.127660 2.433932
2.615385 2.212766 2.477605
2.615385 2.297872 2.521278
2.615385 2.382979 2.564951
2.615385 2.468085 2.608624
2.615385 2.553191 2.652297
2.615385 2.638298 2.695970
2.615385 2.723404 2.739643
2.615385 2.808511 2.783316
2.615385 2.893617 2.826989
2.615385 2.978723 2.870662
2.615385 3.063830 2.914335
2.615385 3.148936 2.958008
2.615385 3.234043 3.001681
2.615385 3.319149 3.045354
2.615385 3.404255 3.089027
2.615385 3.489362 3.132700
2.615385 3.574468 3.176373
2.615385 3.659574 3.220046
2.615385 3.744681 3.263719
2.615385 3.829787 3.307392
2.615385 3.914894 3.351065
2.615385 4.000000 0.000000
2.692308 0.000000 0.000000
2.692308 0.085106 1.425253
2.692308 0.170213 1.468926
2.692308 0.255319 1.512599
2.692308 0.340426 1.556272
2.692308 0.425532 1.599945
2.692308 0.510638 1.643618
2.692308 0.595745 1.687291
2.692308 0.680851 1.730964
2.692308 0.765957 1.774637
2.692308 0.851064 1.818310
2.692308 0.936170 1.861983
2.692308 1.021277 1.905656
2.692308 1.106383 1.949329
2.692308 1.191489 1.993002
2.692308 1.276596 2.036675
2.692308 1.361702 2.080348
2.692308 1.446809 2.124021
2.692308 1.531915 2.167694
2.692308 1.617021 2.211367
2.692308 1.702128 2.255040
2.692308 1.787234 2.298713
2.692308 1.872340 2.342386
2.692308 1.957447 2.386059
2.692308 2.042553 2.429732
2.692308 2.127660 2.473405
2.692308 2.212766 2.517078
2.692308 2.297872 2.560751
2.692308 2.382979 2.604424
2.692308 2.468085 2.648097
2.692308 2.553191 2.691770
2.692308 2.638298 2.735444
2.692308 2.723404 2.779117
2.692308 2.808511 2.822790
2.692308 2.893617 2.866463
2.692308 2.978723 2.910136
2.692308 3.063830 2.953809
2.692308 3.148936 2.997482
2.692308 3.234043 3.041155
2.692308 3.319149 3.084828
2.692308 3.404255 3.128501
2.692308 3.489362 3.172174
2.692308 3.574468 3.215847
2.692308 3.659574 3.259520
2.692308 3.744681 3.303193
2.692308 3.829787 3.346866
2.692308 3.914894 3.390539
2.692308 4.000000 0.000000
2.769231 0.000000 0.000000
2.769231 0.085106 1.464726
2.769231 0.170213 1.508399
2.769231 0.255319 1.552072
2.769231 0.340426 1.595745
2.769231 0.425532 1.639418
2.769231 0.510638 1.683091
2.769231 0.595745 1.726764
2.769231 0.680851 1.770438
2.769231 0.765957 1.814111
2.769231 0.851064 1.857784
2.769231 0.936170 1.901457
2.769231 1.021277 1.945130
2.769231 1.106383 1.988803
2.769231 1.191489 2.032476
2.769231 1.276596 2.076149
2.769231 1.361702 2.119822
2.769231 1.446809 2.163495
2.769231 1.531915 2.207168
2.769231 1.617021 2.250841
2.769231 1.702128 2.294514
2.769231 1.787234 2.338187
2.769231 1.872340 2.381860
2.769231 1.957447 2.425533
2.769231 2.042553 2.469206
2.769231 2.127660 2.512879
2.769231 2.212766 2.556552
2.769231 2.297872 2.600225
2.769231 2.382979 2.643898
2.769231 2.468085 2.687571
2.769231 2.553191 2.731244
2.769231 2.638298 2.774917
2.769231 2.723404 2.818590
2.769231 2.808511 2.862263
2.769231 2.893617 2.905936
2.769231 2.978723 2.949609
2.769231 3.063830 2.993282
2.769231 3.148936 3.036955
2.769231 3.234043 3.080628
2.769231 3.319149 3.124301
2.769231 3.404255 3.167975
2.769231 3.489362 3.211648
2.769231 3.574468 3.255321
2.769231 3.659574 3.298994
2.769231 3.744681 3.342667
2.769231 3.829787 3.386340
2.769231 3.914894 3.430013
2.769231 4.000000 0.000000
2.846154 0.000000 0.000000
2.846154 0.085106 1.504200
2.846154 0.170213 1.547873
2.846154 0.255319 1.591546
2.846154 0.340426 1.635219
2.846154 0.425532 1.678892
2.846154 0.510638 1.722565
2.846154 0.595745 1.766238
2.846154 0.680851 1.809911
2.846154 0.765957 1.853584
2.846154 0.851064 1.897257
2.846154 0.936170 1.940930
2.846154 1.021277 1.984603
2.846154 1.106383 2.028276
2.846154 1.191489 2.071949
2.846154 1.276596 2.115622
2.846154 1.361702 2.159295
2.846154 1.446809 2.202968
2.846154 1.531915 2.246642
2.846154 1.617021 2.290315
2.846154 1.702128 2.333988
2.846154 1.787234 2.377661
2.846154 1.872340 2.421334
2.846154 1.957447 2.465007
2.846154 2.042553 2.508680
2.846154 2.127660 2.552353
2.846154 2.212766 2.596026
2.846154 2.297872 2.639699
2.846154 2.382979 2.683372
2.846154 2.468085 2.727045
2.846154 2.553191 2.770718
2.846154 2.638298 2.814391
2.846154 2.723404 2.858064
2.846154 2.808511 2.901737
2.846154 2.893617 2.945410
2.846154 2.978723 2.989083
2.846154 3.063830 3.032756
2.846154 3.148936 3.076429
2.846154 3.234043 3.120102
2.846154 3.319149 3.163775
2.846154 3.404255 3.207448
2.846154 3.489362 3.251121
2.846154 3.574468 3.294794
2.846154 3.659574 3.338467
2.846154 3.744681 3.382140
2.846154 3.829787 3.425813
2.846154 3.914894 3.469486
2.846154 4.000000 0.000000
2.923077 0.000000 0.000000
2.923077 0.085106 1.543674
2.923077 0.170213 1.587347
2.923077 0.255319 1.631020
2.923077 0.340426 1.674693
2.923077 0.425532 1.718366
2.923077 0.510638 1.762039
2.923077 0.595745 1.805712
2.923077 0.680851 1.849385
2.923077 0.765957 1.893058
2.923077 0.851064 1.936731
2.923077 0.936170 1.980404
2.923077 1.021277 2.024077
2.923077 1.106383 2.067750
2.923077 1.191489 2.111423
2.923077 1.276596 2.155096
2.923077 1.361702 2.198769
2.923077 1.446809 2.242442
2.923077 1.531915 2.286115
2.923077 1.617021 2.329788
2.923077 1.702128 2.373461
2.923077 1.787234 2.417134
2.923077 1.872340 2.460807
2.923077 1.957447 2.504480
2.923077 2.042553 2.548153
2.923077 2.127660 2.591826
2.923077 2.212766 2.635499
2.923077 2.297872 2.679172
2.923077 2.382979 2.722846
2.923077 2.468085 2.766519
2.923077 2.553191 2.810192
2.923077 2.638298 2.853865
2.923077 2.723404 2.897538
2.923077 2.808511 2.941211
2.923077 2.893617 2.984884
2.923077 2.978723 3.028557
2.923077 3.063830 3.072230
2.923077 3.148936 3.115903
2.923077 3.234043 3.159576
2.923077 3.319149 3.203249
2.923077 3.404255 3.246922
2.923077 3.489362 3.290595
2.923077 3.574468 3.334268
2.923077 3.659574 3.377941
2.923077 3.744681 3.421614
2.923077 3.829787 3.465287
2.923077 3.914894 3.508960
2.923077 4.000000 0.000000
3.000000 0.000000 0.000000
3.000000 0.085106 0.000000
3.000000 0.170213 0.000000
3.000000 0.255319 0.000000
3.000000 0.340426 0.000000
3.000000 0.425532 0.000000
3.000000 0.510638 0.000000
3.000000 0.595745 0.000000
3.000000 0.680851 0.000000
3.000000 0.765957 0.000000
3.000000 0.851064 0.000000
3.000000 0.936170 0.000000
3.000000 1.021277 0.000000
3.000000 1.106383 0.000000
3.000000 1.191489 0.000000
3.000000 1.276596 0.000000
3.000000 1.361702 0.000000
3.000000 1.446809 0.000000
3.000000 1.531915 0.000000
3.000000 1.617021 0.000000
3.000000 1.702128 0.000000
3.000000 1.787234 0.000000
3.000000 1.872340 0.000000
3.000000 1.957447 0.000000
3.000000 2.042553 0.000000
3.000000 2.127660 0.000000
3.000000 2.212766 0.000000
3.000000 2.297872 0.000000
3.000000 2.382979 0.000000
3.000000 2.468085 0.000000
3.000000 2.553191 0.000000
3.000000 2.638298 0.000000
3.000000 2.723404 0.000000
3.000000 2.808511 0.000000
3.000000 2.893617 0.000000
3.000000 2.978723 0.000000
3.000000 3.063830 0.000000
3.000000 3.148936 0.000000
3.000000 3.234043 0.000000
3.000000 3.319149 0.000000
3.000000 3.404255 0.000000
3.000000 3.489362 0.000000
3.000000 3.574468 0.000000
3.000000 3.659574 0.000000
3.000000 3.744681 0.000000
3.000000 3.829787 0.000000
3.000000 3.914894 0.000000
3.000000 4.000000 0.000000
