0.000000 0.000000 0.000000
0.000000 0.500000 0.233254
0.000000 1.000000 0.466507
0.000000 1.500000 0.699761
0.000000 2.000000 0.933015
0.081081 0.000000 0.037825
0.081081 0.500000 0.271079
0.081081 1.000000 0.504332
0.081081 1.500000 0.737586
0.081081 2.000000 0.970840
0.162162 0.000000 0.075650
0.162162 0.500000 0.308904
0.162162 1.000000 0.542157
0.162162 1.500000 0.775411
0.162162 2.000000 1.008665
0.243243 0.000000 0.113475
0.243243 0.500000 0.346728
0.243243 1.000000 0.579982
0.243243 1.500000 0.813236
0.243243 2.000000 1.046490
0.324324 0.000000 0.151300
0.324324 0.500000 0.384553
0.324324 1.000000 0.617807
0.324324 1.500000 0.851061
0.324324 2.000000 1.084314
0.405405 0.000000 0.189125
0.405405 0.500000 0.422378
0.405405 1.000000 0.655632
0.405405 1.500000 0.888886
0.405405 2.000000 1.122139
0.486486 0.000000 0.226950
0.486486 0.500000 0.460203
0.486486 1.000000 0.693457
0.486486 1.500000 0.926711
0.486486 2.000000 1.159964
0.567568 0.000000 0.264774
0.567568 0.500000 0.498028
0.567568 1.000000 0.731282
0.567568 1.500000 0.964536
0.567568 2.000000 1.197789
0.648649 0.000000 0.302599
0.648649 0.500000 0.535853
0.648649 1.000000 0.769107
0.648649 1.500000 1.002360
0.648649 2.000000 1.235614
0.729730 0.000000 0.340424
0.729730 0.500000 0.573678
0.729730 1.000000 0.806932
0.729730 1.500000 1.040185
0.729730 2.000000 1.273439
0.810811 0.000000 0.378249
0.810811 0.500000 0.611503
0.810811 1.000000 0.844757
0.810811 1.500000 1.078010
0.810811 2.000000 1.311264
0.891892 0.000000 0.416074
0.891892 0.500000 0.649328
0.891892 1.000000 0.882582
0.891892 1.500000 1.115835
0.891892 2.000000 1.349089
0.972973 0.000000 0.453899
0.972973 0.500000 0.687153
0.972973 1.000000 0.920406
0.972973 1.500000 1.153660
0.972973 2.000000 1.386914
1.054054 0.000000 0.491724
1.054054 0.500000 0.724978
1.054054 1.000000 0.958231
1.054054 1.500000 1.191485
1.054054 2.000000 1.424739
1.135135 0.000000 0.529549
1.135135 0.500000 0.762803
1.135135 1.000000 0.996056
1.135135 1.500000 1.229310
1.135135 2.000000 1.462564
1.216216 0.000000 0.567374
1.216216 0.500000 0.800628
1.216216 1.000000 1.033881
1.216216 1.500000 1.267135
1.216216 2.000000 1.500389
1.297297 0.000000 0.605199
1.297297 0.500000 0.838452
1.297297 1.000000 1.071706
1.297297 1.500000 1.304960
1.297297 2.000000 1.538214
1.378378 0.000000 0.643024
1.378378 0.500000 0.876277
1.378378 1.000000 1.109531
1.378378 1.500000 1.342785
1.378378 2.000000 1.576038
1.459459 0.000000 0.680849
1.459459 0.500000 0.914102
1.459459 1.000000 1.147356
1.459459 1.500000 1.380610
1.459459 2.000000 1.613863
1.540541 0.000000 0.718674
1.540541 0.500000 0.951927
1.540541 1.000000 1.185181
1.540541 1.500000 1.418435
1.540541 2.000000 1.651688
1.621622 0.000000 0.756498
1.621622 0.500000 0.989752
1.621622 1.000000 1.223006
1.621622 1.500000 1.456260
1.621622 2.000000 1.689513
1.702703 0.000000 0.794323
1.702703 0.500000 1.027577
1.702703 1.000000 1.260831
1.702703 1.500000 1.494084
1.702703 2.000000 1.727338
1.783784 0.000000 0.832148
1.783784 0.500000 1.065402
1.783784 1.000000 1.298656
1.783784 1.500000 1.531909
1.783784 2.000000 1.765163
1.864865 0.000000 0.869973
1.864865 0.500000 1.103227
1.864865 1.000000 1.336481
1.864865 1.500000 1.569734
1.864865 2.000000 1.802988
1.945946 0.000000 0.907798
1.945946 0.500000 1.141052
1.945946 1.000000 1.374306
1.945946 1.500000 1.607559
1.945946 2.000000 1.840813
2.027027 0.000000 0.945623
2.027027 0.500000 1.178877
2.027027 1.000000 1.412130
2.027027 1.500000 1.645384
2.027027 2.000000 1.878638
2.108108 0.000000 0.983448
2.108108 0.500000 1.216702
2.108108 1.000000 1.449955
2.108108 1.500000 1.683209
2.108108 2.000000 1.916463
2.189189 0.000000 1.021273
2.189189 0.500000 1.254527
2.189189 1.000000 1.487780
2.189189 1.500000 1.721034
2.189189 2.000000 1.954288
2.270270 0.000000 1.059098
2.270270 0.500000 1.292352
2.270270 1.000000 1.525605
2.270270 1.500000 1.758859
2.270270 2.000000 1.992113
2.351351 0.000000 1.096923
2.351351 0.500000 1.330176
2.351351 1.000000 1.563430
2.351351 1.500000 1.796684
2.351351 2.000000 2.029938
2.432432 0.000000 1.134748
2.432432 0.500000 1.368001
2.432432 1.000000 1.601255
2.432432 1.500000 1.834509
2.432432 2.000000 2.067762
2.513514 0.000000 1.172573
2.513514 0.500000 1.405826
2.513514 1.000000 1.639080
2.513514 1.500000 1.872334
2.513514 2.000000 2.105587
2.594595 0.000000 1.210398
2.594595 0.500000 1.443651
2.594595 1.000000 1.676905
2.594595 1.500000 1.910159
2.594595 2.000000 2.143412
2.675676 0.000000 1.248222
2.675676 0.500000 1.481476
2.675676 1.000000 1.714730
2.675676 1.500000 1.947984
2.675676 2.000000 2.181237
2.756757 0.000000 1.286047
2.756757 0.500000 1.519301
2.756757 1.000000 1.752555
2.756757 1.500000 1.985808
2.756757 2.000000 2.219062
2.837838 0.000000 1.323872
2.837838 0.500000 1.557126
2.837838 1.000000 1.790380
2.837838 1.500000 2.023633
2.837838 2.000000 2.256887
2.918919 0.000000 1.361697
2.918919 0.500000 1.594951
2.918919 1.000000 1.828205
2.918919 1.500000 2.061458
2.918919 2.000000 2.294712
3.000000 0.000000 1.399522
3.000000 0.500000 1.632776
3.000000 1.000000 1.866030
3.000000 1.500000 2.099283
3.000000 2.000000 2.332537
