0.000000 0.000000 0.000000
0.000000 0.666667 0.282732
0.000000 1.333333 0.565463
0.000000 2.000000 0.848195
0.081081 0.000000 0.034386
0.081081 0.666667 0.317118
0.081081 1.333333 0.599850
0.081081 2.000000 0.882582
0.162162 0.000000 0.068773
0.162162 0.666667 0.351504
0.162162 1.333333 0.634236
0.162162 2.000000 0.916968
0.243243 0.000000 0.103159
0.243243 0.666667 0.385891
0.243243 1.333333 0.668622
0.243243 2.000000 0.951354
0.324324 0.000000 0.137545
0.324324 0.666667 0.420277
0.324324 1.333333 0.703009
0.324324 2.000000 0.985740
0.405405 0.000000 0.171931
0.405405 0.666667 0.454663
0.405405 1.333333 0.737395
0.405405 2.000000 1.020127
0.486486 0.000000 0.206318
0.486486 0.666667 0.489050
0.486486 1.333333 0.771781
0.486486 2.000000 1.054513
0.567568 0.000000 0.240704
0.567568 0.666667 0.523436
0.567568 1.333333 0.806168
0.567568 2.000000 1.088899
0.648649 0.000000 0.275090
0.648649 0.666667 0.557822
0.648649 1.333333 0.840554
0.648649 2.000000 1.123286
0.729730 0.000000 0.309477
0.729730 0.666667 0.592208
0.729730 1.333333 0.874940
0.729730 2.000000 1.157672
0.810811 0.000000 0.343863
0.810811 0.666667 0.626595
0.810811 1.333333 0.909326
0.810811 2.000000 1.192058
0.891892 0.000000 0.378249
0.891892 0.666667 0.660981
0.891892 1.333333 0.943713
0.891892 2.000000 1.226444
0.972973 0.000000 0.412636
0.972973 0.666667 0.695367
0.972973 1.333333 0.978099
0.972973 2.000000 1.260831
1.054054 0.000000 0.447022
1.054054 0.666667 0.729754
1.054054 1.333333 1.012485
1.054054 2.000000 1.295217
1.135135 0.000000 0.481408
1.135135 0.666667 0.764140
1.135135 1.333333 1.046872
1.135135 2.000000 1.329603
1.216216 0.000000 0.515794
1.216216 0.666667 0.798526
1.216216 1.333333 1.081258
1.216216 2.000000 1.363990
1.297297 0.000000 0.550181
1.297297 0.666667 0.832912
1.297297 1.333333 1.115644
1.297297 2.000000 1.398376
1.378378 0.000000 0.584567
1.378378 0.666667 0.867299
1.378378 1.333333 1.150030
1.378378 2.000000 1.432762
1.459459 0.000000 0.618953
1.459459 0.666667 0.901685
1.459459 1.333333 1.184417
1.459459 2.000000 1.467149
1.540541 0.000000 0.653340
1.540541 0.666667 0.936071
1.540541 1.333333 1.218803
1.540541 2.000000 1.501535
1.621622 0.000000 0.687726
1.621622 0.666667 0.970458
1.621622 1.333333 1.253189
1.621622 2.000000 1.535921
1.702703 0.000000 0.722112
1.702703 0.666667 1.004844
1.702703 1.333333 1.287576
1.702703 2.000000 1.570307
1.783784 0.000000 0.756498
1.783784 0.666667 1.039230
1.783784 1.333333 1.321962
1.783784 2.000000 1.604694
1.864865 0.000000 0.790885
1.864865 0.666667 1.073616
1.864865 1.333333 1.356348
1.864865 2.000000 1.639080
1.945946 0.000000 0.825271
1.945946 0.666667 1.108003
1.945946 1.333333 1.390735
1.945946 2.000000 1.673466
2.027027 0.000000 0.859657
2.027027 0.666667 1.142389
2.027027 1.333333 1.425121
2.027027 2.000000 1.707853
2.108108 0.000000 0.894044
2.108108 0.666667 1.176775
2.108108 1.333333 1.459507
2.108108 2.000000 1.742239
2.189189 0.000000 0.928430
2.189189 0.666667 1.211162
2.189189 1.333333 1.493893
2.189189 2.000000 1.776625
2.270270 0.000000 0.962816
2.270270 0.666667 1.245548
2.270270 1.333333 1.528280
2.270270 2.000000 1.811011
2.351351 0.000000 0.997203
2.351351 0.666667 1.279934
2.351351 1.333333 1.562666
2.351351 2.000000 1.845398
2.432432 0.000000 1.031589
2.432432 0.666667 1.314321
2.432432 1.333333 1.597052
2.432432 2.000000 1.879784
2.513514 0.000000 1.065975
2.513514 0.666667 1.348707
2.513514 1.333333 1.631439
2.513514 2.000000 1.914170
2.594595 0.000000 1.100361
2.594595 0.666667 1.383093
2.594595 1.333333 1.665825
2.594595 2.000000 1.948557
2.675676 0.000000 1.134748
2.675676 0.666667 1.417479
2.675676 1.333333 1.700211
2.675676 2.000000 1.982943
2.756757 0.000000 1.169134
2.756757 0.666667 1.451866
2.756757 1.333333 1.734597
2.756757 2.000000 2.017329
2.837838 0.000000 1.203520
2.837838 0.666667 1.486252
2.837838 1.333333 1.768984
2.837838 2.000000 2.051716
2.918919 0.000000 1.237907
2.918919 0.666667 1.520638
2.918919 1.333333 1.803370
2.918919 2.000000 2.086102
3.000000 0.000000 1.272293
3.000000 0.666667 1.555025
3.000000 1.333333 1.837756
3.000000 2.000000 2.120488
