0.000000 0.000000 0.000000
0.000000 0.500000 -0.500000
0.000000 1.000000 -1.000000
0.000000 1.500000 -1.500000
0.000000 2.000000 -2.000000
0.081081 0.000000 0.081081
0.081081 0.500000 -0.418919
0.081081 1.000000 -0.918919
0.081081 1.500000 -1.418919
0.081081 2.000000 -1.918919
0.162162 0.000000 0.162162
0.162162 0.500000 -0.337838
0.162162 1.000000 -0.837838
0.162162 1.500000 -1.337838
0.162162 2.000000 -1.837838
0.243243 0.000000 0.243243
0.243243 0.500000 -0.256757
0.243243 1.000000 -0.756757
0.243243 1.500000 -1.256757
0.243243 2.000000 -1.756757
0.324324 0.000000 0.324324
0.324324 0.500000 -0.175676
0.324324 1.000000 -0.675676
0.324324 1.500000 -1.175676
0.324324 2.000000 -1.675676
0.405405 0.000000 0.405405
0.405405 0.500000 -0.094595
0.405405 1.000000 -0.594595
0.405405 1.500000 -1.094595
0.405405 2.000000 -1.594595
0.486486 0.000000 0.486486
0.486486 0.500000 -0.013514
0.486486 1.000000 -0.513514
0.486486 1.500000 -1.013514
0.486486 2.000000 -1.513514
0.567568 0.000000 0.567568
0.567568 0.500000 0.067568
0.567568 1.000000 -0.432432
0.567568 1.500000 -0.932432
0.567568 2.000000 -1.432432
0.648649 0.000000 0.648649
0.648649 0.500000 0.148649
0.648649 1.000000 -0.351351
0.648649 1.500000 -0.851351
0.648649 2.000000 -1.351351
0.729730 0.000000 0.729730
0.729730 0.500000 0.229730
0.729730 1.000000 -0.270270
0.729730 1.500000 -0.770270
0.729730 2.000000 -1.270270
0.810811 0.000000 0.810811
0.810811 0.500000 0.310811
0.810811 1.000000 -0.189189
0.810811 1.500000 -0.689189
0.810811 2.000000 -1.189189
0.891892 0.000000 0.891892
0.891892 0.500000 0.391892
0.891892 1.000000 -0.108108
0.891892 1.500000 -0.608108
0.891892 2.000000 -1.108108
0.972973 0.000000 0.972973
0.972973 0.500000 0.472973
0.972973 1.000000 -0.027027
0.972973 1.500000 -0.527027
0.972973 2.000000 -1.027027
1.054054 0.000000 1.054054
1.054054 0.500000 0.554054
1.054054 1.000000 0.054054
1.054054 1.500000 -0.445946
1.054054 2.000000 -0.945946
1.135135 0.000000 1.135135
1.135135 0.500000 0.635135
1.135135 1.000000 0.135135
1.135135 1.500000 -0.364865
1.135135 2.000000 -0.864865
1.216216 0.000000 1.216216
1.216216 0.500000 0.716216
1.216216 1.000000 0.216216
1.216216 1.500000 -0.283784
1.216216 2.000000 -0.783784
1.297297 0.000000 1.297297
1.297297 0.500000 0.797297
1.297297 1.000000 0.297297
1.297297 1.500000 -0.202703
1.297297 2.000000 -0.702703
1.378378 0.000000 1.378378
1.378378 0.500000 0.878378
1.378378 1.000000 0.378378
1.378378 1.500000 -0.121622
1.378378 2.000000 -0.621622
1.459459 0.000000 1.459459
1.459459 0.500000 0.959459
1.459459 1.000000 0.459459
1.459459 1.500000 -0.040541
1.459459 2.000000 -0.540541
1.540541 0.000000 1.540541
1.540541 0.500000 1.040541
1.540541 1.000000 0.540541
1.540541 1.500000 0.040541
1.540541 2.000000 -0.459459
1.621622 0.000000 1.621622
1.621622 0.500000 1.121622
1.621622 1.000000 0.621622
1.621622 1.500000 0.121622
1.621622 2.000000 -0.378378
1.702703 0.000000 1.702703
1.702703 0.500000 1.202703
1.702703 1.000000 0.702703
1.702703 1.500000 0.202703
1.702703 2.000000 -0.297297
1.783784 0.000000 1.783784
1.783784 0.500000 1.283784
1.783784 1.000000 0.783784
1.783784 1.500000 0.283784
1.783784 2.000000 -0.216216
1.864865 0.000000 1.864865
1.864865 0.500000 1.364865
1.864865 1.000000 0.864865
1.864865 1.500000 0.364865
1.864865 2.000000 -0.135135
1.945946 0.000000 1.945946
1.945946 0.500000 1.445946
1.945946 1.000000 0.945946
1.945946 1.500000 0.445946
1.945946 2.000000 -0.054054
2.027027 0.000000 2.027027
2.027027 0.500000 1.527027
2.027027 1.000000 1.027027
2.027027 1.500000 0.527027
2.027027 2.000000 0.027027
2.108108 0.000000 2.108108
2.108108 0.500000 1.608108
2.108108 1.000000 1.108108
2.108108 1.500000 0.608108
2.108108 2.000000 0.108108
2.189189 0.000000 2.189189
2.189189 0.500000 1.689189
2.189189 1.000000 1.189189
2.189189 1.500000 0.689189
2.189189 2.000000 0.189189
2.270270 0.000000 2.270270
2.270270 0.500000 1.770270
2.270270 1.000000 1.270270
2.270270 1.500000 0.770270
2.270270 2.000000 0.270270
2.351351 0.000000 2.351351
2.351351 0.500000 1.851351
2.351351 1.000000 1.351351
2.351351 1.500000 0.851351
2.351351 2.000000 0.351351
2.432432 0.000000 2.432432
2.432432 0.500000 1.932432
2.432432 1.000000 1.432432
2.432432 1.500000 0.932432
2.432432 2.000000 0.432432
2.513514 0.000000 2.513514
2.513514 0.500000 2.013514
2.513514 1.000000 1.513514
2.513514 1.500000 1.013514
2.513514 2.000000 0.513514
2.594595 0.000000 2.594595
2.594595 0.500000 2.094595
2.594595 1.000000 1.594595
2.594595 1.500000 1.094595
2.594595 2.000000 0.594595
2.675676 0.000000 2.675676
2.675676 0.500000 2.175676
2.675676 1.000000 1.675676
2.675676 1.500000 1.175676
2.675676 2.000000 0.675676
2.756757 0.000000 2.756757
2.756757 0.500000 2.256757
2.756757 1.000000 1.756757
2.756757 1.500000 1.256757
2.756757 2.000000 0.756757
2.837838 0.000000 2.837838
2.837838 0.500000 2.337838
2.837838 1.000000 1.837838
2.837838 1.500000 1.337838
2.837838 2.000000 0.837838
2.918919 0.000000 2.918919
2.918919 0.500000 2.418919
2.918919 1.000000 1.918919
2.918919 1.500000 1.418919
2.918919 2.000000 0.918919
3.000000 0.000000 3.000000
3.000000 0.500000 2.500000
3.000000 1.000000 2.000000
3.000000 1.500000 1.500000
3.000000 2.000000 1.000000
