0.000000 0.000000 0.000000
0.000000 0.500000 -0.454545
0.000000 1.000000 -0.909091
0.000000 1.500000 -1.363636
0.000000 2.000000 -1.818182
0.081081 0.000000 0.073710
0.081081 0.500000 -0.380835
0.081081 1.000000 -0.835381
0.081081 1.500000 -1.289926
0.081081 2.000000 -1.744472
0.162162 0.000000 0.147420
0.162162 0.500000 -0.307125
0.162162 1.000000 -0.761671
0.162162 1.500000 -1.216216
0.162162 2.000000 -1.670762
0.243243 0.000000 0.221130
0.243243 0.500000 -0.233415
0.243243 1.000000 -0.687961
0.243243 1.500000 -1.142506
0.243243 2.000000 -1.597052
0.324324 0.000000 0.294840
0.324324 0.500000 -0.159705
0.324324 1.000000 -0.614251
0.324324 1.500000 -1.068796
0.324324 2.000000 -1.523342
0.405405 0.000000 0.368550
0.405405 0.500000 -0.085995
0.405405 1.000000 -0.540541
0.405405 1.500000 -0.995086
0.405405 2.000000 -1.449631
0.486486 0.000000 0.442260
0.486486 0.500000 -0.012285
0.486486 1.000000 -0.466830
0.486486 1.500000 -0.921376
0.486486 2.000000 -1.375921
0.567568 0.000000 0.515971
0.567568 0.500000 0.061425
0.567568 1.000000 -0.393120
0.567568 1.500000 -0.847666
0.567568 2.000000 -1.302211
0.648649 0.000000 0.589681
0.648649 0.500000 0.135135
0.648649 1.000000 -0.319410
0.648649 1.500000 -0.773956
0.648649 2.000000 -1.228501
0.729730 0.000000 0.663391
0.729730 0.500000 0.208845
0.729730 1.000000 -0.245700
0.729730 1.500000 -0.700246
0.729730 2.000000 -1.154791
0.810811 0.000000 0.737101
0.810811 0.500000 0.282555
0.810811 1.000000 -0.171990
0.810811 1.500000 -0.626536
0.810811 2.000000 -1.081081
0.891892 0.000000 0.810811
0.891892 0.500000 0.356265
0.891892 1.000000 -0.098280
0.891892 1.500000 -0.552826
0.891892 2.000000 -1.007371
0.972973 0.000000 0.884521
0.972973 0.500000 0.429975
0.972973 1.000000 -0.024570
0.972973 1.500000 -0.479115
0.972973 2.000000 -0.933661
1.054054 0.000000 0.958231
1.054054 0.500000 0.503686
1.054054 1.000000 0.049140
1.054054 1.500000 -0.405405
1.054054 2.000000 -0.859951
1.135135 0.000000 1.031941
1.135135 0.500000 0.577396
1.135135 1.000000 0.122850
1.135135 1.500000 -0.331695
1.135135 2.000000 -0.786241
1.216216 0.000000 1.105651
1.216216 0.500000 0.651106
1.216216 1.000000 0.196560
1.216216 1.500000 -0.257985
1.216216 2.000000 -0.712531
1.297297 0.000000 1.179361
1.297297 0.500000 0.724816
1.297297 1.000000 0.270270
1.297297 1.500000 -0.184275
1.297297 2.000000 -0.638821
1.378378 0.000000 1.253071
1.378378 0.500000 0.798526
1.378378 1.000000 0.343980
1.378378 1.500000 -0.110565
1.378378 2.000000 -0.565111
1.459459 0.000000 1.326781
1.459459 0.500000 0.872236
1.459459 1.000000 0.417690
1.459459 1.500000 -0.036855
1.459459 2.000000 -0.491400
1.540541 0.000000 1.400491
1.540541 0.500000 0.945946
1.540541 1.000000 0.491400
1.540541 1.500000 0.036855
1.540541 2.000000 -0.417690
1.621622 0.000000 1.474201
1.621622 0.500000 1.019656
1.621622 1.000000 0.565111
1.621622 1.500000 0.110565
1.621622 2.000000 -0.343980
1.702703 0.000000 1.547912
1.702703 0.500000 1.093366
1.702703 1.000000 0.638821
1.702703 1.500000 0.184275
1.702703 2.000000 -0.270270
1.783784 0.000000 1.621622
1.783784 0.500000 1.167076
1.783784 1.000000 0.712531
1.783784 1.500000 0.257985
1.783784 2.000000 -0.196560
1.864865 0.000000 1.695332
1.864865 0.500000 1.240786
1.864865 1.000000 0.786241
1.864865 1.500000 0.331695
1.864865 2.000000 -0.122850
1.945946 0.000000 1.769042
1.945946 0.500000 1.314496
1.945946 1.000000 0.859951
1.945946 1.500000 0.405405
1.945946 2.000000 -0.049140
2.027027 0.000000 1.842752
2.027027 0.500000 1.388206
2.027027 1.000000 0.933661
2.027027 1.500000 0.479115
2.027027 2.000000 0.024570
2.108108 0.000000 1.916462
2.108108 0.500000 1.461916
2.108108 1.000000 1.007371
2.108108 1.500000 0.552826
2.108108 2.000000 0.098280
2.189189 0.000000 1.990172
2.189189 0.500000 1.535627
2.189189 1.000000 1.081081
2.189189 1.500000 0.626536
2.189189 2.000000 0.171990
2.270270 0.000000 2.063882
2.270270 0.500000 1.609337
2.270270 1.000000 1.154791
2.270270 1.500000 0.700246
2.270270 2.000000 0.245700
2.351351 0.000000 2.137592
2.351351 0.500000 1.683047
2.351351 1.000000 1.228501
2.351351 1.500000 0.773956
2.351351 2.000000 0.319410
2.432432 0.000000 2.211302
2.432432 0.500000 1.756757
2.432432 1.000000 1.302211
2.432432 1.500000 0.847666
2.432432 2.000000 0.393120
2.513514 0.000000 2.285012
2.513514 0.500000 1.830467
2.513514 1.000000 1.375921
2.513514 1.500000 0.921376
2.513514 2.000000 0.466830
2.594595 0.000000 2.358722
2.594595 0.500000 1.904177
2.594595 1.000000 1.449631
2.594595 1.500000 0.995086
2.594595 2.000000 0.540541
2.675676 0.000000 2.432432
2.675676 0.500000 1.977887
2.675676 1.000000 1.523342
2.675676 1.500000 1.068796
2.675676 2.000000 0.614251
2.756757 0.000000 2.506143
2.756757 0.500000 2.051597
2.756757 1.000000 1.597052
2.756757 1.500000 1.142506
2.756757 2.000000 0.687961
2.837838 0.000000 2.579853
2.837838 0.500000 2.125307
2.837838 1.000000 1.670762
2.837838 1.500000 1.216216
2.837838 2.000000 0.761671
2.918919 0.000000 2.653563
2.918919 0.500000 2.199017
2.918919 1.000000 1.744472
2.918919 1.500000 1.289926
2.918919 2.000000 0.835381
3.000000 0.000000 2.727273
3.000000 0.500000 2.272727
3.000000 1.000000 1.818182
3.000000 1.500000 1.363636
3.000000 2.000000 0.909091
