0.000000 0.000000 0.000000
0.000000 0.666667 -0.257029
0.000000 1.333333 -0.514058
0.000000 2.000000 -0.771087
0.081081 0.000000 0.031260
0.081081 0.666667 -0.225769
0.081081 1.333333 -0.482797
0.081081 2.000000 -0.739826
0.162162 0.000000 0.062521
0.162162 0.666667 -0.194508
0.162162 1.333333 -0.451537
0.162162 2.000000 -0.708566
0.243243 0.000000 0.093781
0.243243 0.666667 -0.163248
0.243243 1.333333 -0.420277
0.243243 2.000000 -0.677306
0.324324 0.000000 0.125041
0.324324 0.666667 -0.131988
0.324324 1.333333 -0.389017
0.324324 2.000000 -0.646046
0.405405 0.000000 0.156301
0.405405 0.666667 -0.100728
0.405405 1.333333 -0.357756
0.405405 2.000000 -0.614785
0.486486 0.000000 0.187562
0.486486 0.666667 -0.069467
0.486486 1.333333 -0.326496
0.486486 2.000000 -0.583525
0.567568 0.000000 0.218822
0.567568 0.666667 -0.038207
0.567568 1.333333 -0.295236
0.567568 2.000000 -0.552265
0.648649 0.000000 0.250082
0.648649 0.666667 -0.006947
0.648649 1.333333 -0.263976
0.648649 2.000000 -0.521004
0.729730 0.000000 0.281342
0.729730 0.666667 0.024314
0.729730 1.333333 -0.232715
0.729730 2.000000 -0.489744
0.810811 0.000000 0.312603
0.810811 0.666667 0.055574
0.810811 1.333333 -0.201455
0.810811 2.000000 -0.458484
0.891892 0.000000 0.343863
0.891892 0.666667 0.086834
0.891892 1.333333 -0.170195
0.891892 2.000000 -0.427224
0.972973 0.000000 0.375123
0.972973 0.666667 0.118094
0.972973 1.333333 -0.138935
0.972973 2.000000 -0.395963
1.054054 0.000000 0.406383
1.054054 0.666667 0.149355
1.054054 1.333333 -0.107674
1.054054 2.000000 -0.364703
1.135135 0.000000 0.437644
1.135135 0.666667 0.180615
1.135135 1.333333 -0.076414
1.135135 2.000000 -0.333443
1.216216 0.000000 0.468904
1.216216 0.666667 0.211875
1.216216 1.333333 -0.045154
1.216216 2.000000 -0.302183
1.297297 0.000000 0.500164
1.297297 0.666667 0.243135
1.297297 1.333333 -0.013893
1.297297 2.000000 -0.270922
1.378378 0.000000 0.531425
1.378378 0.666667 0.274396
1.378378 1.333333 0.017367
1.378378 2.000000 -0.239662
1.459459 0.000000 0.562685
1.459459 0.666667 0.305656
1.459459 1.333333 0.048627
1.459459 2.000000 -0.208402
1.540541 0.000000 0.593945
1.540541 0.666667 0.336916
1.540541 1.333333 0.079887
1.540541 2.000000 -0.177142
1.621622 0.000000 0.625205
1.621622 0.666667 0.368176
1.621622 1.333333 0.111148
1.621622 2.000000 -0.145881
1.702703 0.000000 0.656466
1.702703 0.666667 0.399437
1.702703 1.333333 0.142408
1.702703 2.000000 -0.114621
1.783784 0.000000 0.687726
1.783784 0.666667 0.430697
1.783784 1.333333 0.173668
1.783784 2.000000 -0.083361
1.864865 0.000000 0.718986
1.864865 0.666667 0.461957
1.864865 1.333333 0.204928
1.864865 2.000000 -0.052100
1.945946 0.000000 0.750246
1.945946 0.666667 0.493218
1.945946 1.333333 0.236189
1.945946 2.000000 -0.020840
2.027027 0.000000 0.781507
2.027027 0.666667 0.524478
2.027027 1.333333 0.267449
2.027027 2.000000 0.010420
2.108108 0.000000 0.812767
2.108108 0.666667 0.555738
2.108108 1.333333 0.298709
2.108108 2.000000 0.041680
2.189189 0.000000 0.844027
2.189189 0.666667 0.586998
2.189189 1.333333 0.329969
2.189189 2.000000 0.072941
2.270270 0.000000 0.875287
2.270270 0.666667 0.618259
2.270270 1.333333 0.361230
2.270270 2.000000 0.104201
2.351351 0.000000 0.906548
2.351351 0.666667 0.649519
2.351351 1.333333 0.392490
2.351351 2.000000 0.135461
2.432432 0.000000 0.937808
2.432432 0.666667 0.680779
2.432432 1.333333 0.423750
2.432432 2.000000 0.166721
2.513514 0.000000 0.969068
2.513514 0.666667 0.712039
2.513514 1.333333 0.455011
2.513514 2.000000 0.197982
2.594595 0.000000 1.000329
2.594595 0.666667 0.743300
2.594595 1.333333 0.486271
2.594595 2.000000 0.229242
2.675676 0.000000 1.031589
2.675676 0.666667 0.774560
2.675676 1.333333 0.517531
2.675676 2.000000 0.260502
2.756757 0.000000 1.062849
2.756757 0.666667 0.805820
2.756757 1.333333 0.548791
2.756757 2.000000 0.291762
2.837838 0.000000 1.094109
2.837838 0.666667 0.837080
2.837838 1.333333 0.580052
2.837838 2.000000 0.323023
2.918919 0.000000 1.125370
2.918919 0.666667 0.868341
2.918919 1.333333 0.611312
2.918919 2.000000 0.354283
3.000000 0.000000 1.156630
3.000000 0.666667 0.899601
3.000000 1.333333 0.642572
3.000000 2.000000 0.385543
