0.000000 0.000000 0.000000
0.000000 0.500000 -0.175247
0.000000 1.000000 -0.350494
0.000000 1.500000 -0.525741
0.000000 2.000000 -0.700988
0.081081 0.000000 0.028418
0.081081 0.500000 -0.146829
0.081081 1.000000 -0.322075
0.081081 1.500000 -0.497322
0.081081 2.000000 -0.672569
0.162162 0.000000 0.056837
0.162162 0.500000 -0.118410
0.162162 1.000000 -0.293657
0.162162 1.500000 -0.468904
0.162162 2.000000 -0.644151
0.243243 0.000000 0.085255
0.243243 0.500000 -0.089992
0.243243 1.000000 -0.265239
0.243243 1.500000 -0.440486
0.243243 2.000000 -0.615733
0.324324 0.000000 0.113674
0.324324 0.500000 -0.061573
0.324324 1.000000 -0.236820
0.324324 1.500000 -0.412067
0.324324 2.000000 -0.587314
0.405405 0.000000 0.142092
0.405405 0.500000 -0.033155
0.405405 1.000000 -0.208402
0.405405 1.500000 -0.383649
0.405405 2.000000 -0.558896
0.486486 0.000000 0.170511
0.486486 0.500000 -0.004736
0.486486 1.000000 -0.179983
0.486486 1.500000 -0.355230
0.486486 2.000000 -0.530477
0.567568 0.000000 0.198929
0.567568 0.500000 0.023682
0.567568 1.000000 -0.151565
0.567568 1.500000 -0.326812
0.567568 2.000000 -0.502059
0.648649 0.000000 0.227347
0.648649 0.500000 0.052100
0.648649 1.000000 -0.123147
0.648649 1.500000 -0.298393
0.648649 2.000000 -0.473640
0.729730 0.000000 0.255766
0.729730 0.500000 0.080519
0.729730 1.000000 -0.094728
0.729730 1.500000 -0.269975
0.729730 2.000000 -0.445222
0.810811 0.000000 0.284184
0.810811 0.500000 0.108937
0.810811 1.000000 -0.066310
0.810811 1.500000 -0.241557
0.810811 2.000000 -0.416804
0.891892 0.000000 0.312603
0.891892 0.500000 0.137356
0.891892 1.000000 -0.037891
0.891892 1.500000 -0.213138
0.891892 2.000000 -0.388385
0.972973 0.000000 0.341021
0.972973 0.500000 0.165774
0.972973 1.000000 -0.009473
0.972973 1.500000 -0.184720
0.972973 2.000000 -0.359967
1.054054 0.000000 0.369440
1.054054 0.500000 0.194193
1.054054 1.000000 0.018946
1.054054 1.500000 -0.156301
1.054054 2.000000 -0.331548
1.135135 0.000000 0.397858
1.135135 0.500000 0.222611
1.135135 1.000000 0.047364
1.135135 1.500000 -0.127883
1.135135 2.000000 -0.303130
1.216216 0.000000 0.426276
1.216216 0.500000 0.251029
1.216216 1.000000 0.075782
1.216216 1.500000 -0.099464
1.216216 2.000000 -0.274711
1.297297 0.000000 0.454695
1.297297 0.500000 0.279448
1.297297 1.000000 0.104201
1.297297 1.500000 -0.071046
1.297297 2.000000 -0.246293
1.378378 0.000000 0.483113
1.378378 0.500000 0.307866
1.378378 1.000000 0.132619
1.378378 1.500000 -0.042628
1.378378 2.000000 -0.217875
1.459459 0.000000 0.511532
1.459459 0.500000 0.336285
1.459459 1.000000 0.161038
1.459459 1.500000 -0.014209
1.459459 2.000000 -0.189456
1.540541 0.000000 0.539950
1.540541 0.500000 0.364703
1.540541 1.000000 0.189456
1.540541 1.500000 0.014209
1.540541 2.000000 -0.161038
1.621622 0.000000 0.568368
1.621622 0.500000 0.393122
1.621622 1.000000 0.217875
1.621622 1.500000 0.042628
1.621622 2.000000 -0.132619
1.702703 0.000000 0.596787
1.702703 0.500000 0.421540
1.702703 1.000000 0.246293
1.702703 1.500000 0.071046
1.702703 2.000000 -0.104201
1.783784 0.000000 0.625205
1.783784 0.500000 0.449958
1.783784 1.000000 0.274711
1.783784 1.500000 0.099464
1.783784 2.000000 -0.075782
1.864865 0.000000 0.653624
1.864865 0.500000 0.478377
1.864865 1.000000 0.303130
1.864865 1.500000 0.127883
1.864865 2.000000 -0.047364
1.945946 0.000000 0.682042
1.945946 0.500000 0.506795
1.945946 1.000000 0.331548
1.945946 1.500000 0.156301
1.945946 2.000000 -0.018946
2.027027 0.000000 0.710461
2.027027 0.500000 0.535214
2.027027 1.000000 0.359967
2.027027 1.500000 0.184720
2.027027 2.000000 0.009473
2.108108 0.000000 0.738879
2.108108 0.500000 0.563632
2.108108 1.000000 0.388385
2.108108 1.500000 0.213138
2.108108 2.000000 0.037891
2.189189 0.000000 0.767297
2.189189 0.500000 0.592051
2.189189 1.000000 0.416804
2.189189 1.500000 0.241557
2.189189 2.000000 0.066310
2.270270 0.000000 0.795716
2.270270 0.500000 0.620469
2.270270 1.000000 0.445222
2.270270 1.500000 0.269975
2.270270 2.000000 0.094728
2.351351 0.000000 0.824134
2.351351 0.500000 0.648887
2.351351 1.000000 0.473640
2.351351 1.500000 0.298393
2.351351 2.000000 0.123147
2.432432 0.000000 0.852553
2.432432 0.500000 0.677306
2.432432 1.000000 0.502059
2.432432 1.500000 0.326812
2.432432 2.000000 0.151565
2.513514 0.000000 0.880971
2.513514 0.500000 0.705724
2.513514 1.000000 0.530477
2.513514 1.500000 0.355230
2.513514 2.000000 0.179983
2.594595 0.000000 0.909390
2.594595 0.500000 0.734143
2.594595 1.000000 0.558896
2.594595 1.500000 0.383649
2.594595 2.000000 0.208402
2.675676 0.000000 0.937808
2.675676 0.500000 0.762561
2.675676 1.000000 0.587314
2.675676 1.500000 0.412067
2.675676 2.000000 0.236820
2.756757 0.000000 0.966226
2.756757 0.500000 0.790979
2.756757 1.000000 0.615733
2.756757 1.500000 0.440486
2.756757 2.000000 0.265239
2.837838 0.000000 0.994645
2.837838 0.500000 0.819398
2.837838 1.000000 0.644151
2.837838 1.500000 0.468904
2.837838 2.000000 0.293657
2.918919 0.000000 1.023063
2.918919 0.500000 0.847816
2.918919 1.000000 0.672569
2.918919 1.500000 0.497322
2.918919 2.000000 0.322075
3.000000 0.000000 1.051482
3.000000 0.500000 0.876235
3.000000 1.000000 0.700988
3.000000 1.500000 0.525741
3.000000 2.000000 0.350494
