0.000000 0.000000 0.000000
0.000000 0.500000 -0.159315
0.000000 1.000000 -0.318631
0.000000 1.500000 -0.477946
0.000000 2.000000 -0.637262
0.081081 0.000000 0.025835
0.081081 0.500000 -0.133480
0.081081 1.000000 -0.292796
0.081081 1.500000 -0.452111
0.081081 2.000000 -0.611427
0.162162 0.000000 0.051670
0.162162 0.500000 -0.107646
0.162162 1.000000 -0.266961
0.162162 1.500000 -0.426276
0.162162 2.000000 -0.585592
0.243243 0.000000 0.077505
0.243243 0.500000 -0.081811
0.243243 1.000000 -0.241126
0.243243 1.500000 -0.400441
0.243243 2.000000 -0.559757
0.324324 0.000000 0.103340
0.324324 0.500000 -0.055976
0.324324 1.000000 -0.215291
0.324324 1.500000 -0.374607
0.324324 2.000000 -0.533922
0.405405 0.000000 0.129175
0.405405 0.500000 -0.030141
0.405405 1.000000 -0.189456
0.405405 1.500000 -0.348772
0.405405 2.000000 -0.508087
0.486486 0.000000 0.155010
0.486486 0.500000 -0.004306
0.486486 1.000000 -0.163621
0.486486 1.500000 -0.322937
0.486486 2.000000 -0.482252
0.567568 0.000000 0.180845
0.567568 0.500000 0.021529
0.567568 1.000000 -0.137786
0.567568 1.500000 -0.297102
0.567568 2.000000 -0.456417
0.648649 0.000000 0.206679
0.648649 0.500000 0.047364
0.648649 1.000000 -0.111951
0.648649 1.500000 -0.271267
0.648649 2.000000 -0.430582
0.729730 0.000000 0.232514
0.729730 0.500000 0.073199
0.729730 1.000000 -0.086116
0.729730 1.500000 -0.245432
0.729730 2.000000 -0.404747
0.810811 0.000000 0.258349
0.810811 0.500000 0.099034
0.810811 1.000000 -0.060282
0.810811 1.500000 -0.219597
0.810811 2.000000 -0.378912
0.891892 0.000000 0.284184
0.891892 0.500000 0.124869
0.891892 1.000000 -0.034447
0.891892 1.500000 -0.193762
0.891892 2.000000 -0.353077
0.972973 0.000000 0.310019
0.972973 0.500000 0.150704
0.972973 1.000000 -0.008612
0.972973 1.500000 -0.167927
0.972973 2.000000 -0.327242
1.054054 0.000000 0.335854
1.054054 0.500000 0.176539
1.054054 1.000000 0.017223
1.054054 1.500000 -0.142092
1.054054 2.000000 -0.301408
1.135135 0.000000 0.361689
1.135135 0.500000 0.202374
1.135135 1.000000 0.043058
1.135135 1.500000 -0.116257
1.135135 2.000000 -0.275573
1.216216 0.000000 0.387524
1.216216 0.500000 0.228209
1.216216 1.000000 0.068893
1.216216 1.500000 -0.090422
1.216216 2.000000 -0.249738
1.297297 0.000000 0.413359
1.297297 0.500000 0.254043
1.297297 1.000000 0.094728
1.297297 1.500000 -0.064587
1.297297 2.000000 -0.223903
1.378378 0.000000 0.439194
1.378378 0.500000 0.279878
1.378378 1.000000 0.120563
1.378378 1.500000 -0.038752
1.378378 2.000000 -0.198068
1.459459 0.000000 0.465029
1.459459 0.500000 0.305713
1.459459 1.000000 0.146398
1.459459 1.500000 -0.012917
1.459459 2.000000 -0.172233
1.540541 0.000000 0.490864
1.540541 0.500000 0.331548
1.540541 1.000000 0.172233
1.540541 1.500000 0.012917
1.540541 2.000000 -0.146398
1.621622 0.000000 0.516699
1.621622 0.500000 0.357383
1.621622 1.000000 0.198068
1.621622 1.500000 0.038752
1.621622 2.000000 -0.120563
1.702703 0.000000 0.542534
1.702703 0.500000 0.383218
1.702703 1.000000 0.223903
1.702703 1.500000 0.064587
1.702703 2.000000 -0.094728
1.783784 0.000000 0.568368
1.783784 0.500000 0.409053
1.783784 1.000000 0.249738
1.783784 1.500000 0.090422
1.783784 2.000000 -0.068893
1.864865 0.000000 0.594203
1.864865 0.500000 0.434888
1.864865 1.000000 0.275573
1.864865 1.500000 0.116257
1.864865 2.000000 -0.043058
1.945946 0.000000 0.620038
1.945946 0.500000 0.460723
1.945946 1.000000 0.301408
1.945946 1.500000 0.142092
1.945946 2.000000 -0.017223
2.027027 0.000000 0.645873
2.027027 0.500000 0.486558
2.027027 1.000000 0.327242
2.027027 1.500000 0.167927
2.027027 2.000000 0.008612
2.108108 0.000000 0.671708
2.108108 0.500000 0.512393
2.108108 1.000000 0.353077
2.108108 1.500000 0.193762
2.108108 2.000000 0.034447
2.189189 0.000000 0.697543
2.189189 0.500000 0.538228
2.189189 1.000000 0.378912
2.189189 1.500000 0.219597
2.189189 2.000000 0.060282
2.270270 0.000000 0.723378
2.270270 0.500000 0.564063
2.270270 1.000000 0.404747
2.270270 1.500000 0.245432
2.270270 2.000000 0.086116
2.351351 0.000000 0.749213
2.351351 0.500000 0.589898
2.351351 1.000000 0.430582
2.351351 1.500000 0.271267
2.351351 2.000000 0.111951
2.432432 0.000000 0.775048
2.432432 0.500000 0.615733
2.432432 1.000000 0.456417
2.432432 1.500000 0.297102
2.432432 2.000000 0.137786
2.513514 0.000000 0.800883
2.513514 0.500000 0.641567
2.513514 1.000000 0.482252
2.513514 1.500000 0.322937
2.513514 2.000000 0.163621
2.594595 0.000000 0.826718
2.594595 0.500000 0.667402
2.594595 1.000000 0.508087
2.594595 1.500000 0.348772
2.594595 2.000000 0.189456
2.675676 0.000000 0.852553
2.675676 0.500000 0.693237
2.675676 1.000000 0.533922
2.675676 1.500000 0.374607
2.675676 2.000000 0.215291
2.756757 0.000000 0.878388
2.756757 0.500000 0.719072
2.756757 1.000000 0.559757
2.756757 1.500000 0.400441
2.756757 2.000000 0.241126
2.837838 0.000000 0.904223
2.837838 0.500000 0.744907
2.837838 1.000000 0.585592
2.837838 1.500000 0.426276
2.837838 2.000000 0.266961
2.918919 0.000000 0.930058
2.918919 0.500000 0.770742
2.918919 1.000000 0.611427
2.918919 1.500000 0.452111
2.918919 2.000000 0.292796
3.000000 0.000000 0.955892
3.000000 0.500000 0.796577
3.000000 1.000000 0.637262
3.000000 1.500000 0.477946
3.000000 2.000000 0.318631
