0.000000 0.000000 0.000000
0.000000 0.085106 0.000000
0.000000 0.170213 0.000000
0.000000 0.255319 0.000000
0.000000 0.340426 0.000000
0.000000 0.425532 0.000000
0.000000 0.510638 0.000000
0.000000 0.595745 0.000000
0.000000 0.680851 0.000000
0.000000 0.765957 0.000000
0.000000 0.851064 0.000000
0.000000 0.936170 0.000000
0.000000 1.021277 0.000000
0.000000 1.106383 0.000000
0.000000 1.191489 0.000000
0.000000 1.276596 0.000000
0.000000 1.361702 0.000000
0.000000 1.446809 0.000000
0.000000 1.531915 0.000000
0.000000 1.617021 0.000000
0.000000 1.702128 0.000000
0.000000 1.787234 0.000000
0.000000 1.872340 0.000000
0.000000 1.957447 0.000000
0.000000 2.042553 0.000000
0.000000 2.127660 0.000000
0.000000 2.212766 0.000000
0.000000 2.297872 0.000000
0.000000 2.382979 0.000000
0.000000 2.468085 0.000000
0.000000 2.553191 0.000000
0.000000 2.638298 0.000000
0.000000 2.723404 0.000000
0.000000 2.808511 0.000000
0.000000 2.893617 0.000000
0.000000 2.978723 0.000000
0.000000 3.063830 0.000000
0.000000 3.148936 0.000000
0.000000 3.234043 0.000000
0.000000 3.319149 0.000000
0.000000 3.404255 0.000000
0.000000 3.489362 0.000000
0.000000 3.574468 0.000000
0.000000 3.659574 0.000000
0.000000 3.744681 0.000000
0.000000 3.829787 0.000000
0.000000 3.914894 0.000000
0.000000 4.000000 0.000000
0.076923 0.000000 0.000000
0.076923 0.085106 -0.002370
0.076923 0.170213 -0.027023
0.076923 0.255319 -0.051675
0.076923 0.340426 -0.076327
0.076923 0.425532 -0.100980
0.076923 0.510638 -0.125632
0.076923 0.595745 -0.150284
0.076923 0.680851 -0.174936
0.076923 0.765957 -0.199589
0.076923 0.851064 -0.224241
0.076923 0.936170 -0.248893
0.076923 1.021277 -0.273546
0.076923 1.106383 -0.298198
0.076923 1.191489 -0.322850
0.076923 1.276596 -0.347502
0.076923 1.361702 -0.372155
0.076923 1.446809 -0.396807
0.076923 1.531915 -0.421459
0.076923 1.617021 -0.446112
0.076923 1.702128 -0.470764
0.076923 1.787234 -0.495416
0.076923 1.872340 -0.520068
0.076923 1.957447 -0.544721
0.076923 2.042553 -0.569373
0.076923 2.127660 -0.594025
0.076923 2.212766 -0.618678
0.076923 2.297872 -0.643330
0.076923 2.382979 -0.667982
0.076923 2.468085 -0.692634
0.076923 2.553191 -0.717287
0.076923 2.638298 -0.741939
0.076923 2.723404 -0.766591
0.076923 2.808511 -0.791244
0.076923 2.893617 -0.815896
0.076923 2.978723 -0.840548
0.076923 3.063830 -0.865200
0.076923 3.148936 -0.889853
0.076923 3.234043 -0.914505
0.076923 3.319149 -0.939157
0.076923 3.404255 -0.963810
0.076923 3.489362 -0.988462
0.076923 3.574468 -1.013114
0.076923 3.659574 -1.037766
0.076923 3.744681 -1.062419
0.076923 3.829787 -1.087071
0.076923 3.914894 -1.111723
0.076923 4.000000 0.000000
0.153846 0.000000 0.000000
0.153846 0.085106 0.019911
0.153846 0.170213 -0.004741
0.153846 0.255319 -0.029393
0.153846 0.340426 -0.054045
0.153846 0.425532 -0.078698
0.153846 0.510638 -0.103350
0.153846 0.595745 -0.128002
0.153846 0.680851 -0.152655
0.153846 0.765957 -0.177307
0.153846 0.851064 -0.201959
0.153846 0.936170 -0.226611
0.153846 1.021277 -0.251264
0.153846 1.106383 -0.275916
0.153846 1.191489 -0.300568
0.153846 1.276596 -0.325221
0.153846 1.361702 -0.349873
0.153846 1.446809 -0.374525
0.153846 1.531915 -0.399177
0.153846 1.617021 -0.423830
0.153846 1.702128 -0.448482
0.153846 1.787234 -0.473134
0.153846 1.872340 -0.497787
0.153846 1.957447 -0.522439
0.153846 2.042553 -0.547091
0.153846 2.127660 -0.571743
0.153846 2.212766 -0.596396
0.153846 2.297872 -0.621048
0.153846 2.382979 -0.645700
0.153846 2.468085 -0.670353
0.153846 2.553191 -0.695005
0.153846 2.638298 -0.719657
0.153846 2.723404 -0.744309
0.153846 2.808511 -0.768962
0.153846 2.893617 -0.793614
0.153846 2.978723 -0.818266
0.153846 3.063830 -0.842919
0.153846 3.148936 -0.867571
0.153846 3.234043 -0.892223
0.153846 3.319149 -0.916875
0.153846 3.404255 -0.941528
0.153846 3.489362 -0.966180
0.153846 3.574468 -0.990832
0.153846 3.659574 -1.015485
0.153846 3.744681 -1.040137
0.153846 3.829787 -1.064789
0.153846 3.914894 -1.089441
0.153846 4.000000 0.000000
0.230769 0.000000 0.000000
0.230769 0.085106 0.042193
0.230769 0.170213 0.017541
0.230769 0.255319 -0.007111
0.230769 0.340426 -0.031764
0.230769 0.425532 -0.056416
0.230769 0.510638 -0.081068
0.230769 0.595745 -0.105720
0.230769 0.680851 -0.130373
0.230769 0.765957 -0.155025
0.230769 0.851064 -0.179677
0.230769 0.936170 -0.204330
0.230769 1.021277 -0.228982
0.230769 1.106383 -0.253634
0.230769 1.191489 -0.278286
0.230769 1.276596 -0.302939
0.230769 1.361702 -0.327591
0.230769 1.446809 -0.352243
0.230769 1.531915 -0.376896
0.230769 1.617021 -0.401548
0.230769 1.702128 -0.426200
0.230769 1.787234 -0.450852
0.230769 1.872340 -0.475505
0.230769 1.957447 -0.500157
0.230769 2.042553 -0.524809
0.230769 2.127660 -0.549462
0.230769 2.212766 -0.574114
0.230769 2.297872 -0.598766
0.230769 2.382979 -0.623418
0.230769 2.468085 -0.648071
0.230769 2.553191 -0.672723
0.230769 2.638298 -0.697375
0.230769 2.723404 -0.722028
0.230769 2.808511 -0.746680
0.230769 2.893617 -0.771332
0.230769 2.978723 -0.795984
0.230769 3.063830 -0.820637
0.230769 3.148936 -0.845289
0.230769 3.234043 -0.869941
0.230769 3.319149 -0.894594
0.230769 3.404255 -0.919246
0.230769 3.489362 -0.943898
0.230769 3.574468 -0.968550
0.230769 3.659574 -0.993203
0.230769 3.744681 -1.017855
0.230769 3.829787 -1.042507
0.230769 3.914894 -1.067160
0.230769 4.000000 0.000000
0.307692 0.000000 0.000000
0.307692 0.085106 0.064475
0.307692 0.170213 0.039823
0.307692 0.255319 0.015171
0.307692 0.340426 -0.009482
0.307692 0.425532 -0.034134
0.307692 0.510638 -0.058786
0.307692 0.595745 -0.083439
0.307692 0.680851 -0.108091
0.307692 0.765957 -0.132743
0.307692 0.851064 -0.157395
0.307692 0.936170 -0.182048
0.307692 1.021277 -0.206700
0.307692 1.106383 -0.231352
0.307692 1.191489 -0.256005
0.307692 1.276596 -0.280657
0.307692 1.361702 -0.305309
0.307692 1.446809 -0.329961
0.307692 1.531915 -0.354614
0.307692 1.617021 -0.379266
0.307692 1.702128 -0.403918
0.307692 1.787234 -0.428571
0.307692 1.872340 -0.453223
0.307692 1.957447 -0.477875
0.307692 2.042553 -0.502527
0.307692 2.127660 -0.527180
0.307692 2.212766 -0.551832
0.307692 2.297872 -0.576484
0.307692 2.382979 -0.601137
0.307692 2.468085 -0.625789
0.307692 2.553191 -0.650441
0.307692 2.638298 -0.675093
0.307692 2.723404 -0.699746
0.307692 2.808511 -0.724398
0.307692 2.893617 -0.749050
0.307692 2.978723 -0.773703
0.307692 3.063830 -0.798355
0.307692 3.148936 -0.823007
0.307692 3.234043 -0.847659
0.307692 3.319149 -0.872312
0.307692 3.404255 -0.896964
0.307692 3.489362 -0.921616
0.307692 3.574468 -0.946269
0.307692 3.659574 -0.970921
0.307692 3.744681 -0.995573
0.307692 3.829787 -1.020225
0.307692 3.914894 -1.044878
0.307692 4.000000 0.000000
0.384615 0.000000 0.000000
0.384615 0.085106 0.086757
0.384615 0.170213 0.062105
0.384615 0.255319 0.037453
0.384615 0.340426 0.012800
0.384615 0.425532 -0.011852
0.384615 0.510638 -0.036504
0.384615 0.595745 -0.061157
0.384615 0.680851 -0.085809
0.384615 0.765957 -0.110461
0.384615 0.851064 -0.135113
0.384615 0.936170 -0.159766
0.384615 1.021277 -0.184418
0.384615 1.106383 -0.209070
0.384615 1.191489 -0.233723
0.384615 1.276596 -0.258375
0.384615 1.361702 -0.283027
0.384615 1.446809 -0.307680
0.384615 1.531915 -0.332332
0.384615 1.617021 -0.356984
0.384615 1.702128 -0.381636
0.384615 1.787234 -0.406289
0.384615 1.872340 -0.430941
0.384615 1.957447 -0.455593
0.384615 2.042553 -0.480246
0.384615 2.127660 -0.504898
0.384615 2.212766 -0.529550
0.384615 2.297872 -0.554202
0.384615 2.382979 -0.578855
0.384615 2.468085 -0.603507
0.384615 2.553191 -0.628159
0.384615 2.638298 -0.652812
0.384615 2.723404 -0.677464
0.384615 2.808511 -0.702116
0.384615 2.893617 -0.726768
0.384615 2.978723 -0.751421
0.384615 3.063830 -0.776073
0.384615 3.148936 -0.800725
0.384615 3.234043 -0.825378
0.384615 3.319149 -0.850030
0.384615 3.404255 -0.874682
0.384615 3.489362 -0.899334
0.384615 3.574468 -0.923987
0.384615 3.659574 -0.948639
0.384615 3.744681 -0.973291
0.384615 3.829787 -0.997944
0.384615 3.914894 -1.022596
0.384615 4.000000 0.000000
0.461538 0.000000 0.000000
0.461538 0.085106 0.109039
0.461538 0.170213 0.084387
0.461538 0.255319 0.059734
0.461538 0.340426 0.035082
0.461538 0.425532 0.010430
0.461538 0.510638 -0.014222
0.461538 0.595745 -0.038875
0.461538 0.680851 -0.063527
0.461538 0.765957 -0.088179
0.461538 0.851064 -0.112832
0.461538 0.936170 -0.137484
0.461538 1.021277 -0.162136
0.461538 1.106383 -0.186788
0.461538 1.191489 -0.211441
0.461538 1.276596 -0.236093
0.461538 1.361702 -0.260745
0.461538 1.446809 -0.285398
0.461538 1.531915 -0.310050
0.461538 1.617021 -0.334702
0.461538 1.702128 -0.359355
0.461538 1.787234 -0.384007
0.461538 1.872340 -0.408659
0.461538 1.957447 -0.433311
0.461538 2.042553 -0.457964
0.461538 2.127660 -0.482616
0.461538 2.212766 -0.507268
0.461538 2.297872 -0.531921
0.461538 2.382979 -0.556573
0.461538 2.468085 -0.581225
0.461538 2.553191 -0.605877
0.461538 2.638298 -0.630530
0.461538 2.723404 -0.655182
0.461538 2.808511 -0.679834
0.461538 2.893617 -0.704487
0.461538 2.978723 -0.729139
0.461538 3.063830 -0.753791
0.461538 3.148936 -0.778443
0.461538 3.234043 -0.803096
0.461538 3.319149 -0.827748
0.461538 3.404255 -0.852400
0.461538 3.489362 -0.877053
0.461538 3.574468 -0.901705
0.461538 3.659574 -0.926357
0.461538 3.744681 -0.951009
0.461538 3.829787 -0.975662
0.461538 3.914894 -1.000314
0.461538 4.000000 0.000000
0.538462 0.000000 0.000000
0.538462 0.085106 0.131321
0.538462 0.170213 0.106669
0.538462 0.255319 0.082016
0.538462 0.340426 0.057364
0.538462 0.425532 0.032712
0.538462 0.510638 0.008059
0.538462 0.595745 -0.016593
0.538462 0.680851 -0.041245
0.538462 0.765957 -0.065897
0.538462 0.851064 -0.090550
0.538462 0.936170 -0.115202
0.538462 1.021277 -0.139854
0.538462 1.106383 -0.164507
0.538462 1.191489 -0.189159
0.538462 1.276596 -0.213811
0.538462 1.361702 -0.238463
0.538462 1.446809 -0.263116
0.538462 1.531915 -0.287768
0.538462 1.617021 -0.312420
0.538462 1.702128 -0.337073
0.538462 1.787234 -0.361725
0.538462 1.872340 -0.386377
0.538462 1.957447 -0.411029
0.538462 2.042553 -0.435682
0.538462 2.127660 -0.460334
0.538462 2.212766 -0.484986
0.538462 2.297872 -0.509639
0.538462 2.382979 -0.534291
0.538462 2.468085 -0.558943
0.538462 2.553191 -0.583596
0.538462 2.638298 -0.608248
0.538462 2.723404 -0.632900
0.538462 2.808511 -0.657552
0.538462 2.893617 -0.682205
0.538462 2.978723 -0.706857
0.538462 3.063830 -0.731509
0.538462 3.148936 -0.756162
0.538462 3.234043 -0.780814
0.538462 3.319149 -0.805466
0.538462 3.404255 -0.830118
0.538462 3.489362 -0.854771
0.538462 3.574468 -0.879423
0.538462 3.659574 -0.904075
0.538462 3.744681 -0.928728
0.538462 3.829787 -0.953380
0.538462 3.914894 -0.978032
0.538462 4.000000 0.000000
0.615385 0.000000 0.000000
0.615385 0.085106 0.153603
0.615385 0.170213 0.128950
0.615385 0.255319 0.104298
0.615385 0.340426 0.079646
0.615385 0.425532 0.054994
0.615385 0.510638 0.030341
0.615385 0.595745 0.005689
0.615385 0.680851 -0.018963
0.615385 0.765957 -0.043616
0.615385 0.851064 -0.068268
0.615385 0.936170 -0.092920
0.615385 1.021277 -0.117572
0.615385 1.106383 -0.142225
0.615385 1.191489 -0.166877
0.615385 1.276596 -0.191529
0.615385 1.361702 -0.216182
0.615385 1.446809 -0.240834
0.615385 1.531915 -0.265486
0.615385 1.617021 -0.290138
0.615385 1.702128 -0.314791
0.615385 1.787234 -0.339443
0.615385 1.872340 -0.364095
0.615385 1.957447 -0.388748
0.615385 2.042553 -0.413400
0.615385 2.127660 -0.438052
0.615385 2.212766 -0.462704
0.615385 2.297872 -0.487357
0.615385 2.382979 -0.512009
0.615385 2.468085 -0.536661
0.615385 2.553191 -0.561314
0.615385 2.638298 -0.585966
0.615385 2.723404 -0.610618
0.615385 2.808511 -0.635270
0.615385 2.893617 -0.659923
0.615385 2.978723 -0.684575
0.615385 3.063830 -0.709227
0.615385 3.148936 -0.733880
0.615385 3.234043 -0.758532
0.615385 3.319149 -0.783184
0.615385 3.404255 -0.807837
0.615385 3.489362 -0.832489
0.615385 3.574468 -0.857141
0.615385 3.659574 -0.881793
0.615385 3.744681 -0.906446
0.615385 3.829787 -0.931098
0.615385 3.914894 -0.955750
0.615385 4.000000 0.000000
0.692308 0.000000 0.000000
0.692308 0.085106 0.175885
0.692308 0.170213 0.151232
0.692308 0.255319 0.126580
0.692308 0.340426 0.101928
0.692308 0.425532 0.077275
0.692308 0.510638 0.052623
0.692308 0.595745 0.027971
0.692308 0.680851 0.003319
0.692308 0.765957 -0.021334
0.692308 0.851064 -0.045986
0.692308 0.936170 -0.070638
0.692308 1.021277 -0.095291
0.692308 1.106383 -0.119943
0.692308 1.191489 -0.144595
0.692308 1.276596 -0.169247
0.692308 1.361702 -0.193900
0.692308 1.446809 -0.218552
0.692308 1.531915 -0.243204
0.692308 1.617021 -0.267857
0.692308 1.702128 -0.292509
0.692308 1.787234 -0.317161
0.692308 1.872340 -0.341813
0.692308 1.957447 -0.366466
0.692308 2.042553 -0.391118
0.692308 2.127660 -0.415770
0.692308 2.212766 -0.440423
0.692308 2.297872 -0.465075
0.692308 2.382979 -0.489727
0.692308 2.468085 -0.514379
0.692308 2.553191 -0.539032
0.692308 2.638298 -0.563684
0.692308 2.723404 -0.588336
0.692308 2.808511 -0.612989
0.692308 2.893617 -0.637641
0.692308 2.978723 -0.662293
0.692308 3.063830 -0.686945
0.692308 3.148936 -0.711598
0.692308 3.234043 -0.736250
0.692308 3.319149 -0.760902
0.692308 3.404255 -0.785555
0.692308 3.489362 -0.810207
0.692308 3.574468 -0.834859
0.692308 3.659574 -0.859511
0.692308 3.744681 -0.884164
0.692308 3.829787 -0.908816
0.692308 3.914894 -0.933468
0.692308 4.000000 0.000000
0.769231 0.000000 0.000000
0.769231 0.085106 0.198166
0.769231 0.170213 0.173514
0.769231 0.255319 0.148862
0.769231 0.340426 0.124210
0.769231 0.425532 0.099557
0.769231 0.510638 0.074905
0.769231 0.595745 0.050253
0.769231 0.680851 0.025600
0.769231 0.765957 0.000948
0.769231 0.851064 -0.023704
0.769231 0.936170 -0.048356
0.769231 1.021277 -0.073009
0.769231 1.106383 -0.097661
0.769231 1.191489 -0.122313
0.769231 1.276596 -0.146966
0.769231 1.361702 -0.171618
0.769231 1.446809 -0.196270
0.769231 1.531915 -0.220922
0.769231 1.617021 -0.245575
0.769231 1.702128 -0.270227
0.769231 1.787234 -0.294879
0.769231 1.872340 -0.319532
0.769231 1.957447 -0.344184
0.769231 2.042553 -0.368836
0.769231 2.127660 -0.393488
0.769231 2.212766 -0.418141
0.769231 2.297872 -0.442793
0.769231 2.382979 -0.467445
0.769231 2.468085 -0.492098
0.769231 2.553191 -0.516750
0.769231 2.638298 -0.541402
0.769231 2.723404 -0.566054
0.769231 2.808511 -0.590707
0.769231 2.893617 -0.615359
0.769231 2.978723 -0.640011
0.769231 3.063830 -0.664664
0.769231 3.148936 -0.689316
0.769231 3.234043 -0.713968
0.769231 3.319149 -0.738620
0.769231 3.404255 -0.763273
0.769231 3.489362 -0.787925
0.769231 3.574468 -0.812577
0.769231 3.659574 -0.837230
0.769231 3.744681 -0.861882
0.769231 3.829787 -0.886534
0.769231 3.914894 -0.911186
0.769231 4.000000 0.000000
0.846154 0.000000 0.000000
0.846154 0.085106 0.220448
0.846154 0.170213 0.195796
0.846154 0.255319 0.171144
0.846154 0.340426 0.146491
0.846154 0.425532 0.121839
0.846154 0.510638 0.097187
0.846154 0.595745 0.072535
0.846154 0.680851 0.047882
0.846154 0.765957 0.023230
0.846154 0.851064 -0.001422
0.846154 0.936170 -0.026075
0.846154 1.021277 -0.050727
0.846154 1.106383 -0.075379
0.846154 1.191489 -0.100031
0.846154 1.276596 -0.124684
0.846154 1.361702 -0.149336
0.846154 1.446809 -0.173988
0.846154 1.531915 -0.198641
0.846154 1.617021 -0.223293
0.846154 1.702128 -0.247945
0.846154 1.787234 -0.272597
0.846154 1.872340 -0.297250
0.846154 1.957447 -0.321902
0.846154 2.042553 -0.346554
0.846154 2.127660 -0.371207
0.846154 2.212766 -0.395859
0.846154 2.297872 -0.420511
0.846154 2.382979 -0.445163
0.846154 2.468085 -0.469816
0.846154 2.553191 -0.494468
0.846154 2.638298 -0.519120
0.846154 2.723404 -0.543773
0.846154 2.808511 -0.568425
0.846154 2.893617 -0.593077
0.846154 2.978723 -0.617729
0.846154 3.063830 -0.642382
0.846154 3.148936 -0.667034
0.846154 3.234043 -0.691686
0.846154 3.319149 -0.716339
0.846154 3.404255 -0.740991
0.846154 3.489362 -0.765643
0.846154 3.574468 -0.790295
0.846154 3.659574 -0.814948
0.846154 3.744681 -0.839600
0.846154 3.829787 -0.864252
0.846154 3.914894 -0.888905
0.846154 4.000000 0.000000
0.923077 0.000000 0.000000
0.923077 0.085106 0.242730
0.923077 0.170213 0.218078
0.923077 0.255319 0.193426
0.923077 0.340426 0.168773
0.923077 0.425532 0.144121
0.923077 0.510638 0.119469
0.923077 0.595745 0.094816
0.923077 0.680851 0.070164
0.923077 0.765957 0.045512
0.923077 0.851064 0.020860
0.923077 0.936170 -0.003793
0.923077 1.021277 -0.028445
0.923077 1.106383 -0.053097
0.923077 1.191489 -0.077750
0.923077 1.276596 -0.102402
0.923077 1.361702 -0.127054
0.923077 1.446809 -0.151706
0.923077 1.531915 -0.176359
0.923077 1.617021 -0.201011
0.923077 1.702128 -0.225663
0.923077 1.787234 -0.250316
0.923077 1.872340 -0.274968
0.923077 1.957447 -0.299620
0.923077 2.042553 -0.324272
0.923077 2.127660 -0.348925
0.923077 2.212766 -0.373577
0.923077 2.297872 -0.398229
0.923077 2.382979 -0.422882
0.923077 2.468085 -0.447534
0.923077 2.553191 -0.472186
0.923077 2.638298 -0.496838
0.923077 2.723404 -0.521491
0.923077 2.808511 -0.546143
0.923077 2.893617 -0.570795
0.923077 2.978723 -0.595448
0.923077 3.063830 -0.620100
0.923077 3.148936 -0.644752
0.923077 3.234043 -0.669404
0.923077 3.319149 -0.694057
0.923077 3.404255 -0.718709
0.923077 3.489362 -0.743361
0.923077 3.574468 -0.768014
0.923077 3.659574 -0.792666
0.923077 3.744681 -0.817318
0.923077 3.829787 -0.841970
0.923077 3.914894 -0.866623
0.923077 4.000000 0.000000
1.000000 0.000000 0.000000
1.000000 0.085106 0.265012
1.000000 0.170213 0.240360
1.000000 0.255319 0.215708
1.000000 0.340426 0.191055
1.000000 0.425532 0.166403
1.000000 0.510638 0.141751
1.000000 0.595745 0.117098
1.000000 0.680851 0.092446
1.000000 0.765957 0.067794
1.000000 0.851064 0.043142
1.000000 0.936170 0.018489
1.000000 1.021277 -0.006163
1.000000 1.106383 -0.030815
1.000000 1.191489 -0.055468
1.000000 1.276596 -0.080120
1.000000 1.361702 -0.104772
1.000000 1.446809 -0.129425
1.000000 1.531915 -0.154077
1.000000 1.617021 -0.178729
1.000000 1.702128 -0.203381
1.000000 1.787234 -0.228034
1.000000 1.872340 -0.252686
1.000000 1.957447 -0.277338
1.000000 2.042553 -0.301991
1.000000 2.127660 -0.326643
1.000000 2.212766 -0.351295
1.000000 2.297872 -0.375947
1.000000 2.382979 -0.400600
1.000000 2.468085 -0.425252
1.000000 2.553191 -0.449904
1.000000 2.638298 -0.474557
1.000000 2.723404 -0.499209
1.000000 2.808511 -0.523861
1.000000 2.893617 -0.548513
1.000000 2.978723 -0.573166
1.000000 3.063830 -0.597818
1.000000 3.148936 -0.622470
1.000000 3.234043 -0.647123
1.000000 3.319149 -0.671775
1.000000 3.404255 -0.696427
1.000000 3.489362 -0.721079
1.000000 3.574468 -0.745732
1.000000 3.659574 -0.770384
1.000000 3.744681 -0.795036
1.000000 3.829787 -0.819689
1.000000 3.914894 -0.844341
1.000000 4.000000 0.000000
1.076923 0.000000 0.000000
1.076923 0.085106 0.287294
1.076923 0.170213 0.262642
1.076923 0.255319 0.237989
1.076923 0.340426 0.213337
1.076923 0.425532 0.188685
1.076923 0.510638 0.164033
1.076923 0.595745 0.139380
1.076923 0.680851 0.114728
1.076923 0.765957 0.090076
1.076923 0.851064 0.065423
1.076923 0.936170 0.040771
1.076923 1.021277 0.016119
1.076923 1.106383 -0.008533
1.076923 1.191489 -0.033186
1.076923 1.276596 -0.057838
1.076923 1.361702 -0.082490
1.076923 1.446809 -0.107143
1.076923 1.531915 -0.131795
1.076923 1.617021 -0.156447
1.076923 1.702128 -0.181099
1.076923 1.787234 -0.205752
1.076923 1.872340 -0.230404
1.076923 1.957447 -0.255056
1.076923 2.042553 -0.279709
1.076923 2.127660 -0.304361
1.076923 2.212766 -0.329013
1.076923 2.297872 -0.353666
1.076923 2.382979 -0.378318
1.076923 2.468085 -0.402970
1.076923 2.553191 -0.427622
1.076923 2.638298 -0.452275
1.076923 2.723404 -0.476927
1.076923 2.808511 -0.501579
1.076923 2.893617 -0.526232
1.076923 2.978723 -0.550884
1.076923 3.063830 -0.575536
1.076923 3.148936 -0.600188
1.076923 3.234043 -0.624841
1.076923 3.319149 -0.649493
1.076923 3.404255 -0.674145
1.076923 3.489362 -0.698798
1.076923 3.574468 -0.723450
1.076923 3.659574 -0.748102
1.076923 3.744681 -0.772754
1.076923 3.829787 -0.797407
1.076923 3.914894 -0.822059
1.076923 4.000000 0.000000
1.153846 0.000000 0.000000
1.153846 0.085106 0.309576
1.153846 0.170213 0.284924
1.153846 0.255319 0.260271
1.153846 0.340426 0.235619
1.153846 0.425532 0.210967
1.153846 0.510638 0.186314
1.153846 0.595745 0.161662
1.153846 0.680851 0.137010
1.153846 0.765957 0.112358
1.153846 0.851064 0.087705
1.153846 0.936170 0.063053
1.153846 1.021277 0.038401
1.153846 1.106383 0.013748
1.153846 1.191489 -0.010904
1.153846 1.276596 -0.035556
1.153846 1.361702 -0.060208
1.153846 1.446809 -0.084861
1.153846 1.531915 -0.109513
1.153846 1.617021 -0.134165
1.153846 1.702128 -0.158818
1.153846 1.787234 -0.183470
1.153846 1.872340 -0.208122
1.153846 1.957447 -0.232774
1.153846 2.042553 -0.257427
1.153846 2.127660 -0.282079
1.153846 2.212766 -0.306731
1.153846 2.297872 -0.331384
1.153846 2.382979 -0.356036
1.153846 2.468085 -0.380688
1.153846 2.553191 -0.405340
1.153846 2.638298 -0.429993
1.153846 2.723404 -0.454645
1.153846 2.808511 -0.479297
1.153846 2.893617 -0.503950
1.153846 2.978723 -0.528602
1.153846 3.063830 -0.553254
1.153846 3.148936 -0.577907
1.153846 3.234043 -0.602559
1.153846 3.319149 -0.627211
1.153846 3.404255 -0.651863
1.153846 3.489362 -0.676516
1.153846 3.574468 -0.701168
1.153846 3.659574 -0.725820
1.153846 3.744681 -0.750473
1.153846 3.829787 -0.775125
1.153846 3.914894 -0.799777
1.153846 4.000000 0.000000
1.230769 0.000000 0.000000
1.230769 0.085106 0.331858
1.230769 0.170213 0.307205
1.230769 0.255319 0.282553
1.230769 0.340426 0.257901
1.230769 0.425532 0.233249
1.230769 0.510638 0.208596
1.230769 0.595745 0.183944
1.230769 0.680851 0.159292
1.230769 0.765957 0.134639
1.230769 0.851064 0.109987
1.230769 0.936170 0.085335
1.230769 1.021277 0.060683
1.230769 1.106383 0.036030
1.230769 1.191489 0.011378
1.230769 1.276596 -0.013274
1.230769 1.361702 -0.037927
1.230769 1.446809 -0.062579
1.230769 1.531915 -0.087231
1.230769 1.617021 -0.111883
1.230769 1.702128 -0.136536
1.230769 1.787234 -0.161188
1.230769 1.872340 -0.185840
1.230769 1.957447 -0.210493
1.230769 2.042553 -0.235145
1.230769 2.127660 -0.259797
1.230769 2.212766 -0.284449
1.230769 2.297872 -0.309102
1.230769 2.382979 -0.333754
1.230769 2.468085 -0.358406
1.230769 2.553191 -0.383059
1.230769 2.638298 -0.407711
1.230769 2.723404 -0.432363
1.230769 2.808511 -0.457015
1.230769 2.893617 -0.481668
1.230769 2.978723 -0.506320
1.230769 3.063830 -0.530972
1.230769 3.148936 -0.555625
1.230769 3.234043 -0.580277
1.230769 3.319149 -0.604929
1.230769 3.404255 -0.629581
1.230769 3.489362 -0.654234
1.230769 3.574468 -0.678886
1.230769 3.659574 -0.703538
1.230769 3.744681 -0.728191
1.230769 3.829787 -0.752843
1.230769 3.914894 -0.777495
1.230769 4.000000 0.000000
1.307692 0.000000 0.000000
1.307692 0.085106 0.354140
1.307692 0.170213 0.329487
1.307692 0.255319 0.304835
1.307692 0.340426 0.280183
1.307692 0.425532 0.255530
1.307692 0.510638 0.230878
1.307692 0.595745 0.206226
1.307692 0.680851 0.181574
1.307692 0.765957 0.156921
1.307692 0.851064 0.132269
1.307692 0.936170 0.107617
1.307692 1.021277 0.082964
1.307692 1.106383 0.058312
1.307692 1.191489 0.033660
1.307692 1.276596 0.009008
1.307692 1.361702 -0.015645
1.307692 1.446809 -0.040297
1.307692 1.531915 -0.064949
1.307692 1.617021 -0.089602
1.307692 1.702128 -0.114254
1.307692 1.787234 -0.138906
1.307692 1.872340 -0.163558
1.307692 1.957447 -0.188211
1.307692 2.042553 -0.212863
1.307692 2.127660 -0.237515
1.307692 2.212766 -0.262168
1.307692 2.297872 -0.286820
1.307692 2.382979 -0.311472
1.307692 2.468085 -0.336124
1.307692 2.553191 -0.360777
1.307692 2.638298 -0.385429
1.307692 2.723404 -0.410081
1.307692 2.808511 -0.434734
1.307692 2.893617 -0.459386
1.307692 2.978723 -0.484038
1.307692 3.063830 -0.508690
1.307692 3.148936 -0.533343
1.307692 3.234043 -0.557995
1.307692 3.319149 -0.582647
1.307692 3.404255 -0.607300
1.307692 3.489362 -0.631952
1.307692 3.574468 -0.656604
1.307692 3.659574 -0.681256
1.307692 3.744681 -0.705909
1.307692 3.829787 -0.730561
1.307692 3.914894 -0.755213
1.307692 4.000000 0.000000
1.384615 0.000000 0.000000
1.384615 0.085106 0.376421
1.384615 0.170213 0.351769
1.384615 0.255319 0.327117
1.384615 0.340426 0.302465
1.384615 0.425532 0.277812
1.384615 0.510638 0.253160
1.384615 0.595745 0.228508
1.384615 0.680851 0.203855
1.384615 0.765957 0.179203
1.384615 0.851064 0.154551
1.384615 0.936170 0.129899
1.384615 1.021277 0.105246
1.384615 1.106383 0.080594
1.384615 1.191489 0.055942
1.384615 1.276596 0.031289
1.384615 1.361702 0.006637
1.384615 1.446809 -0.018015
1.384615 1.531915 -0.042667
1.384615 1.617021 -0.067320
1.384615 1.702128 -0.091972
1.384615 1.787234 -0.116624
1.384615 1.872340 -0.141277
1.384615 1.957447 -0.165929
1.384615 2.042553 -0.190581
1.384615 2.127660 -0.215233
1.384615 2.212766 -0.239886
1.384615 2.297872 -0.264538
1.384615 2.382979 -0.289190
1.384615 2.468085 -0.313843
1.384615 2.553191 -0.338495
1.384615 2.638298 -0.363147
1.384615 2.723404 -0.387799
1.384615 2.808511 -0.412452
1.384615 2.893617 -0.437104
1.384615 2.978723 -0.461756
1.384615 3.063830 -0.486409
1.384615 3.148936 -0.511061
1.384615 3.234043 -0.535713
1.384615 3.319149 -0.560365
1.384615 3.404255 -0.585018
1.384615 3.489362 -0.609670
1.384615 3.574468 -0.634322
1.384615 3.659574 -0.658975
1.384615 3.744681 -0.683627
1.384615 3.829787 -0.708279
1.384615 3.914894 -0.732931
1.384615 4.000000 0.000000
1.461538 0.000000 0.000000
1.461538 0.085106 0.398703
1.461538 0.170213 0.374051
1.461538 0.255319 0.349399
1.461538 0.340426 0.324746
1.461538 0.425532 0.300094
1.461538 0.510638 0.275442
1.461538 0.595745 0.250790
1.461538 0.680851 0.226137
1.461538 0.765957 0.201485
1.461538 0.851064 0.176833
1.461538 0.936170 0.152180
1.461538 1.021277 0.127528
1.461538 1.106383 0.102876
1.461538 1.191489 0.078224
1.461538 1.276596 0.053571
1.461538 1.361702 0.028919
1.461538 1.446809 0.004267
1.461538 1.531915 -0.020386
1.461538 1.617021 -0.045038
1.461538 1.702128 -0.069690
1.461538 1.787234 -0.094342
1.461538 1.872340 -0.118995
1.461538 1.957447 -0.143647
1.461538 2.042553 -0.168299
1.461538 2.127660 -0.192952
1.461538 2.212766 -0.217604
1.461538 2.297872 -0.242256
1.461538 2.382979 -0.266908
1.461538 2.468085 -0.291561
1.461538 2.553191 -0.316213
1.461538 2.638298 -0.340865
1.461538 2.723404 -0.365518
1.461538 2.808511 -0.390170
1.461538 2.893617 -0.414822
1.461538 2.978723 -0.439474
1.461538 3.063830 -0.464127
1.461538 3.148936 -0.488779
1.461538 3.234043 -0.513431
1.461538 3.319149 -0.538084
1.461538 3.404255 -0.562736
1.461538 3.489362 -0.587388
1.461538 3.574468 -0.612040
1.461538 3.659574 -0.636693
1.461538 3.744681 -0.661345
1.461538 3.829787 -0.685997
1.461538 3.914894 -0.710650
1.461538 4.000000 0.000000
1.538462 0.000000 0.000000
1.538462 0.085106 0.420985
1.538462 0.170213 0.396333
1.538462 0.255319 0.371681
1.538462 0.340426 0.347028
1.538462 0.425532 0.322376
1.538462 0.510638 0.297724
1.538462 0.595745 0.273071
1.538462 0.680851 0.248419
1.538462 0.765957 0.223767
1.538462 0.851064 0.199115
1.538462 0.936170 0.174462
1.538462 1.021277 0.149810
1.538462 1.106383 0.125158
1.538462 1.191489 0.100505
1.538462 1.276596 0.075853
1.538462 1.361702 0.051201
1.538462 1.446809 0.026549
1.538462 1.531915 0.001896
1.538462 1.617021 -0.022756
1.538462 1.702128 -0.047408
1.538462 1.787234 -0.072061
1.538462 1.872340 -0.096713
1.538462 1.957447 -0.121365
1.538462 2.042553 -0.146017
1.538462 2.127660 -0.170670
1.538462 2.212766 -0.195322
1.538462 2.297872 -0.219974
1.538462 2.382979 -0.244627
1.538462 2.468085 -0.269279
1.538462 2.553191 -0.293931
1.538462 2.638298 -0.318583
1.538462 2.723404 -0.343236
1.538462 2.808511 -0.367888
1.538462 2.893617 -0.392540
1.538462 2.978723 -0.417193
1.538462 3.063830 -0.441845
1.538462 3.148936 -0.466497
1.538462 3.234043 -0.491149
1.538462 3.319149 -0.515802
1.538462 3.404255 -0.540454
1.538462 3.489362 -0.565106
1.538462 3.574468 -0.589759
1.538462 3.659574 -0.614411
1.538462 3.744681 -0.639063
1.538462 3.829787 -0.663715
1.538462 3.914894 -0.688368
1.538462 4.000000 0.000000
1.615385 0.000000 0.000000
1.615385 0.085106 0.443267
1.615385 0.170213 0.418615
1.615385 0.255319 0.393963
1.615385 0.340426 0.369310
1.615385 0.425532 0.344658
1.615385 0.510638 0.320006
1.615385 0.595745 0.295353
1.615385 0.680851 0.270701
1.615385 0.765957 0.246049
1.615385 0.851064 0.221397
1.615385 0.936170 0.196744
1.615385 1.021277 0.172092
1.615385 1.106383 0.147440
1.615385 1.191489 0.122787
1.615385 1.276596 0.098135
1.615385 1.361702 0.073483
1.615385 1.446809 0.048830
1.615385 1.531915 0.024178
1.615385 1.617021 -0.000474
1.615385 1.702128 -0.025126
1.615385 1.787234 -0.049779
1.615385 1.872340 -0.074431
1.615385 1.957447 -0.099083
1.615385 2.042553 -0.123736
1.615385 2.127660 -0.148388
1.615385 2.212766 -0.173040
1.615385 2.297872 -0.197692
1.615385 2.382979 -0.222345
1.615385 2.468085 -0.246997
1.615385 2.553191 -0.271649
1.615385 2.638298 -0.296302
1.615385 2.723404 -0.320954
1.615385 2.808511 -0.345606
1.615385 2.893617 -0.370258
1.615385 2.978723 -0.394911
1.615385 3.063830 -0.419563
1.615385 3.148936 -0.444215
1.615385 3.234043 -0.468868
1.615385 3.319149 -0.493520
1.615385 3.404255 -0.518172
1.615385 3.489362 -0.542824
1.615385 3.574468 -0.567477
1.615385 3.659574 -0.592129
1.615385 3.744681 -0.616781
1.615385 3.829787 -0.641434
1.615385 3.914894 -0.666086
1.615385 4.000000 0.000000
1.692308 0.000000 0.000000
1.692308 0.085106 0.465549
1.692308 0.170213 0.440897
1.692308 0.255319 0.416244
1.692308 0.340426 0.391592
1.692308 0.425532 0.366940
1.692308 0.510638 0.342288
1.692308 0.595745 0.317635
1.692308 0.680851 0.292983
1.692308 0.765957 0.268331
1.692308 0.851064 0.243678
1.692308 0.936170 0.219026
1.692308 1.021277 0.194374
1.692308 1.106383 0.169722
1.692308 1.191489 0.145069
1.692308 1.276596 0.120417
1.692308 1.361702 0.095765
1.692308 1.446809 0.071112
1.692308 1.531915 0.046460
1.692308 1.617021 0.021808
1.692308 1.702128 -0.002844
1.692308 1.787234 -0.027497
1.692308 1.872340 -0.052149
1.692308 1.957447 -0.076801
1.692308 2.042553 -0.101454
1.692308 2.127660 -0.126106
1.692308 2.212766 -0.150758
1.692308 2.297872 -0.175411
1.692308 2.382979 -0.200063
1.692308 2.468085 -0.224715
1.692308 2.553191 -0.249367
1.692308 2.638298 -0.274020
1.692308 2.723404 -0.298672
1.692308 2.808511 -0.323324
1.692308 2.893617 -0.347977
1.692308 2.978723 -0.372629
1.692308 3.063830 -0.397281
1.692308 3.148936 -0.421933
1.692308 3.234043 -0.446586
1.692308 3.319149 -0.471238
1.692308 3.404255 -0.495890
1.692308 3.489362 -0.520543
1.692308 3.574468 -0.545195
1.692308 3.659574 -0.569847
1.692308 3.744681 -0.594499
1.692308 3.829787 -0.619152
1.692308 3.914894 -0.643804
1.692308 4.000000 0.000000
1.769231 0.000000 0.000000
1.769231 0.085106 0.487831
1.769231 0.170213 0.463179
1.769231 0.255319 0.438526
1.769231 0.340426 0.413874
1.769231 0.425532 0.389222
1.769231 0.510638 0.364569
1.769231 0.595745 0.339917
1.769231 0.680851 0.315265
1.769231 0.765957 0.290613
1.769231 0.851064 0.265960
1.769231 0.936170 0.241308
1.769231 1.021277 0.216656
1.769231 1.106383 0.192003
1.769231 1.191489 0.167351
1.769231 1.276596 0.142699
1.769231 1.361702 0.118047
1.769231 1.446809 0.093394
1.769231 1.531915 0.068742
1.769231 1.617021 0.044090
1.769231 1.702128 0.019437
1.769231 1.787234 -0.005215
1.769231 1.872340 -0.029867
1.769231 1.957447 -0.054519
1.769231 2.042553 -0.079172
1.769231 2.127660 -0.103824
1.769231 2.212766 -0.128476
1.769231 2.297872 -0.153129
1.769231 2.382979 -0.177781
1.769231 2.468085 -0.202433
1.769231 2.553191 -0.227085
1.769231 2.638298 -0.251738
1.769231 2.723404 -0.276390
1.769231 2.808511 -0.301042
1.769231 2.893617 -0.325695
1.769231 2.978723 -0.350347
1.769231 3.063830 -0.374999
1.769231 3.148936 -0.399652
1.769231 3.234043 -0.424304
1.769231 3.319149 -0.448956
1.769231 3.404255 -0.473608
1.769231 3.489362 -0.498261
1.769231 3.574468 -0.522913
1.769231 3.659574 -0.547565
1.769231 3.744681 -0.572218
1.769231 3.829787 -0.596870
1.769231 3.914894 -0.621522
1.769231 4.000000 0.000000
1.846154 0.000000 0.000000
1.846154 0.085106 0.510113
1.846154 0.170213 0.485460
1.846154 0.255319 0.460808
1.846154 0.340426 0.436156
1.846154 0.425532 0.411504
1.846154 0.510638 0.386851
1.846154 0.595745 0.362199
1.846154 0.680851 0.337547
1.846154 0.765957 0.312894
1.846154 0.851064 0.288242
1.846154 0.936170 0.263590
1.846154 1.021277 0.238938
1.846154 1.106383 0.214285
1.846154 1.191489 0.189633
1.846154 1.276596 0.164981
1.846154 1.361702 0.140328
1.846154 1.446809 0.115676
1.846154 1.531915 0.091024
1.846154 1.617021 0.066372
1.846154 1.702128 0.041719
1.846154 1.787234 0.017067
1.846154 1.872340 -0.007585
1.846154 1.957447 -0.032238
1.846154 2.042553 -0.056890
1.846154 2.127660 -0.081542
1.846154 2.212766 -0.106194
1.846154 2.297872 -0.130847
1.846154 2.382979 -0.155499
1.846154 2.468085 -0.180151
1.846154 2.553191 -0.204804
1.846154 2.638298 -0.229456
1.846154 2.723404 -0.254108
1.846154 2.808511 -0.278760
1.846154 2.893617 -0.303413
1.846154 2.978723 -0.328065
1.846154 3.063830 -0.352717
1.846154 3.148936 -0.377370
1.846154 3.234043 -0.402022
1.846154 3.319149 -0.426674
1.846154 3.404255 -0.451326
1.846154 3.489362 -0.475979
1.846154 3.574468 -0.500631
1.846154 3.659574 -0.525283
1.846154 3.744681 -0.549936
1.846154 3.829787 -0.574588
1.846154 3.914894 -0.599240
1.846154 4.000000 0.000000
1.923077 0.000000 0.000000
1.923077 0.085106 0.532395
1.923077 0.170213 0.507742
1.923077 0.255319 0.483090
1.923077 0.340426 0.458438
1.923077 0.425532 0.433785
1.923077 0.510638 0.409133
1.923077 0.595745 0.384481
1.923077 0.680851 0.359829
1.923077 0.765957 0.335176
1.923077 0.851064 0.310524
1.923077 0.936170 0.285872
1.923077 1.021277 0.261219
1.923077 1.106383 0.236567
1.923077 1.191489 0.211915
1.923077 1.276596 0.187263
1.923077 1.361702 0.162610
1.923077 1.446809 0.137958
1.923077 1.531915 0.113306
1.923077 1.617021 0.088653
1.923077 1.702128 0.064001
1.923077 1.787234 0.039349
1.923077 1.872340 0.014697
1.923077 1.957447 -0.009956
1.923077 2.042553 -0.034608
1.923077 2.127660 -0.059260
1.923077 2.212766 -0.083913
1.923077 2.297872 -0.108565
1.923077 2.382979 -0.133217
1.923077 2.468085 -0.157869
1.923077 2.553191 -0.182522
1.923077 2.638298 -0.207174
1.923077 2.723404 -0.231826
1.923077 2.808511 -0.256479
1.923077 2.893617 -0.281131
1.923077 2.978723 -0.305783
1.923077 3.063830 -0.330435
1.923077 3.148936 -0.355088
1.923077 3.234043 -0.379740
1.923077 3.319149 -0.404392
1.923077 3.404255 -0.429045
1.923077 3.489362 -0.453697
1.923077 3.574468 -0.478349
1.923077 3.659574 -0.503001
1.923077 3.744681 -0.527654
1.923077 3.829787 -0.552306
1.923077 3.914894 -0.576958
1.923077 4.000000 0.000000
2.000000 0.000000 0.000000
2.000000 0.085106 0.554676
2.000000 0.170213 0.530024
2.000000 0.255319 0.505372
2.000000 0.340426 0.480720
2.000000 0.425532 0.456067
2.000000 0.510638 0.431415
2.000000 0.595745 0.406763
2.000000 0.680851 0.382110
2.000000 0.765957 0.357458
2.000000 0.851064 0.332806
2.000000 0.936170 0.308154
2.000000 1.021277 0.283501
2.000000 1.106383 0.258849
2.000000 1.191489 0.234197
2.000000 1.276596 0.209544
2.000000 1.361702 0.184892
2.000000 1.446809 0.160240
2.000000 1.531915 0.135588
2.000000 1.617021 0.110935
2.000000 1.702128 0.086283
2.000000 1.787234 0.061631
2.000000 1.872340 0.036978
2.000000 1.957447 0.012326
2.000000 2.042553 -0.012326
2.000000 2.127660 -0.036978
2.000000 2.212766 -0.061631
2.000000 2.297872 -0.086283
2.000000 2.382979 -0.110935
2.000000 2.468085 -0.135588
2.000000 2.553191 -0.160240
2.000000 2.638298 -0.184892
2.000000 2.723404 -0.209544
2.000000 2.808511 -0.234197
2.000000 2.893617 -0.258849
2.000000 2.978723 -0.283501
2.000000 3.063830 -0.308154
2.000000 3.148936 -0.332806
2.000000 3.234043 -0.357458
2.000000 3.319149 -0.382110
2.000000 3.404255 -0.406763
2.000000 3.489362 -0.431415
2.000000 3.574468 -0.456067
2.000000 3.659574 -0.480720
2.000000 3.744681 -0.505372
2.000000 3.829787 -0.530024
2.000000 3.914894 -0.554676
2.000000 4.000000 0.000000
2.076923 0.000000 0.000000
2.076923 0.085106 0.576958
2.076923 0.170213 0.552306
2.076923 0.255319 0.527654
2.076923 0.340426 0.503001
2.076923 0.425532 0.478349
2.076923 0.510638 0.453697
2.076923 0.595745 0.429045
2.076923 0.680851 0.404392
2.076923 0.765957 0.379740
2.076923 0.851064 0.355088
2.076923 0.936170 0.330435
2.076923 1.021277 0.305783
2.076923 1.106383 0.281131
2.076923 1.191489 0.256479
2.076923 1.276596 0.231826
2.076923 1.361702 0.207174
2.076923 1.446809 0.182522
2.076923 1.531915 0.157869
2.076923 1.617021 0.133217
2.076923 1.702128 0.108565
2.076923 1.787234 0.083913
2.076923 1.872340 0.059260
2.076923 1.957447 0.034608
2.076923 2.042553 0.009956
2.076923 2.127660 -0.014697
2.076923 2.212766 -0.039349
2.076923 2.297872 -0.064001
2.076923 2.382979 -0.088653
2.076923 2.468085 -0.113306
2.076923 2.553191 -0.137958
2.076923 2.638298 -0.162610
2.076923 2.723404 -0.187263
2.076923 2.808511 -0.211915
2.076923 2.893617 -0.236567
2.076923 2.978723 -0.261219
2.076923 3.063830 -0.285872
2.076923 3.148936 -0.310524
2.076923 3.234043 -0.335176
2.076923 3.319149 -0.359829
2.076923 3.404255 -0.384481
2.076923 3.489362 -0.409133
2.076923 3.574468 -0.433785
2.076923 3.659574 -0.458438
2.076923 3.744681 -0.483090
2.076923 3.829787 -0.507742
2.076923 3.914894 -0.532395
2.076923 4.000000 0.000000
2.153846 0.000000 0.000000
2.153846 0.085106 0.599240
2.153846 0.170213 0.574588
2.153846 0.255319 0.549936
2.153846 0.340426 0.525283
2.153846 0.425532 0.500631
2.153846 0.510638 0.475979
2.153846 0.595745 0.451326
2.153846 0.680851 0.426674
2.153846 0.765957 0.402022
2.153846 0.851064 0.377370
2.153846 0.936170 0.352717
2.153846 1.021277 0.328065
2.153846 1.106383 0.303413
2.153846 1.191489 0.278760
2.153846 1.276596 0.254108
2.153846 1.361702 0.229456
2.153846 1.446809 0.204804
2.153846 1.531915 0.180151
2.153846 1.617021 0.155499
2.153846 1.702128 0.130847
2.153846 1.787234 0.106194
2.153846 1.872340 0.081542
2.153846 1.957447 0.056890
2.153846 2.042553 0.032238
2.153846 2.127660 0.007585
2.153846 2.212766 -0.017067
2.153846 2.297872 -0.041719
2.153846 2.382979 -0.066372
2.153846 2.468085 -0.091024
2.153846 2.553191 -0.115676
2.153846 2.638298 -0.140328
2.153846 2.723404 -0.164981
2.153846 2.808511 -0.189633
2.153846 2.893617 -0.214285
2.153846 2.978723 -0.238938
2.153846 3.063830 -0.263590
2.153846 3.148936 -0.288242
2.153846 3.234043 -0.312894
2.153846 3.319149 -0.337547
2.153846 3.404255 -0.362199
2.153846 3.489362 -0.386851
2.153846 3.574468 -0.411504
2.153846 3.659574 -0.436156
2.153846 3.744681 -0.460808
2.153846 3.829787 -0.485460
2.153846 3.914894 -0.510113
2.153846 4.000000 0.000000
2.230769 0.000000 0.000000
2.230769 0.085106 0.621522
2.230769 0.170213 0.596870
2.230769 0.255319 0.572218
2.230769 0.340426 0.547565
2.230769 0.425532 0.522913
2.230769 0.510638 0.498261
2.230769 0.595745 0.473608
2.230769 0.680851 0.448956
2.230769 0.765957 0.424304
2.230769 0.851064 0.399652
2.230769 0.936170 0.374999
2.230769 1.021277 0.350347
2.230769 1.106383 0.325695
2.230769 1.191489 0.301042
2.230769 1.276596 0.276390
2.230769 1.361702 0.251738
2.230769 1.446809 0.227085
2.230769 1.531915 0.202433
2.230769 1.617021 0.177781
2.230769 1.702128 0.153129
2.230769 1.787234 0.128476
2.230769 1.872340 0.103824
2.230769 1.957447 0.079172
2.230769 2.042553 0.054519
2.230769 2.127660 0.029867
2.230769 2.212766 0.005215
2.230769 2.297872 -0.019437
2.230769 2.382979 -0.044090
2.230769 2.468085 -0.068742
2.230769 2.553191 -0.093394
2.230769 2.638298 -0.118047
2.230769 2.723404 -0.142699
2.230769 2.808511 -0.167351
2.230769 2.893617 -0.192003
2.230769 2.978723 -0.216656
2.230769 3.063830 -0.241308
2.230769 3.148936 -0.265960
2.230769 3.234043 -0.290613
2.230769 3.319149 -0.315265
2.230769 3.404255 -0.339917
2.230769 3.489362 -0.364569
2.230769 3.574468 -0.389222
2.230769 3.659574 -0.413874
2.230769 3.744681 -0.438526
2.230769 3.829787 -0.463179
2.230769 3.914894 -0.487831
2.230769 4.000000 0.000000
2.307692 0.000000 0.000000
2.307692 0.085106 0.643804
2.307692 0.170213 0.619152
2.307692 0.255319 0.594499
2.307692 0.340426 0.569847
2.307692 0.425532 0.545195
2.307692 0.510638 0.520543
2.307692 0.595745 0.495890
2.307692 0.680851 0.471238
2.307692 0.765957 0.446586
2.307692 0.851064 0.421933
2.307692 0.936170 0.397281
2.307692 1.021277 0.372629
2.307692 1.106383 0.347977
2.307692 1.191489 0.323324
2.307692 1.276596 0.298672
2.307692 1.361702 0.274020
2.307692 1.446809 0.249367
2.307692 1.531915 0.224715
2.307692 1.617021 0.200063
2.307692 1.702128 0.175411
2.307692 1.787234 0.150758
2.307692 1.872340 0.126106
2.307692 1.957447 0.101454
2.307692 2.042553 0.076801
2.307692 2.127660 0.052149
2.307692 2.212766 0.027497
2.307692 2.297872 0.002844
2.307692 2.382979 -0.021808
2.307692 2.468085 -0.046460
2.307692 2.553191 -0.071112
2.307692 2.638298 -0.095765
2.307692 2.723404 -0.120417
2.307692 2.808511 -0.145069
2.307692 2.893617 -0.169722
2.307692 2.978723 -0.194374
2.307692 3.063830 -0.219026
2.307692 3.148936 -0.243678
2.307692 3.234043 -0.268331
2.307692 3.319149 -0.292983
2.307692 3.404255 -0.317635
2.307692 3.489362 -0.342288
2.307692 3.574468 -0.366940
2.307692 3.659574 -0.391592
2.307692 3.744681 -0.416244
2.307692 3.829787 -0.440897
2.307692 3.914894 -0.465549
2.307692 4.000000 0.000000
2.384615 0.000000 0.000000
2.384615 0.085106 0.666086
2.384615 0.170213 0.641434
2.384615 0.255319 0.616781
2.384615 0.340426 0.592129
2.384615 0.425532 0.567477
2.384615 0.510638 0.542824
2.384615 0.595745 0.518172
2.384615 0.680851 0.493520
2.384615 0.765957 0.468868
2.384615 0.851064 0.444215
2.384615 0.936170 0.419563
2.384615 1.021277 0.394911
2.384615 1.106383 0.370258
2.384615 1.191489 0.345606
2.384615 1.276596 0.320954
2.384615 1.361702 0.296302
2.384615 1.446809 0.271649
2.384615 1.531915 0.246997
2.384615 1.617021 0.222345
2.384615 1.702128 0.197692
2.384615 1.787234 0.173040
2.384615 1.872340 0.148388
2.384615 1.957447 0.123736
2.384615 2.042553 0.099083
2.384615 2.127660 0.074431
2.384615 2.212766 0.049779
2.384615 2.297872 0.025126
2.384615 2.382979 0.000474
2.384615 2.468085 -0.024178
2.384615 2.553191 -0.048830
2.384615 2.638298 -0.073483
2.384615 2.723404 -0.098135
2.384615 2.808511 -0.122787
2.384615 2.893617 -0.147440
2.384615 2.978723 -0.172092
2.384615 3.063830 -0.196744
2.384615 3.148936 -0.221397
2.384615 3.234043 -0.246049
2.384615 3.319149 -0.270701
2.384615 3.404255 -0.295353
2.384615 3.489362 -0.320006
2.384615 3.574468 -0.344658
2.384615 3.659574 -0.369310
2.384615 3.744681 -0.393963
2.384615 3.829787 -0.418615
2.384615 3.914894 -0.443267
2.384615 4.000000 0.000000
2.461538 0.000000 0.000000
2.461538 0.085106 0.688368
2.461538 0.170213 0.663715
2.461538 0.255319 0.639063
2.461538 0.340426 0.614411
2.461538 0.425532 0.589759
2.461538 0.510638 0.565106
2.461538 0.595745 0.540454
2.461538 0.680851 0.515802
2.461538 0.765957 0.491149
2.461538 0.851064 0.466497
2.461538 0.936170 0.441845
2.461538 1.021277 0.417193
2.461538 1.106383 0.392540
2.461538 1.191489 0.367888
2.461538 1.276596 0.343236
2.461538 1.361702 0.318583
2.461538 1.446809 0.293931
2.461538 1.531915 0.269279
2.461538 1.617021 0.244627
2.461538 1.702128 0.219974
2.461538 1.787234 0.195322
2.461538 1.872340 0.170670
2.461538 1.957447 0.146017
2.461538 2.042553 0.121365
2.461538 2.127660 0.096713
2.461538 2.212766 0.072061
2.461538 2.297872 0.047408
2.461538 2.382979 0.022756
2.461538 2.468085 -0.001896
2.461538 2.553191 -0.026549
2.461538 2.638298 -0.051201
2.461538 2.723404 -0.075853
2.461538 2.808511 -0.100505
2.461538 2.893617 -0.125158
2.461538 2.978723 -0.149810
2.461538 3.063830 -0.174462
2.461538 3.148936 -0.199115
2.461538 3.234043 -0.223767
2.461538 3.319149 -0.248419
2.461538 3.404255 -0.273071
2.461538 3.489362 -0.297724
2.461538 3.574468 -0.322376
2.461538 3.659574 -0.347028
2.461538 3.744681 -0.371681
2.461538 3.829787 -0.396333
2.461538 3.914894 -0.420985
2.461538 4.000000 0.000000
2.538462 0.000000 0.000000
2.538462 0.085106 0.710650
2.538462 0.170213 0.685997
2.538462 0.255319 0.661345
2.538462 0.340426 0.636693
2.538462 0.425532 0.612040
2.538462 0.510638 0.587388
2.538462 0.595745 0.562736
2.538462 0.680851 0.538084
2.538462 0.765957 0.513431
2.538462 0.851064 0.488779
2.538462 0.936170 0.464127
2.538462 1.021277 0.439474
2.538462 1.106383 0.414822
2.538462 1.191489 0.390170
2.538462 1.276596 0.365518
2.538462 1.361702 0.340865
2.538462 1.446809 0.316213
2.538462 1.531915 0.291561
2.538462 1.617021 0.266908
2.538462 1.702128 0.242256
2.538462 1.787234 0.217604
2.538462 1.872340 0.192952
2.538462 1.957447 0.168299
2.538462 2.042553 0.143647
2.538462 2.127660 0.118995
2.538462 2.212766 0.094342
2.538462 2.297872 0.069690
2.538462 2.382979 0.045038
2.538462 2.468085 0.020386
2.538462 2.553191 -0.004267
2.538462 2.638298 -0.028919
2.538462 2.723404 -0.053571
2.538462 2.808511 -0.078224
2.538462 2.893617 -0.102876
2.538462 2.978723 -0.127528
2.538462 3.063830 -0.152180
2.538462 3.148936 -0.176833
2.538462 3.234043 -0.201485
2.538462 3.319149 -0.226137
2.538462 3.404255 -0.250790
2.538462 3.489362 -0.275442
2.538462 3.574468 -0.300094
2.538462 3.659574 -0.324746
2.538462 3.744681 -0.349399
2.538462 3.829787 -0.374051
2.538462 3.914894 -0.398703
2.538462 4.000000 0.000000
2.615385 0.000000 0.000000
2.615385 0.085106 0.732931
2.615385 0.170213 0.708279
2.615385 0.255319 0.683627
2.615385 0.340426 0.658975
2.615385 0.425532 0.634322
2.615385 0.510638 0.609670
2.615385 0.595745 0.585018
2.615385 0.680851 0.560365
2.615385 0.765957 0.535713
2.615385 0.851064 0.511061
2.615385 0.936170 0.486409
2.615385 1.021277 0.461756
2.615385 1.106383 0.437104
2.615385 1.191489 0.412452
2.615385 1.276596 0.387799
2.615385 1.361702 0.363147
2.615385 1.446809 0.338495
2.615385 1.531915 0.313843
2.615385 1.617021 0.289190
2.615385 1.702128 0.264538
2.615385 1.787234 0.239886
2.615385 1.872340 0.215233
2.615385 1.957447 0.190581
2.615385 2.042553 0.165929
2.615385 2.127660 0.141277
2.615385 2.212766 0.116624
2.615385 2.297872 0.091972
2.615385 2.382979 0.067320
2.615385 2.468085 0.042667
2.615385 2.553191 0.018015
2.615385 2.638298 -0.006637
2.615385 2.723404 -0.031289
2.615385 2.808511 -0.055942
2.615385 2.893617 -0.080594
2.615385 2.978723 -0.105246
2.615385 3.063830 -0.129899
2.615385 3.148936 -0.154551
2.615385 3.234043 -0.179203
2.615385 3.319149 -0.203855
2.615385 3.404255 -0.228508
2.615385 3.489362 -0.253160
2.615385 3.574468 -0.277812
2.615385 3.659574 -0.302465
2.615385 3.744681 -0.327117
2.615385 3.829787 -0.351769
2.615385 3.914894 -0.376421
2.615385 4.000000 0.000000
2.692308 0.000000 0.000000
2.692308 0.085106 0.755213
2.692308 0.170213 0.730561
2.692308 0.255319 0.705909
2.692308 0.340426 0.681256
2.692308 0.425532 0.656604
2.692308 0.510638 0.631952
2.692308 0.595745 0.607300
2.692308 0.680851 0.582647
2.692308 0.765957 0.557995
2.692308 0.851064 0.533343
2.692308 0.936170 0.508690
2.692308 1.021277 0.484038
2.692308 1.106383 0.459386
2.692308 1.191489 0.434734
2.692308 1.276596 0.410081
2.692308 1.361702 0.385429
2.692308 1.446809 0.360777
2.692308 1.531915 0.336124
2.692308 1.617021 0.311472
2.692308 1.702128 0.286820
2.692308 1.787234 0.262168
2.692308 1.872340 0.237515
2.692308 1.957447 0.212863
2.692308 2.042553 0.188211
2.692308 2.127660 0.163558
2.692308 2.212766 0.138906
2.692308 2.297872 0.114254
2.692308 2.382979 0.089602
2.692308 2.468085 0.064949
2.692308 2.553191 0.040297
2.692308 2.638298 0.015645
2.692308 2.723404 -0.009008
2.692308 2.808511 -0.033660
2.692308 2.893617 -0.058312
2.692308 2.978723 -0.082964
2.692308 3.063830 -0.107617
2.692308 3.148936 -0.132269
2.692308 3.234043 -0.156921
2.692308 3.319149 -0.181574
2.692308 3.404255 -0.206226
2.692308 3.489362 -0.230878
2.692308 3.574468 -0.255530
2.692308 3.659574 -0.280183
2.692308 3.744681 -0.304835
2.692308 3.829787 -0.329487
2.692308 3.914894 -0.354140
2.692308 4.000000 0.000000
2.769231 0.000000 0.000000
2.769231 0.085106 0.777495
2.769231 0.170213 0.752843
2.769231 0.255319 0.728191
2.769231 0.340426 0.703538
2.769231 0.425532 0.678886
2.769231 0.510638 0.654234
2.769231 0.595745 0.629581
2.769231 0.680851 0.604929
2.769231 0.765957 0.580277
2.769231 0.851064 0.555625
2.769231 0.936170 0.530972
2.769231 1.021277 0.506320
2.769231 1.106383 0.481668
2.769231 1.191489 0.457015
2.769231 1.276596 0.432363
2.769231 1.361702 0.407711
2.769231 1.446809 0.383059
2.769231 1.531915 0.358406
2.769231 1.617021 0.333754
2.769231 1.702128 0.309102
2.769231 1.787234 0.284449
2.769231 1.872340 0.259797
2.769231 1.957447 0.235145
2.769231 2.042553 0.210493
2.769231 2.127660 0.185840
2.769231 2.212766 0.161188
2.769231 2.297872 0.136536
2.769231 2.382979 0.111883
2.769231 2.468085 0.087231
2.769231 2.553191 0.062579
2.769231 2.638298 0.037927
2.769231 2.723404 0.013274
2.769231 2.808511 -0.011378
2.769231 2.893617 -0.036030
2.769231 2.978723 -0.060683
2.769231 3.063830 -0.085335
2.769231 3.148936 -0.109987
2.769231 3.234043 -0.134639
2.769231 3.319149 -0.159292
2.769231 3.404255 -0.183944
2.769231 3.489362 -0.208596
2.769231 3.574468 -0.233249
2.769231 3.659574 -0.257901
2.769231 3.744681 -0.282553
2.769231 3.829787 -0.307205
2.769231 3.914894 -0.331858
2.769231 4.000000 0.000000
2.846154 0.000000 0.000000
2.846154 0.085106 0.799777
2.846154 0.170213 0.775125
2.846154 0.255319 0.750473
2.846154 0.340426 0.725820
2.846154 0.425532 0.701168
2.846154 0.510638 0.676516
2.846154 0.595745 0.651863
2.846154 0.680851 0.627211
2.846154 0.765957 0.602559
2.846154 0.851064 0.577907
2.846154 0.936170 0.553254
2.846154 1.021277 0.528602
2.846154 1.106383 0.503950
2.846154 1.191489 0.479297
2.846154 1.276596 0.454645
2.846154 1.361702 0.429993
2.846154 1.446809 0.405340
2.846154 1.531915 0.380688
2.846154 1.617021 0.356036
2.846154 1.702128 0.331384
2.846154 1.787234 0.306731
2.846154 1.872340 0.282079
2.846154 1.957447 0.257427
2.846154 2.042553 0.232774
2.846154 2.127660 0.208122
2.846154 2.212766 0.183470
2.846154 2.297872 0.158818
2.846154 2.382979 0.134165
2.846154 2.468085 0.109513
2.846154 2.553191 0.084861
2.846154 2.638298 0.060208
2.846154 2.723404 0.035556
2.846154 2.808511 0.010904
2.846154 2.893617 -0.013748
2.846154 2.978723 -0.038401
2.846154 3.063830 -0.063053
2.846154 3.148936 -0.087705
2.846154 3.234043 -0.112358
2.846154 3.319149 -0.137010
2.846154 3.404255 -0.161662
2.846154 3.489362 -0.186314
2.846154 3.574468 -0.210967
2.846154 3.659574 -0.235619
2.846154 3.744681 -0.260271
2.846154 3.829787 -0.284924
2.846154 3.914894 -0.309576
2.846154 4.000000 0.000000
2.923077 0.000000 0.000000
2.923077 0.085106 0.822059
2.923077 0.170213 0.797407
2.923077 0.255319 0.772754
2.923077 0.340426 0.748102
2.923077 0.425532 0.723450
2.923077 0.510638 0.698798
2.923077 0.595745 0.674145
2.923077 0.680851 0.649493
2.923077 0.765957 0.624841
2.923077 0.851064 0.600188
2.923077 0.936170 0.575536
2.923077 1.021277 0.550884
2.923077 1.106383 0.526232
2.923077 1.191489 0.501579
2.923077 1.276596 0.476927
2.923077 1.361702 0.452275
2.923077 1.446809 0.427622
2.923077 1.531915 0.402970
2.923077 1.617021 0.378318
2.923077 1.702128 0.353666
2.923077 1.787234 0.329013
2.923077 1.872340 0.304361
2.923077 1.957447 0.279709
2.923077 2.042553 0.255056
2.923077 2.127660 0.230404
2.923077 2.212766 0.205752
2.923077 2.297872 0.181099
2.923077 2.382979 0.156447
2.923077 2.468085 0.131795
2.923077 2.553191 0.107143
2.923077 2.638298 0.082490
2.923077 2.723404 0.057838
2.923077 2.808511 0.033186
2.923077 2.893617 0.008533
2.923077 2.978723 -0.016119
2.923077 3.063830 -0.040771
2.923077 3.148936 -0.065423
2.923077 3.234043 -0.090076
2.923077 3.319149 -0.114728
2.923077 3.404255 -0.139380
2.923077 3.489362 -0.164033
2.923077 3.574468 -0.188685
2.923077 3.659574 -0.213337
2.923077 3.744681 -0.237989
2.923077 3.829787 -0.262642
2.923077 3.914894 -0.287294
2.923077 4.000000 0.000000
3.000000 0.000000 0.000000
3.000000 0.085106 0.000000
3.000000 0.170213 0.000000
3.000000 0.255319 0.000000
3.000000 0.340426 0.000000
3.000000 0.425532 0.000000
3.000000 0.510638 0.000000
3.000000 0.595745 0.000000
3.000000 0.680851 0.000000
3.000000 0.765957 0.000000
3.000000 0.851064 0.000000
3.000000 0.936170 0.000000
3.000000 1.021277 0.000000
3.000000 1.106383 0.000000
3.000000 1.191489 0.000000
3.000000 1.276596 0.000000
3.000000 1.361702 0.000000
3.000000 1.446809 0.000000
3.000000 1.531915 0.000000
3.000000 1.617021 0.000000
3.000000 1.702128 0.000000
3.000000 1.787234 0.000000
3.000000 1.872340 0.000000
3.000000 1.957447 0.000000
3.000000 2.042553 0.000000
3.000000 2.127660 0.000000
3.000000 2.212766 0.000000
3.000000 2.297872 0.000000
3.000000 2.382979 0.000000
3.000000 2.468085 0.000000
3.000000 2.553191 0.000000
3.000000 2.638298 0.000000
3.000000 2.723404 0.000000
3.000000 2.808511 0.000000
3.000000 2.893617 0.000000
3.000000 2.978723 0.000000
3.000000 3.063830 0.000000
3.000000 3.148936 0.000000
3.000000 3.234043 0.000000
3.000000 3.319149 0.000000
3.000000 3.404255 0.000000
3.000000 3.489362 0.000000
3.000000 3.574468 0.000000
3.000000 3.659574 0.000000
3.000000 3.744681 0.000000
3.000000 3.829787 0.000000
3.000000 3.914894 0.000000
3.000000 4.000000 0.000000
