0.000000 0.000000 0.000000
0.000000 0.666667 -0.175554
0.000000 1.333333 -0.351108
0.000000 2.000000 -0.526663
0.081081 0.000000 0.021351
0.081081 0.666667 -0.154203
0.081081 1.333333 -0.329757
0.081081 2.000000 -0.505311
0.162162 0.000000 0.042702
0.162162 0.666667 -0.132852
0.162162 1.333333 -0.308406
0.162162 2.000000 -0.483960
0.243243 0.000000 0.064054
0.243243 0.666667 -0.111501
0.243243 1.333333 -0.287055
0.243243 2.000000 -0.462609
0.324324 0.000000 0.085405
0.324324 0.666667 -0.090149
0.324324 1.333333 -0.265704
0.324324 2.000000 -0.441258
0.405405 0.000000 0.106756
0.405405 0.666667 -0.068798
0.405405 1.333333 -0.244352
0.405405 2.000000 -0.419907
0.486486 0.000000 0.128107
0.486486 0.666667 -0.047447
0.486486 1.333333 -0.223001
0.486486 2.000000 -0.398555
0.567568 0.000000 0.149458
0.567568 0.666667 -0.026096
0.567568 1.333333 -0.201650
0.567568 2.000000 -0.377204
0.648649 0.000000 0.170809
0.648649 0.666667 -0.004745
0.648649 1.333333 -0.180299
0.648649 2.000000 -0.355853
0.729730 0.000000 0.192161
0.729730 0.666667 0.016606
0.729730 1.333333 -0.158948
0.729730 2.000000 -0.334502
0.810811 0.000000 0.213512
0.810811 0.666667 0.037958
0.810811 1.333333 -0.137597
0.810811 2.000000 -0.313151
0.891892 0.000000 0.234863
0.891892 0.666667 0.059309
0.891892 1.333333 -0.116245
0.891892 2.000000 -0.291799
0.972973 0.000000 0.256214
0.972973 0.666667 0.080660
0.972973 1.333333 -0.094894
0.972973 2.000000 -0.270448
1.054054 0.000000 0.277565
1.054054 0.666667 0.102011
1.054054 1.333333 -0.073543
1.054054 2.000000 -0.249097
1.135135 0.000000 0.298917
1.135135 0.666667 0.123362
1.135135 1.333333 -0.052192
1.135135 2.000000 -0.227746
1.216216 0.000000 0.320268
1.216216 0.666667 0.144714
1.216216 1.333333 -0.030841
1.216216 2.000000 -0.206395
1.297297 0.000000 0.341619
1.297297 0.666667 0.166065
1.297297 1.333333 -0.009489
1.297297 2.000000 -0.185044
1.378378 0.000000 0.362970
1.378378 0.666667 0.187416
1.378378 1.333333 0.011862
1.378378 2.000000 -0.163692
1.459459 0.000000 0.384321
1.459459 0.666667 0.208767
1.459459 1.333333 0.033213
1.459459 2.000000 -0.142341
1.540541 0.000000 0.405672
1.540541 0.666667 0.230118
1.540541 1.333333 0.054564
1.540541 2.000000 -0.120990
1.621622 0.000000 0.427024
1.621622 0.666667 0.251469
1.621622 1.333333 0.075915
1.621622 2.000000 -0.099639
1.702703 0.000000 0.448375
1.702703 0.666667 0.272821
1.702703 1.333333 0.097266
1.702703 2.000000 -0.078288
1.783784 0.000000 0.469726
1.783784 0.666667 0.294172
1.783784 1.333333 0.118618
1.783784 2.000000 -0.056936
1.864865 0.000000 0.491077
1.864865 0.666667 0.315523
1.864865 1.333333 0.139969
1.864865 2.000000 -0.035585
1.945946 0.000000 0.512428
1.945946 0.666667 0.336874
1.945946 1.333333 0.161320
1.945946 2.000000 -0.014234
2.027027 0.000000 0.533780
2.027027 0.666667 0.358225
2.027027 1.333333 0.182671
2.027027 2.000000 0.007117
2.108108 0.000000 0.555131
2.108108 0.666667 0.379577
2.108108 1.333333 0.204022
2.108108 2.000000 0.028468
2.189189 0.000000 0.576482
2.189189 0.666667 0.400928
2.189189 1.333333 0.225374
2.189189 2.000000 0.049819
2.270270 0.000000 0.597833
2.270270 0.666667 0.422279
2.270270 1.333333 0.246725
2.270270 2.000000 0.071171
2.351351 0.000000 0.619184
2.351351 0.666667 0.443630
2.351351 1.333333 0.268076
2.351351 2.000000 0.092522
2.432432 0.000000 0.640535
2.432432 0.666667 0.464981
2.432432 1.333333 0.289427
2.432432 2.000000 0.113873
2.513514 0.000000 0.661887
2.513514 0.666667 0.486332
2.513514 1.333333 0.310778
2.513514 2.000000 0.135224
2.594595 0.000000 0.683238
2.594595 0.666667 0.507684
2.594595 1.333333 0.332130
2.594595 2.000000 0.156575
2.675676 0.000000 0.704589
2.675676 0.666667 0.529035
2.675676 1.333333 0.353481
2.675676 2.000000 0.177927
2.756757 0.000000 0.725940
2.756757 0.666667 0.550386
2.756757 1.333333 0.374832
2.756757 2.000000 0.199278
2.837838 0.000000 0.747291
2.837838 0.666667 0.571737
2.837838 1.333333 0.396183
2.837838 2.000000 0.220629
2.918919 0.000000 0.768643
2.918919 0.666667 0.593088
2.918919 1.333333 0.417534
2.918919 2.000000 0.241980
3.000000 0.000000 0.789994
3.000000 0.666667 0.614440
3.000000 1.333333 0.438885
3.000000 2.000000 0.263331
