0.000000 0.000000 0.000000
0.000000 0.500000 -0.119696
0.000000 1.000000 -0.239392
0.000000 1.500000 -0.359088
0.000000 2.000000 -0.478784
0.081081 0.000000 0.019410
0.081081 0.500000 -0.100286
0.081081 1.000000 -0.219982
0.081081 1.500000 -0.339678
0.081081 2.000000 -0.459374
0.162162 0.000000 0.038820
0.162162 0.500000 -0.080876
0.162162 1.000000 -0.200572
0.162162 1.500000 -0.320268
0.162162 2.000000 -0.439964
0.243243 0.000000 0.058230
0.243243 0.500000 -0.061466
0.243243 1.000000 -0.181162
0.243243 1.500000 -0.300858
0.243243 2.000000 -0.420554
0.324324 0.000000 0.077641
0.324324 0.500000 -0.042055
0.324324 1.000000 -0.161751
0.324324 1.500000 -0.281447
0.324324 2.000000 -0.401143
0.405405 0.000000 0.097051
0.405405 0.500000 -0.022645
0.405405 1.000000 -0.142341
0.405405 1.500000 -0.262037
0.405405 2.000000 -0.381733
0.486486 0.000000 0.116461
0.486486 0.500000 -0.003235
0.486486 1.000000 -0.122931
0.486486 1.500000 -0.242627
0.486486 2.000000 -0.362323
0.567568 0.000000 0.135871
0.567568 0.500000 0.016175
0.567568 1.000000 -0.103521
0.567568 1.500000 -0.223217
0.567568 2.000000 -0.342913
0.648649 0.000000 0.155281
0.648649 0.500000 0.035585
0.648649 1.000000 -0.084111
0.648649 1.500000 -0.203807
0.648649 2.000000 -0.323503
0.729730 0.000000 0.174691
0.729730 0.500000 0.054995
0.729730 1.000000 -0.064701
0.729730 1.500000 -0.184397
0.729730 2.000000 -0.304093
0.810811 0.000000 0.194102
0.810811 0.500000 0.074406
0.810811 1.000000 -0.045290
0.810811 1.500000 -0.164986
0.810811 2.000000 -0.284682
0.891892 0.000000 0.213512
0.891892 0.500000 0.093816
0.891892 1.000000 -0.025880
0.891892 1.500000 -0.145576
0.891892 2.000000 -0.265272
0.972973 0.000000 0.232922
0.972973 0.500000 0.113226
0.972973 1.000000 -0.006470
0.972973 1.500000 -0.126166
0.972973 2.000000 -0.245862
1.054054 0.000000 0.252332
1.054054 0.500000 0.132636
1.054054 1.000000 0.012940
1.054054 1.500000 -0.106756
1.054054 2.000000 -0.226452
1.135135 0.000000 0.271742
1.135135 0.500000 0.152046
1.135135 1.000000 0.032350
1.135135 1.500000 -0.087346
1.135135 2.000000 -0.207042
1.216216 0.000000 0.291152
1.216216 0.500000 0.171456
1.216216 1.000000 0.051760
1.216216 1.500000 -0.067936
1.216216 2.000000 -0.187632
1.297297 0.000000 0.310563
1.297297 0.500000 0.190867
1.297297 1.000000 0.071171
1.297297 1.500000 -0.048525
1.297297 2.000000 -0.168221
1.378378 0.000000 0.329973
1.378378 0.500000 0.210277
1.378378 1.000000 0.090581
1.378378 1.500000 -0.029115
1.378378 2.000000 -0.148811
1.459459 0.000000 0.349383
1.459459 0.500000 0.229687
1.459459 1.000000 0.109991
1.459459 1.500000 -0.009705
1.459459 2.000000 -0.129401
1.540541 0.000000 0.368793
1.540541 0.500000 0.249097
1.540541 1.000000 0.129401
1.540541 1.500000 0.009705
1.540541 2.000000 -0.109991
1.621622 0.000000 0.388203
1.621622 0.500000 0.268507
1.621622 1.000000 0.148811
1.621622 1.500000 0.029115
1.621622 2.000000 -0.090581
1.702703 0.000000 0.407613
1.702703 0.500000 0.287917
1.702703 1.000000 0.168221
1.702703 1.500000 0.048525
1.702703 2.000000 -0.071171
1.783784 0.000000 0.427024
1.783784 0.500000 0.307328
1.783784 1.000000 0.187632
1.783784 1.500000 0.067936
1.783784 2.000000 -0.051760
1.864865 0.000000 0.446434
1.864865 0.500000 0.326738
1.864865 1.000000 0.207042
1.864865 1.500000 0.087346
1.864865 2.000000 -0.032350
1.945946 0.000000 0.465844
1.945946 0.500000 0.346148
1.945946 1.000000 0.226452
1.945946 1.500000 0.106756
1.945946 2.000000 -0.012940
2.027027 0.000000 0.485254
2.027027 0.500000 0.365558
2.027027 1.000000 0.245862
2.027027 1.500000 0.126166
2.027027 2.000000 0.006470
2.108108 0.000000 0.504664
2.108108 0.500000 0.384968
2.108108 1.000000 0.265272
2.108108 1.500000 0.145576
2.108108 2.000000 0.025880
2.189189 0.000000 0.524074
2.189189 0.500000 0.404378
2.189189 1.000000 0.284682
2.189189 1.500000 0.164986
2.189189 2.000000 0.045290
2.270270 0.000000 0.543485
2.270270 0.500000 0.423789
2.270270 1.000000 0.304093
2.270270 1.500000 0.184397
2.270270 2.000000 0.064701
2.351351 0.000000 0.562895
2.351351 0.500000 0.443199
2.351351 1.000000 0.323503
2.351351 1.500000 0.203807
2.351351 2.000000 0.084111
2.432432 0.000000 0.582305
2.432432 0.500000 0.462609
2.432432 1.000000 0.342913
2.432432 1.500000 0.223217
2.432432 2.000000 0.103521
2.513514 0.000000 0.601715
2.513514 0.500000 0.482019
2.513514 1.000000 0.362323
2.513514 1.500000 0.242627
2.513514 2.000000 0.122931
2.594595 0.000000 0.621125
2.594595 0.500000 0.501429
2.594595 1.000000 0.381733
2.594595 1.500000 0.262037
2.594595 2.000000 0.142341
2.675676 0.000000 0.640535
2.675676 0.500000 0.520839
2.675676 1.000000 0.401143
2.675676 1.500000 0.281447
2.675676 2.000000 0.161751
2.756757 0.000000 0.659946
2.756757 0.500000 0.540250
2.756757 1.000000 0.420554
2.756757 1.500000 0.300858
2.756757 2.000000 0.181162
2.837838 0.000000 0.679356
2.837838 0.500000 0.559660
2.837838 1.000000 0.439964
2.837838 1.500000 0.320268
2.837838 2.000000 0.200572
2.918919 0.000000 0.698766
2.918919 0.500000 0.579070
2.918919 1.000000 0.459374
2.918919 1.500000 0.339678
2.918919 2.000000 0.219982
3.000000 0.000000 0.718176
3.000000 0.500000 0.598480
3.000000 1.000000 0.478784
3.000000 1.500000 0.359088
3.000000 2.000000 0.239392
