0.000000 0.000000 0.000000
0.000000 0.666667 -0.145086
0.000000 1.333333 -0.290172
0.000000 2.000000 -0.435258
0.081081 0.000000 0.017646
0.081081 0.666667 -0.127440
0.081081 1.333333 -0.272527
0.081081 2.000000 -0.417613
0.162162 0.000000 0.035291
0.162162 0.666667 -0.109795
0.162162 1.333333 -0.254881
0.162162 2.000000 -0.399967
0.243243 0.000000 0.052937
0.243243 0.666667 -0.092149
0.243243 1.333333 -0.237235
0.243243 2.000000 -0.382321
0.324324 0.000000 0.070582
0.324324 0.666667 -0.074504
0.324324 1.333333 -0.219590
0.324324 2.000000 -0.364676
0.405405 0.000000 0.088228
0.405405 0.666667 -0.056858
0.405405 1.333333 -0.201944
0.405405 2.000000 -0.347030
0.486486 0.000000 0.105874
0.486486 0.666667 -0.039212
0.486486 1.333333 -0.184299
0.486486 2.000000 -0.329385
0.567568 0.000000 0.123519
0.567568 0.666667 -0.021567
0.567568 1.333333 -0.166653
0.567568 2.000000 -0.311739
0.648649 0.000000 0.141165
0.648649 0.666667 -0.003921
0.648649 1.333333 -0.149007
0.648649 2.000000 -0.294093
0.729730 0.000000 0.158810
0.729730 0.666667 0.013724
0.729730 1.333333 -0.131362
0.729730 2.000000 -0.276448
0.810811 0.000000 0.176456
0.810811 0.666667 0.031370
0.810811 1.333333 -0.113716
0.810811 2.000000 -0.258802
0.891892 0.000000 0.194102
0.891892 0.666667 0.049016
0.891892 1.333333 -0.096071
0.891892 2.000000 -0.241157
0.972973 0.000000 0.211747
0.972973 0.666667 0.066661
0.972973 1.333333 -0.078425
0.972973 2.000000 -0.223511
1.054054 0.000000 0.229393
1.054054 0.666667 0.084307
1.054054 1.333333 -0.060779
1.054054 2.000000 -0.205865
1.135135 0.000000 0.247038
1.135135 0.666667 0.101952
1.135135 1.333333 -0.043134
1.135135 2.000000 -0.188220
1.216216 0.000000 0.264684
1.216216 0.666667 0.119598
1.216216 1.333333 -0.025488
1.216216 2.000000 -0.170574
1.297297 0.000000 0.282330
1.297297 0.666667 0.137244
1.297297 1.333333 -0.007842
1.297297 2.000000 -0.152929
1.378378 0.000000 0.299975
1.378378 0.666667 0.154889
1.378378 1.333333 0.009803
1.378378 2.000000 -0.135283
1.459459 0.000000 0.317621
1.459459 0.666667 0.172535
1.459459 1.333333 0.027449
1.459459 2.000000 -0.117637
1.540541 0.000000 0.335267
1.540541 0.666667 0.190180
1.540541 1.333333 0.045094
1.540541 2.000000 -0.099992
1.621622 0.000000 0.352912
1.621622 0.666667 0.207826
1.621622 1.333333 0.062740
1.621622 2.000000 -0.082346
1.702703 0.000000 0.370558
1.702703 0.666667 0.225472
1.702703 1.333333 0.080386
1.702703 2.000000 -0.064701
1.783784 0.000000 0.388203
1.783784 0.666667 0.243117
1.783784 1.333333 0.098031
1.783784 2.000000 -0.047055
1.864865 0.000000 0.405849
1.864865 0.666667 0.260763
1.864865 1.333333 0.115677
1.864865 2.000000 -0.029409
1.945946 0.000000 0.423495
1.945946 0.666667 0.278408
1.945946 1.333333 0.133322
1.945946 2.000000 -0.011764
2.027027 0.000000 0.441140
2.027027 0.666667 0.296054
2.027027 1.333333 0.150968
2.027027 2.000000 0.005882
2.108108 0.000000 0.458786
2.108108 0.666667 0.313700
2.108108 1.333333 0.168614
2.108108 2.000000 0.023527
2.189189 0.000000 0.476431
2.189189 0.666667 0.331345
2.189189 1.333333 0.186259
2.189189 2.000000 0.041173
2.270270 0.000000 0.494077
2.270270 0.666667 0.348991
2.270270 1.333333 0.203905
2.270270 2.000000 0.058819
2.351351 0.000000 0.511723
2.351351 0.666667 0.366636
2.351351 1.333333 0.221550
2.351351 2.000000 0.076464
2.432432 0.000000 0.529368
2.432432 0.666667 0.384282
2.432432 1.333333 0.239196
2.432432 2.000000 0.094110
2.513514 0.000000 0.547014
2.513514 0.666667 0.401928
2.513514 1.333333 0.256842
2.513514 2.000000 0.111756
2.594595 0.000000 0.564659
2.594595 0.666667 0.419573
2.594595 1.333333 0.274487
2.594595 2.000000 0.129401
2.675676 0.000000 0.582305
2.675676 0.666667 0.437219
2.675676 1.333333 0.292133
2.675676 2.000000 0.147047
2.756757 0.000000 0.599951
2.756757 0.666667 0.454865
2.756757 1.333333 0.309778
2.756757 2.000000 0.164692
2.837838 0.000000 0.617596
2.837838 0.666667 0.472510
2.837838 1.333333 0.327424
2.837838 2.000000 0.182338
2.918919 0.000000 0.635242
2.918919 0.666667 0.490156
2.918919 1.333333 0.345070
2.918919 2.000000 0.199984
3.000000 0.000000 0.652887
3.000000 0.666667 0.507801
3.000000 1.333333 0.362715
3.000000 2.000000 0.217629
