0.000000 0.000000 0.000000
0.000000 0.500000 -0.098922
0.000000 1.000000 -0.197845
0.000000 1.500000 -0.296767
0.000000 2.000000 -0.395689
0.081081 0.000000 0.016041
0.081081 0.500000 -0.082881
0.081081 1.000000 -0.181803
0.081081 1.500000 -0.280726
0.081081 2.000000 -0.379648
0.162162 0.000000 0.032083
0.162162 0.500000 -0.066839
0.162162 1.000000 -0.165762
0.162162 1.500000 -0.264684
0.162162 2.000000 -0.363606
0.243243 0.000000 0.048124
0.243243 0.500000 -0.050798
0.243243 1.000000 -0.149720
0.243243 1.500000 -0.248643
0.243243 2.000000 -0.347565
0.324324 0.000000 0.064166
0.324324 0.500000 -0.034756
0.324324 1.000000 -0.133679
0.324324 1.500000 -0.232601
0.324324 2.000000 -0.331523
0.405405 0.000000 0.080207
0.405405 0.500000 -0.018715
0.405405 1.000000 -0.117637
0.405405 1.500000 -0.216560
0.405405 2.000000 -0.315482
0.486486 0.000000 0.096249
0.486486 0.500000 -0.002674
0.486486 1.000000 -0.101596
0.486486 1.500000 -0.200518
0.486486 2.000000 -0.299441
0.567568 0.000000 0.112290
0.567568 0.500000 0.013368
0.567568 1.000000 -0.085554
0.567568 1.500000 -0.184477
0.567568 2.000000 -0.283399
0.648649 0.000000 0.128332
0.648649 0.500000 0.029409
0.648649 1.000000 -0.069513
0.648649 1.500000 -0.168435
0.648649 2.000000 -0.267358
0.729730 0.000000 0.144373
0.729730 0.500000 0.045451
0.729730 1.000000 -0.053472
0.729730 1.500000 -0.152394
0.729730 2.000000 -0.251316
0.810811 0.000000 0.160415
0.810811 0.500000 0.061492
0.810811 1.000000 -0.037430
0.810811 1.500000 -0.136352
0.810811 2.000000 -0.235275
0.891892 0.000000 0.176456
0.891892 0.500000 0.077534
0.891892 1.000000 -0.021389
0.891892 1.500000 -0.120311
0.891892 2.000000 -0.219233
0.972973 0.000000 0.192498
0.972973 0.500000 0.093575
0.972973 1.000000 -0.005347
0.972973 1.500000 -0.104269
0.972973 2.000000 -0.203192
1.054054 0.000000 0.208539
1.054054 0.500000 0.109617
1.054054 1.000000 0.010694
1.054054 1.500000 -0.088228
1.054054 2.000000 -0.187150
1.135135 0.000000 0.224580
1.135135 0.500000 0.125658
1.135135 1.000000 0.026736
1.135135 1.500000 -0.072187
1.135135 2.000000 -0.171109
1.216216 0.000000 0.240622
1.216216 0.500000 0.141700
1.216216 1.000000 0.042777
1.216216 1.500000 -0.056145
1.216216 2.000000 -0.155067
1.297297 0.000000 0.256663
1.297297 0.500000 0.157741
1.297297 1.000000 0.058819
1.297297 1.500000 -0.040104
1.297297 2.000000 -0.139026
1.378378 0.000000 0.272705
1.378378 0.500000 0.173782
1.378378 1.000000 0.074860
1.378378 1.500000 -0.024062
1.378378 2.000000 -0.122985
1.459459 0.000000 0.288746
1.459459 0.500000 0.189824
1.459459 1.000000 0.090902
1.459459 1.500000 -0.008021
1.459459 2.000000 -0.106943
1.540541 0.000000 0.304788
1.540541 0.500000 0.205865
1.540541 1.000000 0.106943
1.540541 1.500000 0.008021
1.540541 2.000000 -0.090902
1.621622 0.000000 0.320829
1.621622 0.500000 0.221907
1.621622 1.000000 0.122985
1.621622 1.500000 0.024062
1.621622 2.000000 -0.074860
1.702703 0.000000 0.336871
1.702703 0.500000 0.237948
1.702703 1.000000 0.139026
1.702703 1.500000 0.040104
1.702703 2.000000 -0.058819
1.783784 0.000000 0.352912
1.783784 0.500000 0.253990
1.783784 1.000000 0.155067
1.783784 1.500000 0.056145
1.783784 2.000000 -0.042777
1.864865 0.000000 0.368954
1.864865 0.500000 0.270031
1.864865 1.000000 0.171109
1.864865 1.500000 0.072187
1.864865 2.000000 -0.026736
1.945946 0.000000 0.384995
1.945946 0.500000 0.286073
1.945946 1.000000 0.187150
1.945946 1.500000 0.088228
1.945946 2.000000 -0.010694
2.027027 0.000000 0.401036
2.027027 0.500000 0.302114
2.027027 1.000000 0.203192
2.027027 1.500000 0.104269
2.027027 2.000000 0.005347
2.108108 0.000000 0.417078
2.108108 0.500000 0.318156
2.108108 1.000000 0.219233
2.108108 1.500000 0.120311
2.108108 2.000000 0.021389
2.189189 0.000000 0.433119
2.189189 0.500000 0.334197
2.189189 1.000000 0.235275
2.189189 1.500000 0.136352
2.189189 2.000000 0.037430
2.270270 0.000000 0.449161
2.270270 0.500000 0.350239
2.270270 1.000000 0.251316
2.270270 1.500000 0.152394
2.270270 2.000000 0.053472
2.351351 0.000000 0.465202
2.351351 0.500000 0.366280
2.351351 1.000000 0.267358
2.351351 1.500000 0.168435
2.351351 2.000000 0.069513
2.432432 0.000000 0.481244
2.432432 0.500000 0.382321
2.432432 1.000000 0.283399
2.432432 1.500000 0.184477
2.432432 2.000000 0.085554
2.513514 0.000000 0.497285
2.513514 0.500000 0.398363
2.513514 1.000000 0.299441
2.513514 1.500000 0.200518
2.513514 2.000000 0.101596
2.594595 0.000000 0.513327
2.594595 0.500000 0.414404
2.594595 1.000000 0.315482
2.594595 1.500000 0.216560
2.594595 2.000000 0.117637
2.675676 0.000000 0.529368
2.675676 0.500000 0.430446
2.675676 1.000000 0.331523
2.675676 1.500000 0.232601
2.675676 2.000000 0.133679
2.756757 0.000000 0.545410
2.756757 0.500000 0.446487
2.756757 1.000000 0.347565
2.756757 1.500000 0.248643
2.756757 2.000000 0.149720
2.837838 0.000000 0.561451
2.837838 0.500000 0.462529
2.837838 1.000000 0.363606
2.837838 1.500000 0.264684
2.837838 2.000000 0.165762
2.918919 0.000000 0.577493
2.918919 0.500000 0.478570
2.918919 1.000000 0.379648
2.918919 1.500000 0.280726
2.918919 2.000000 0.181803
3.000000 0.000000 0.593534
3.000000 0.500000 0.494612
3.000000 1.000000 0.395689
3.000000 1.500000 0.296767
3.000000 2.000000 0.197845
