0.000000 0.000000 0.000000
0.000000 0.666667 -0.119906
0.000000 1.333333 -0.239812
0.000000 2.000000 -0.359718
0.081081 0.000000 0.014583
0.081081 0.666667 -0.105323
0.081081 1.333333 -0.225229
0.081081 2.000000 -0.345134
0.162162 0.000000 0.029166
0.162162 0.666667 -0.090740
0.162162 1.333333 -0.210645
0.162162 2.000000 -0.330551
0.243243 0.000000 0.043749
0.243243 0.666667 -0.076156
0.243243 1.333333 -0.196062
0.243243 2.000000 -0.315968
0.324324 0.000000 0.058333
0.324324 0.666667 -0.061573
0.324324 1.333333 -0.181479
0.324324 2.000000 -0.301385
0.405405 0.000000 0.072916
0.405405 0.666667 -0.046990
0.405405 1.333333 -0.166896
0.405405 2.000000 -0.286802
0.486486 0.000000 0.087499
0.486486 0.666667 -0.032407
0.486486 1.333333 -0.152313
0.486486 2.000000 -0.272219
0.567568 0.000000 0.102082
0.567568 0.666667 -0.017824
0.567568 1.333333 -0.137730
0.567568 2.000000 -0.257636
0.648649 0.000000 0.116665
0.648649 0.666667 -0.003241
0.648649 1.333333 -0.123147
0.648649 2.000000 -0.243052
0.729730 0.000000 0.131248
0.729730 0.666667 0.011342
0.729730 1.333333 -0.108563
0.729730 2.000000 -0.228469
0.810811 0.000000 0.145831
0.810811 0.666667 0.025926
0.810811 1.333333 -0.093980
0.810811 2.000000 -0.213886
0.891892 0.000000 0.160415
0.891892 0.666667 0.040509
0.891892 1.333333 -0.079397
0.891892 2.000000 -0.199303
0.972973 0.000000 0.174998
0.972973 0.666667 0.055092
0.972973 1.333333 -0.064814
0.972973 2.000000 -0.184720
1.054054 0.000000 0.189581
1.054054 0.666667 0.069675
1.054054 1.333333 -0.050231
1.054054 2.000000 -0.170137
1.135135 0.000000 0.204164
1.135135 0.666667 0.084258
1.135135 1.333333 -0.035648
1.135135 2.000000 -0.155554
1.216216 0.000000 0.218747
1.216216 0.666667 0.098841
1.216216 1.333333 -0.021065
1.216216 2.000000 -0.140970
1.297297 0.000000 0.233330
1.297297 0.666667 0.113424
1.297297 1.333333 -0.006481
1.297297 2.000000 -0.126387
1.378378 0.000000 0.247913
1.378378 0.666667 0.128008
1.378378 1.333333 0.008102
1.378378 2.000000 -0.111804
1.459459 0.000000 0.262497
1.459459 0.666667 0.142591
1.459459 1.333333 0.022685
1.459459 2.000000 -0.097221
1.540541 0.000000 0.277080
1.540541 0.666667 0.157174
1.540541 1.333333 0.037268
1.540541 2.000000 -0.082638
1.621622 0.000000 0.291663
1.621622 0.666667 0.171757
1.621622 1.333333 0.051851
1.621622 2.000000 -0.068055
1.702703 0.000000 0.306246
1.702703 0.666667 0.186340
1.702703 1.333333 0.066434
1.702703 2.000000 -0.053472
1.783784 0.000000 0.320829
1.783784 0.666667 0.200923
1.783784 1.333333 0.081017
1.783784 2.000000 -0.038888
1.864865 0.000000 0.335412
1.864865 0.666667 0.215506
1.864865 1.333333 0.095601
1.864865 2.000000 -0.024305
1.945946 0.000000 0.349995
1.945946 0.666667 0.230090
1.945946 1.333333 0.110184
1.945946 2.000000 -0.009722
2.027027 0.000000 0.364579
2.027027 0.666667 0.244673
2.027027 1.333333 0.124767
2.027027 2.000000 0.004861
2.108108 0.000000 0.379162
2.108108 0.666667 0.259256
2.108108 1.333333 0.139350
2.108108 2.000000 0.019444
2.189189 0.000000 0.393745
2.189189 0.666667 0.273839
2.189189 1.333333 0.153933
2.189189 2.000000 0.034027
2.270270 0.000000 0.408328
2.270270 0.666667 0.288422
2.270270 1.333333 0.168516
2.270270 2.000000 0.048610
2.351351 0.000000 0.422911
2.351351 0.666667 0.303005
2.351351 1.333333 0.183099
2.351351 2.000000 0.063194
2.432432 0.000000 0.437494
2.432432 0.666667 0.317588
2.432432 1.333333 0.197683
2.432432 2.000000 0.077777
2.513514 0.000000 0.452077
2.513514 0.666667 0.332172
2.513514 1.333333 0.212266
2.513514 2.000000 0.092360
2.594595 0.000000 0.466661
2.594595 0.666667 0.346755
2.594595 1.333333 0.226849
2.594595 2.000000 0.106943
2.675676 0.000000 0.481244
2.675676 0.666667 0.361338
2.675676 1.333333 0.241432
2.675676 2.000000 0.121526
2.756757 0.000000 0.495827
2.756757 0.666667 0.375921
2.756757 1.333333 0.256015
2.756757 2.000000 0.136109
2.837838 0.000000 0.510410
2.837838 0.666667 0.390504
2.837838 1.333333 0.270598
2.837838 2.000000 0.150692
2.918919 0.000000 0.524993
2.918919 0.666667 0.405087
2.918919 1.333333 0.285182
2.918919 2.000000 0.165276
3.000000 0.000000 0.539576
3.000000 0.666667 0.419671
3.000000 1.333333 0.299765
3.000000 2.000000 0.179859
