0.000000 0.000000 0.000000
0.000000 0.666667 -0.109005
0.000000 1.333333 -0.218011
0.000000 2.000000 -0.327016
0.081081 0.000000 0.013257
0.081081 0.666667 -0.095748
0.081081 1.333333 -0.204753
0.081081 2.000000 -0.313759
0.162162 0.000000 0.026515
0.162162 0.666667 -0.082491
0.162162 1.333333 -0.191496
0.162162 2.000000 -0.300501
0.243243 0.000000 0.039772
0.243243 0.666667 -0.069233
0.243243 1.333333 -0.178238
0.243243 2.000000 -0.287244
0.324324 0.000000 0.053030
0.324324 0.666667 -0.055976
0.324324 1.333333 -0.164981
0.324324 2.000000 -0.273986
0.405405 0.000000 0.066287
0.405405 0.666667 -0.042718
0.405405 1.333333 -0.151724
0.405405 2.000000 -0.260729
0.486486 0.000000 0.079544
0.486486 0.666667 -0.029461
0.486486 1.333333 -0.138466
0.486486 2.000000 -0.247472
0.567568 0.000000 0.092802
0.567568 0.666667 -0.016203
0.567568 1.333333 -0.125209
0.567568 2.000000 -0.234214
0.648649 0.000000 0.106059
0.648649 0.666667 -0.002946
0.648649 1.333333 -0.111951
0.648649 2.000000 -0.220957
0.729730 0.000000 0.119317
0.729730 0.666667 0.010311
0.729730 1.333333 -0.098694
0.729730 2.000000 -0.207699
0.810811 0.000000 0.132574
0.810811 0.666667 0.023569
0.810811 1.333333 -0.085437
0.810811 2.000000 -0.194442
0.891892 0.000000 0.145831
0.891892 0.666667 0.036826
0.891892 1.333333 -0.072179
0.891892 2.000000 -0.181185
0.972973 0.000000 0.159089
0.972973 0.666667 0.050084
0.972973 1.333333 -0.058922
0.972973 2.000000 -0.167927
1.054054 0.000000 0.172346
1.054054 0.666667 0.063341
1.054054 1.333333 -0.045664
1.054054 2.000000 -0.154670
1.135135 0.000000 0.185604
1.135135 0.666667 0.076598
1.135135 1.333333 -0.032407
1.135135 2.000000 -0.141412
1.216216 0.000000 0.198861
1.216216 0.666667 0.089856
1.216216 1.333333 -0.019150
1.216216 2.000000 -0.128155
1.297297 0.000000 0.212118
1.297297 0.666667 0.103113
1.297297 1.333333 -0.005892
1.297297 2.000000 -0.114898
1.378378 0.000000 0.225376
1.378378 0.666667 0.116371
1.378378 1.333333 0.007365
1.378378 2.000000 -0.101640
1.459459 0.000000 0.238633
1.459459 0.666667 0.129628
1.459459 1.333333 0.020623
1.459459 2.000000 -0.088383
1.540541 0.000000 0.251891
1.540541 0.666667 0.142885
1.540541 1.333333 0.033880
1.540541 2.000000 -0.075125
1.621622 0.000000 0.265148
1.621622 0.666667 0.156143
1.621622 1.333333 0.047137
1.621622 2.000000 -0.061868
1.702703 0.000000 0.278405
1.702703 0.666667 0.169400
1.702703 1.333333 0.060395
1.702703 2.000000 -0.048610
1.783784 0.000000 0.291663
1.783784 0.666667 0.182658
1.783784 1.333333 0.073652
1.783784 2.000000 -0.035353
1.864865 0.000000 0.304920
1.864865 0.666667 0.195915
1.864865 1.333333 0.086910
1.864865 2.000000 -0.022096
1.945946 0.000000 0.318178
1.945946 0.666667 0.209172
1.945946 1.333333 0.100167
1.945946 2.000000 -0.008838
2.027027 0.000000 0.331435
2.027027 0.666667 0.222430
2.027027 1.333333 0.113424
2.027027 2.000000 0.004419
2.108108 0.000000 0.344693
2.108108 0.666667 0.235687
2.108108 1.333333 0.126682
2.108108 2.000000 0.017677
2.189189 0.000000 0.357950
2.189189 0.666667 0.248945
2.189189 1.333333 0.139939
2.189189 2.000000 0.030934
2.270270 0.000000 0.371207
2.270270 0.666667 0.262202
2.270270 1.333333 0.153197
2.270270 2.000000 0.044191
2.351351 0.000000 0.384465
2.351351 0.666667 0.275459
2.351351 1.333333 0.166454
2.351351 2.000000 0.057449
2.432432 0.000000 0.397722
2.432432 0.666667 0.288717
2.432432 1.333333 0.179711
2.432432 2.000000 0.070706
2.513514 0.000000 0.410980
2.513514 0.666667 0.301974
2.513514 1.333333 0.192969
2.513514 2.000000 0.083964
2.594595 0.000000 0.424237
2.594595 0.666667 0.315232
2.594595 1.333333 0.206226
2.594595 2.000000 0.097221
2.675676 0.000000 0.437494
2.675676 0.666667 0.328489
2.675676 1.333333 0.219484
2.675676 2.000000 0.110478
2.756757 0.000000 0.450752
2.756757 0.666667 0.341746
2.756757 1.333333 0.232741
2.756757 2.000000 0.123736
2.837838 0.000000 0.464009
2.837838 0.666667 0.355004
2.837838 1.333333 0.245999
2.837838 2.000000 0.136993
2.918919 0.000000 0.477267
2.918919 0.666667 0.368261
2.918919 1.333333 0.259256
2.918919 2.000000 0.150251
3.000000 0.000000 0.490524
3.000000 0.666667 0.381519
3.000000 1.333333 0.272513
3.000000 2.000000 0.163508
