0.000000 0.000000 0.000000
0.000000 0.666667 -0.550964
0.000000 1.333333 -1.101928
0.000000 2.000000 -1.652893
0.081081 0.000000 0.067009
0.081081 0.666667 -0.483955
0.081081 1.333333 -1.034919
0.081081 2.000000 -1.585883
0.162162 0.000000 0.134018
0.162162 0.666667 -0.416946
0.162162 1.333333 -0.967910
0.162162 2.000000 -1.518874
0.243243 0.000000 0.201027
0.243243 0.666667 -0.349937
0.243243 1.333333 -0.900901
0.243243 2.000000 -1.451865
0.324324 0.000000 0.268037
0.324324 0.666667 -0.282928
0.324324 1.333333 -0.833892
0.324324 2.000000 -1.384856
0.405405 0.000000 0.335046
0.405405 0.666667 -0.215918
0.405405 1.333333 -0.766883
0.405405 2.000000 -1.317847
0.486486 0.000000 0.402055
0.486486 0.666667 -0.148909
0.486486 1.333333 -0.699873
0.486486 2.000000 -1.250838
0.567568 0.000000 0.469064
0.567568 0.666667 -0.081900
0.567568 1.333333 -0.632864
0.567568 2.000000 -1.183828
0.648649 0.000000 0.536073
0.648649 0.666667 -0.014891
0.648649 1.333333 -0.565855
0.648649 2.000000 -1.116819
0.729730 0.000000 0.603082
0.729730 0.666667 0.052118
0.729730 1.333333 -0.498846
0.729730 2.000000 -1.049810
0.810811 0.000000 0.670092
0.810811 0.666667 0.119127
0.810811 1.333333 -0.431837
0.810811 2.000000 -0.982801
0.891892 0.000000 0.737101
0.891892 0.666667 0.186137
0.891892 1.333333 -0.364828
0.891892 2.000000 -0.915792
0.972973 0.000000 0.804110
0.972973 0.666667 0.253146
0.972973 1.333333 -0.297818
0.972973 2.000000 -0.848783
1.054054 0.000000 0.871119
1.054054 0.666667 0.320155
1.054054 1.333333 -0.230809
1.054054 2.000000 -0.781774
1.135135 0.000000 0.938128
1.135135 0.666667 0.387164
1.135135 1.333333 -0.163800
1.135135 2.000000 -0.714764
1.216216 0.000000 1.005137
1.216216 0.666667 0.454173
1.216216 1.333333 -0.096791
1.216216 2.000000 -0.647755
1.297297 0.000000 1.072147
1.297297 0.666667 0.521182
1.297297 1.333333 -0.029782
1.297297 2.000000 -0.580746
1.378378 0.000000 1.139156
1.378378 0.666667 0.588191
1.378378 1.333333 0.037227
1.378378 2.000000 -0.513737
1.459459 0.000000 1.206165
1.459459 0.666667 0.655201
1.459459 1.333333 0.104236
1.459459 2.000000 -0.446728
1.540541 0.000000 1.273174
1.540541 0.666667 0.722210
1.540541 1.333333 0.171246
1.540541 2.000000 -0.379719
1.621622 0.000000 1.340183
1.621622 0.666667 0.789219
1.621622 1.333333 0.238255
1.621622 2.000000 -0.312709
1.702703 0.000000 1.407192
1.702703 0.666667 0.856228
1.702703 1.333333 0.305264
1.702703 2.000000 -0.245700
1.783784 0.000000 1.474201
1.783784 0.666667 0.923237
1.783784 1.333333 0.372273
1.783784 2.000000 -0.178691
1.864865 0.000000 1.541211
1.864865 0.666667 0.990246
1.864865 1.333333 0.439282
1.864865 2.000000 -0.111682
1.945946 0.000000 1.608220
1.945946 0.666667 1.057256
1.945946 1.333333 0.506291
1.945946 2.000000 -0.044673
2.027027 0.000000 1.675229
2.027027 0.666667 1.124265
2.027027 1.333333 0.573301
2.027027 2.000000 0.022336
2.108108 0.000000 1.742238
2.108108 0.666667 1.191274
2.108108 1.333333 0.640310
2.108108 2.000000 0.089346
2.189189 0.000000 1.809247
2.189189 0.666667 1.258283
2.189189 1.333333 0.707319
2.189189 2.000000 0.156355
2.270270 0.000000 1.876256
2.270270 0.666667 1.325292
2.270270 1.333333 0.774328
2.270270 2.000000 0.223364
2.351351 0.000000 1.943266
2.351351 0.666667 1.392301
2.351351 1.333333 0.841337
2.351351 2.000000 0.290373
2.432432 0.000000 2.010275
2.432432 0.666667 1.459311
2.432432 1.333333 0.908346
2.432432 2.000000 0.357382
2.513514 0.000000 2.077284
2.513514 0.666667 1.526320
2.513514 1.333333 0.975356
2.513514 2.000000 0.424391
2.594595 0.000000 2.144293
2.594595 0.666667 1.593329
2.594595 1.333333 1.042365
2.594595 2.000000 0.491400
2.675676 0.000000 2.211302
2.675676 0.666667 1.660338
2.675676 1.333333 1.109374
2.675676 2.000000 0.558410
2.756757 0.000000 2.278311
2.756757 0.666667 1.727347
2.756757 1.333333 1.176383
2.756757 2.000000 0.625419
2.837838 0.000000 2.345321
2.837838 0.666667 1.794356
2.837838 1.333333 1.243392
2.837838 2.000000 0.692428
2.918919 0.000000 2.412330
2.918919 0.666667 1.861365
2.918919 1.333333 1.310401
2.918919 2.000000 0.759437
3.000000 0.000000 2.479339
3.000000 0.666667 1.928375
3.000000 1.333333 1.377410
3.000000 2.000000 0.826446
