0.000000 0.000000 0.000000
0.000000 0.666667 -0.099096
0.000000 1.333333 -0.198192
0.000000 2.000000 -0.297287
0.081081 0.000000 0.012052
0.081081 0.666667 -0.087044
0.081081 1.333333 -0.186139
0.081081 2.000000 -0.285235
0.162162 0.000000 0.024104
0.162162 0.666667 -0.074991
0.162162 1.333333 -0.174087
0.162162 2.000000 -0.273183
0.243243 0.000000 0.036157
0.243243 0.666667 -0.062939
0.243243 1.333333 -0.162035
0.243243 2.000000 -0.261131
0.324324 0.000000 0.048209
0.324324 0.666667 -0.050887
0.324324 1.333333 -0.149983
0.324324 2.000000 -0.249079
0.405405 0.000000 0.060261
0.405405 0.666667 -0.038835
0.405405 1.333333 -0.137931
0.405405 2.000000 -0.237026
0.486486 0.000000 0.072313
0.486486 0.666667 -0.026783
0.486486 1.333333 -0.125878
0.486486 2.000000 -0.224974
0.567568 0.000000 0.084365
0.567568 0.666667 -0.014730
0.567568 1.333333 -0.113826
0.567568 2.000000 -0.212922
0.648649 0.000000 0.096417
0.648649 0.666667 -0.002678
0.648649 1.333333 -0.101774
0.648649 2.000000 -0.200870
0.729730 0.000000 0.108470
0.729730 0.666667 0.009374
0.729730 1.333333 -0.089722
0.729730 2.000000 -0.188818
0.810811 0.000000 0.120522
0.810811 0.666667 0.021426
0.810811 1.333333 -0.077670
0.810811 2.000000 -0.176765
0.891892 0.000000 0.132574
0.891892 0.666667 0.033478
0.891892 1.333333 -0.065617
0.891892 2.000000 -0.164713
0.972973 0.000000 0.144626
0.972973 0.666667 0.045530
0.972973 1.333333 -0.053565
0.972973 2.000000 -0.152661
1.054054 0.000000 0.156678
1.054054 0.666667 0.057583
1.054054 1.333333 -0.041513
1.054054 2.000000 -0.140609
1.135135 0.000000 0.168731
1.135135 0.666667 0.069635
1.135135 1.333333 -0.029461
1.135135 2.000000 -0.128557
1.216216 0.000000 0.180783
1.216216 0.666667 0.081687
1.216216 1.333333 -0.017409
1.216216 2.000000 -0.116504
1.297297 0.000000 0.192835
1.297297 0.666667 0.093739
1.297297 1.333333 -0.005357
1.297297 2.000000 -0.104452
1.378378 0.000000 0.204887
1.378378 0.666667 0.105791
1.378378 1.333333 0.006696
1.378378 2.000000 -0.092400
1.459459 0.000000 0.216939
1.459459 0.666667 0.117844
1.459459 1.333333 0.018748
1.459459 2.000000 -0.080348
1.540541 0.000000 0.228992
1.540541 0.666667 0.129896
1.540541 1.333333 0.030800
1.540541 2.000000 -0.068296
1.621622 0.000000 0.241044
1.621622 0.666667 0.141948
1.621622 1.333333 0.042852
1.621622 2.000000 -0.056244
1.702703 0.000000 0.253096
1.702703 0.666667 0.154000
1.702703 1.333333 0.054904
1.702703 2.000000 -0.044191
1.783784 0.000000 0.265148
1.783784 0.666667 0.166052
1.783784 1.333333 0.066957
1.783784 2.000000 -0.032139
1.864865 0.000000 0.277200
1.864865 0.666667 0.178105
1.864865 1.333333 0.079009
1.864865 2.000000 -0.020087
1.945946 0.000000 0.289252
1.945946 0.666667 0.190157
1.945946 1.333333 0.091061
1.945946 2.000000 -0.008035
2.027027 0.000000 0.301305
2.027027 0.666667 0.202209
2.027027 1.333333 0.103113
2.027027 2.000000 0.004017
2.108108 0.000000 0.313357
2.108108 0.666667 0.214261
2.108108 1.333333 0.115165
2.108108 2.000000 0.016070
2.189189 0.000000 0.325409
2.189189 0.666667 0.226313
2.189189 1.333333 0.127218
2.189189 2.000000 0.028122
2.270270 0.000000 0.337461
2.270270 0.666667 0.238365
2.270270 1.333333 0.139270
2.270270 2.000000 0.040174
2.351351 0.000000 0.349513
2.351351 0.666667 0.250418
2.351351 1.333333 0.151322
2.351351 2.000000 0.052226
2.432432 0.000000 0.361566
2.432432 0.666667 0.262470
2.432432 1.333333 0.163374
2.432432 2.000000 0.064278
2.513514 0.000000 0.373618
2.513514 0.666667 0.274522
2.513514 1.333333 0.175426
2.513514 2.000000 0.076331
2.594595 0.000000 0.385670
2.594595 0.666667 0.286574
2.594595 1.333333 0.187478
2.594595 2.000000 0.088383
2.675676 0.000000 0.397722
2.675676 0.666667 0.298626
2.675676 1.333333 0.199531
2.675676 2.000000 0.100435
2.756757 0.000000 0.409774
2.756757 0.666667 0.310679
2.756757 1.333333 0.211583
2.756757 2.000000 0.112487
2.837838 0.000000 0.421827
2.837838 0.666667 0.322731
2.837838 1.333333 0.223635
2.837838 2.000000 0.124539
2.918919 0.000000 0.433879
2.918919 0.666667 0.334783
2.918919 1.333333 0.235687
2.918919 2.000000 0.136591
3.000000 0.000000 0.445931
3.000000 0.666667 0.346835
3.000000 1.333333 0.247739
3.000000 2.000000 0.148644
