0.000000 0.000000 0.000000
0.000000 0.666667 -0.090087
0.000000 1.333333 -0.180174
0.000000 2.000000 -0.270261
0.081081 0.000000 0.010957
0.081081 0.666667 -0.079131
0.081081 1.333333 -0.169218
0.081081 2.000000 -0.259305
0.162162 0.000000 0.021913
0.162162 0.666667 -0.068174
0.162162 1.333333 -0.158261
0.162162 2.000000 -0.248348
0.243243 0.000000 0.032870
0.243243 0.666667 -0.057217
0.243243 1.333333 -0.147304
0.243243 2.000000 -0.237392
0.324324 0.000000 0.043826
0.324324 0.666667 -0.046261
0.324324 1.333333 -0.136348
0.324324 2.000000 -0.226435
0.405405 0.000000 0.054783
0.405405 0.666667 -0.035304
0.405405 1.333333 -0.125391
0.405405 2.000000 -0.215478
0.486486 0.000000 0.065739
0.486486 0.666667 -0.024348
0.486486 1.333333 -0.114435
0.486486 2.000000 -0.204522
0.567568 0.000000 0.076696
0.567568 0.666667 -0.013391
0.567568 1.333333 -0.103478
0.567568 2.000000 -0.193565
0.648649 0.000000 0.087652
0.648649 0.666667 -0.002435
0.648649 1.333333 -0.092522
0.648649 2.000000 -0.182609
0.729730 0.000000 0.098609
0.729730 0.666667 0.008522
0.729730 1.333333 -0.081565
0.729730 2.000000 -0.171652
0.810811 0.000000 0.109565
0.810811 0.666667 0.019478
0.810811 1.333333 -0.070609
0.810811 2.000000 -0.160696
0.891892 0.000000 0.120522
0.891892 0.666667 0.030435
0.891892 1.333333 -0.059652
0.891892 2.000000 -0.149739
0.972973 0.000000 0.131478
0.972973 0.666667 0.041391
0.972973 1.333333 -0.048696
0.972973 2.000000 -0.138783
1.054054 0.000000 0.142435
1.054054 0.666667 0.052348
1.054054 1.333333 -0.037739
1.054054 2.000000 -0.127826
1.135135 0.000000 0.153391
1.135135 0.666667 0.063304
1.135135 1.333333 -0.026783
1.135135 2.000000 -0.116870
1.216216 0.000000 0.164348
1.216216 0.666667 0.074261
1.216216 1.333333 -0.015826
1.216216 2.000000 -0.105913
1.297297 0.000000 0.175305
1.297297 0.666667 0.085217
1.297297 1.333333 -0.004870
1.297297 2.000000 -0.094957
1.378378 0.000000 0.186261
1.378378 0.666667 0.096174
1.378378 1.333333 0.006087
1.378378 2.000000 -0.084000
1.459459 0.000000 0.197218
1.459459 0.666667 0.107131
1.459459 1.333333 0.017043
1.459459 2.000000 -0.073044
1.540541 0.000000 0.208174
1.540541 0.666667 0.118087
1.540541 1.333333 0.028000
1.540541 2.000000 -0.062087
1.621622 0.000000 0.219131
1.621622 0.666667 0.129044
1.621622 1.333333 0.038957
1.621622 2.000000 -0.051130
1.702703 0.000000 0.230087
1.702703 0.666667 0.140000
1.702703 1.333333 0.049913
1.702703 2.000000 -0.040174
1.783784 0.000000 0.241044
1.783784 0.666667 0.150957
1.783784 1.333333 0.060870
1.783784 2.000000 -0.029217
1.864865 0.000000 0.252000
1.864865 0.666667 0.161913
1.864865 1.333333 0.071826
1.864865 2.000000 -0.018261
1.945946 0.000000 0.262957
1.945946 0.666667 0.172870
1.945946 1.333333 0.082783
1.945946 2.000000 -0.007304
2.027027 0.000000 0.273913
2.027027 0.666667 0.183826
2.027027 1.333333 0.093739
2.027027 2.000000 0.003652
2.108108 0.000000 0.284870
2.108108 0.666667 0.194783
2.108108 1.333333 0.104696
2.108108 2.000000 0.014609
2.189189 0.000000 0.295826
2.189189 0.666667 0.205739
2.189189 1.333333 0.115652
2.189189 2.000000 0.025565
2.270270 0.000000 0.306783
2.270270 0.666667 0.216696
2.270270 1.333333 0.126609
2.270270 2.000000 0.036522
2.351351 0.000000 0.317739
2.351351 0.666667 0.227652
2.351351 1.333333 0.137565
2.351351 2.000000 0.047478
2.432432 0.000000 0.328696
2.432432 0.666667 0.238609
2.432432 1.333333 0.148522
2.432432 2.000000 0.058435
2.513514 0.000000 0.339653
2.513514 0.666667 0.249565
2.513514 1.333333 0.159478
2.513514 2.000000 0.069391
2.594595 0.000000 0.350609
2.594595 0.666667 0.260522
2.594595 1.333333 0.170435
2.594595 2.000000 0.080348
2.675676 0.000000 0.361566
2.675676 0.666667 0.271479
2.675676 1.333333 0.181391
2.675676 2.000000 0.091304
2.756757 0.000000 0.372522
2.756757 0.666667 0.282435
2.756757 1.333333 0.192348
2.756757 2.000000 0.102261
2.837838 0.000000 0.383479
2.837838 0.666667 0.293392
2.837838 1.333333 0.203305
2.837838 2.000000 0.113218
2.918919 0.000000 0.394435
2.918919 0.666667 0.304348
2.918919 1.333333 0.214261
2.918919 2.000000 0.124174
3.000000 0.000000 0.405392
3.000000 0.666667 0.315305
3.000000 1.333333 0.225218
3.000000 2.000000 0.135131
