0.000000 0.000000 0.000000
0.000000 0.500000 -0.061423
0.000000 1.000000 -0.122846
0.000000 1.500000 -0.184269
0.000000 2.000000 -0.245692
0.081081 0.000000 0.009960
0.081081 0.500000 -0.051463
0.081081 1.000000 -0.112885
0.081081 1.500000 -0.174308
0.081081 2.000000 -0.235731
0.162162 0.000000 0.019921
0.162162 0.500000 -0.041502
0.162162 1.000000 -0.102925
0.162162 1.500000 -0.164348
0.162162 2.000000 -0.225771
0.243243 0.000000 0.029881
0.243243 0.500000 -0.031542
0.243243 1.000000 -0.092965
0.243243 1.500000 -0.154388
0.243243 2.000000 -0.215810
0.324324 0.000000 0.039842
0.324324 0.500000 -0.021581
0.324324 1.000000 -0.083004
0.324324 1.500000 -0.144427
0.324324 2.000000 -0.205850
0.405405 0.000000 0.049802
0.405405 0.500000 -0.011621
0.405405 1.000000 -0.073044
0.405405 1.500000 -0.134467
0.405405 2.000000 -0.195890
0.486486 0.000000 0.059763
0.486486 0.500000 -0.001660
0.486486 1.000000 -0.063083
0.486486 1.500000 -0.124506
0.486486 2.000000 -0.185929
0.567568 0.000000 0.069723
0.567568 0.500000 0.008300
0.567568 1.000000 -0.053123
0.567568 1.500000 -0.114546
0.567568 2.000000 -0.175969
0.648649 0.000000 0.079684
0.648649 0.500000 0.018261
0.648649 1.000000 -0.043162
0.648649 1.500000 -0.104585
0.648649 2.000000 -0.166008
0.729730 0.000000 0.089644
0.729730 0.500000 0.028221
0.729730 1.000000 -0.033202
0.729730 1.500000 -0.094625
0.729730 2.000000 -0.156048
0.810811 0.000000 0.099605
0.810811 0.500000 0.038182
0.810811 1.000000 -0.023241
0.810811 1.500000 -0.084664
0.810811 2.000000 -0.146087
0.891892 0.000000 0.109565
0.891892 0.500000 0.048142
0.891892 1.000000 -0.013281
0.891892 1.500000 -0.074704
0.891892 2.000000 -0.136127
0.972973 0.000000 0.119526
0.972973 0.500000 0.058103
0.972973 1.000000 -0.003320
0.972973 1.500000 -0.064743
0.972973 2.000000 -0.126166
1.054054 0.000000 0.129486
1.054054 0.500000 0.068063
1.054054 1.000000 0.006640
1.054054 1.500000 -0.054783
1.054054 2.000000 -0.116206
1.135135 0.000000 0.139447
1.135135 0.500000 0.078024
1.135135 1.000000 0.016601
1.135135 1.500000 -0.044822
1.135135 2.000000 -0.106245
1.216216 0.000000 0.149407
1.216216 0.500000 0.087984
1.216216 1.000000 0.026561
1.216216 1.500000 -0.034862
1.216216 2.000000 -0.096285
1.297297 0.000000 0.159368
1.297297 0.500000 0.097945
1.297297 1.000000 0.036522
1.297297 1.500000 -0.024901
1.297297 2.000000 -0.086324
1.378378 0.000000 0.169328
1.378378 0.500000 0.107905
1.378378 1.000000 0.046482
1.378378 1.500000 -0.014941
1.378378 2.000000 -0.076364
1.459459 0.000000 0.179289
1.459459 0.500000 0.117866
1.459459 1.000000 0.056443
1.459459 1.500000 -0.004980
1.459459 2.000000 -0.066403
1.540541 0.000000 0.189249
1.540541 0.500000 0.127826
1.540541 1.000000 0.066403
1.540541 1.500000 0.004980
1.540541 2.000000 -0.056443
1.621622 0.000000 0.199210
1.621622 0.500000 0.137787
1.621622 1.000000 0.076364
1.621622 1.500000 0.014941
1.621622 2.000000 -0.046482
1.702703 0.000000 0.209170
1.702703 0.500000 0.147747
1.702703 1.000000 0.086324
1.702703 1.500000 0.024901
1.702703 2.000000 -0.036522
1.783784 0.000000 0.219131
1.783784 0.500000 0.157708
1.783784 1.000000 0.096285
1.783784 1.500000 0.034862
1.783784 2.000000 -0.026561
1.864865 0.000000 0.229091
1.864865 0.500000 0.167668
1.864865 1.000000 0.106245
1.864865 1.500000 0.044822
1.864865 2.000000 -0.016601
1.945946 0.000000 0.239052
1.945946 0.500000 0.177629
1.945946 1.000000 0.116206
1.945946 1.500000 0.054783
1.945946 2.000000 -0.006640
2.027027 0.000000 0.249012
2.027027 0.500000 0.187589
2.027027 1.000000 0.126166
2.027027 1.500000 0.064743
2.027027 2.000000 0.003320
2.108108 0.000000 0.258973
2.108108 0.500000 0.197550
2.108108 1.000000 0.136127
2.108108 1.500000 0.074704
2.108108 2.000000 0.013281
2.189189 0.000000 0.268933
2.189189 0.500000 0.207510
2.189189 1.000000 0.146087
2.189189 1.500000 0.084664
2.189189 2.000000 0.023241
2.270270 0.000000 0.278894
2.270270 0.500000 0.217471
2.270270 1.000000 0.156048
2.270270 1.500000 0.094625
2.270270 2.000000 0.033202
2.351351 0.000000 0.288854
2.351351 0.500000 0.227431
2.351351 1.000000 0.166008
2.351351 1.500000 0.104585
2.351351 2.000000 0.043162
2.432432 0.000000 0.298815
2.432432 0.500000 0.237392
2.432432 1.000000 0.175969
2.432432 1.500000 0.114546
2.432432 2.000000 0.053123
2.513514 0.000000 0.308775
2.513514 0.500000 0.247352
2.513514 1.000000 0.185929
2.513514 1.500000 0.124506
2.513514 2.000000 0.063083
2.594595 0.000000 0.318735
2.594595 0.500000 0.257313
2.594595 1.000000 0.195890
2.594595 1.500000 0.134467
2.594595 2.000000 0.073044
2.675676 0.000000 0.328696
2.675676 0.500000 0.267273
2.675676 1.000000 0.205850
2.675676 1.500000 0.144427
2.675676 2.000000 0.083004
2.756757 0.000000 0.338656
2.756757 0.500000 0.277233
2.756757 1.000000 0.215810
2.756757 1.500000 0.154388
2.756757 2.000000 0.092965
2.837838 0.000000 0.348617
2.837838 0.500000 0.287194
2.837838 1.000000 0.225771
2.837838 1.500000 0.164348
2.837838 2.000000 0.102925
2.918919 0.000000 0.358577
2.918919 0.500000 0.297154
2.918919 1.000000 0.235731
2.918919 1.500000 0.174308
2.918919 2.000000 0.112885
3.000000 0.000000 0.368538
3.000000 0.500000 0.307115
3.000000 1.000000 0.245692
3.000000 1.500000 0.184269
3.000000 2.000000 0.122846
