0.000000 0.000000 0.000000
0.000000 0.666667 -0.074452
0.000000 1.333333 -0.148904
0.000000 2.000000 -0.223356
0.081081 0.000000 0.009055
0.081081 0.666667 -0.065397
0.081081 1.333333 -0.139849
0.081081 2.000000 -0.214301
0.162162 0.000000 0.018110
0.162162 0.666667 -0.056342
0.162162 1.333333 -0.130794
0.162162 2.000000 -0.205246
0.243243 0.000000 0.027165
0.243243 0.666667 -0.047287
0.243243 1.333333 -0.121739
0.243243 2.000000 -0.196191
0.324324 0.000000 0.036220
0.324324 0.666667 -0.038232
0.324324 1.333333 -0.112684
0.324324 2.000000 -0.187136
0.405405 0.000000 0.045275
0.405405 0.666667 -0.029177
0.405405 1.333333 -0.103629
0.405405 2.000000 -0.178081
0.486486 0.000000 0.054330
0.486486 0.666667 -0.020122
0.486486 1.333333 -0.094574
0.486486 2.000000 -0.169026
0.567568 0.000000 0.063385
0.567568 0.666667 -0.011067
0.567568 1.333333 -0.085519
0.567568 2.000000 -0.159971
0.648649 0.000000 0.072440
0.648649 0.666667 -0.002012
0.648649 1.333333 -0.076464
0.648649 2.000000 -0.150916
0.729730 0.000000 0.081495
0.729730 0.666667 0.007043
0.729730 1.333333 -0.067409
0.729730 2.000000 -0.141861
0.810811 0.000000 0.090550
0.810811 0.666667 0.016098
0.810811 1.333333 -0.058354
0.810811 2.000000 -0.132806
0.891892 0.000000 0.099605
0.891892 0.666667 0.025153
0.891892 1.333333 -0.049299
0.891892 2.000000 -0.123751
0.972973 0.000000 0.108660
0.972973 0.666667 0.034208
0.972973 1.333333 -0.040244
0.972973 2.000000 -0.114696
1.054054 0.000000 0.117715
1.054054 0.666667 0.043263
1.054054 1.333333 -0.031189
1.054054 2.000000 -0.105642
1.135135 0.000000 0.126770
1.135135 0.666667 0.052318
1.135135 1.333333 -0.022134
1.135135 2.000000 -0.096587
1.216216 0.000000 0.135825
1.216216 0.666667 0.061373
1.216216 1.333333 -0.013079
1.216216 2.000000 -0.087532
1.297297 0.000000 0.144880
1.297297 0.666667 0.070428
1.297297 1.333333 -0.004024
1.297297 2.000000 -0.078477
1.378378 0.000000 0.153935
1.378378 0.666667 0.079483
1.378378 1.333333 0.005031
1.378378 2.000000 -0.069422
1.459459 0.000000 0.162990
1.459459 0.666667 0.088538
1.459459 1.333333 0.014086
1.459459 2.000000 -0.060367
1.540541 0.000000 0.172045
1.540541 0.666667 0.097593
1.540541 1.333333 0.023141
1.540541 2.000000 -0.051312
1.621622 0.000000 0.181100
1.621622 0.666667 0.106648
1.621622 1.333333 0.032196
1.621622 2.000000 -0.042257
1.702703 0.000000 0.190155
1.702703 0.666667 0.115703
1.702703 1.333333 0.041250
1.702703 2.000000 -0.033202
1.783784 0.000000 0.199210
1.783784 0.666667 0.124758
1.783784 1.333333 0.050305
1.783784 2.000000 -0.024147
1.864865 0.000000 0.208265
1.864865 0.666667 0.133813
1.864865 1.333333 0.059360
1.864865 2.000000 -0.015092
1.945946 0.000000 0.217320
1.945946 0.666667 0.142868
1.945946 1.333333 0.068415
1.945946 2.000000 -0.006037
2.027027 0.000000 0.226375
2.027027 0.666667 0.151923
2.027027 1.333333 0.077470
2.027027 2.000000 0.003018
2.108108 0.000000 0.235430
2.108108 0.666667 0.160978
2.108108 1.333333 0.086525
2.108108 2.000000 0.012073
2.189189 0.000000 0.244485
2.189189 0.666667 0.170033
2.189189 1.333333 0.095580
2.189189 2.000000 0.021128
2.270270 0.000000 0.253540
2.270270 0.666667 0.179087
2.270270 1.333333 0.104635
2.270270 2.000000 0.030183
2.351351 0.000000 0.262595
2.351351 0.666667 0.188142
2.351351 1.333333 0.113690
2.351351 2.000000 0.039238
2.432432 0.000000 0.271650
2.432432 0.666667 0.197197
2.432432 1.333333 0.122745
2.432432 2.000000 0.048293
2.513514 0.000000 0.280705
2.513514 0.666667 0.206252
2.513514 1.333333 0.131800
2.513514 2.000000 0.057348
2.594595 0.000000 0.289760
2.594595 0.666667 0.215307
2.594595 1.333333 0.140855
2.594595 2.000000 0.066403
2.675676 0.000000 0.298815
2.675676 0.666667 0.224362
2.675676 1.333333 0.149910
2.675676 2.000000 0.075458
2.756757 0.000000 0.307870
2.756757 0.666667 0.233417
2.756757 1.333333 0.158965
2.756757 2.000000 0.084513
2.837838 0.000000 0.316925
2.837838 0.666667 0.242472
2.837838 1.333333 0.168020
2.837838 2.000000 0.093568
2.918919 0.000000 0.325979
2.918919 0.666667 0.251527
2.918919 1.333333 0.177075
2.918919 2.000000 0.102623
3.000000 0.000000 0.335034
3.000000 0.666667 0.260582
3.000000 1.333333 0.186130
3.000000 2.000000 0.111678
