0.000000 0.000000 0.000000
0.000000 0.666667 -0.067684
0.000000 1.333333 -0.135367
0.000000 2.000000 -0.203051
0.081081 0.000000 0.008232
0.081081 0.666667 -0.059452
0.081081 1.333333 -0.127136
0.081081 2.000000 -0.194819
0.162162 0.000000 0.016464
0.162162 0.666667 -0.051220
0.162162 1.333333 -0.118904
0.162162 2.000000 -0.186588
0.243243 0.000000 0.024695
0.243243 0.666667 -0.042988
0.243243 1.333333 -0.110672
0.243243 2.000000 -0.178356
0.324324 0.000000 0.032927
0.324324 0.666667 -0.034757
0.324324 1.333333 -0.102440
0.324324 2.000000 -0.170124
0.405405 0.000000 0.041159
0.405405 0.666667 -0.026525
0.405405 1.333333 -0.094208
0.405405 2.000000 -0.161892
0.486486 0.000000 0.049391
0.486486 0.666667 -0.018293
0.486486 1.333333 -0.085977
0.486486 2.000000 -0.153660
0.567568 0.000000 0.057623
0.567568 0.666667 -0.010061
0.567568 1.333333 -0.077745
0.567568 2.000000 -0.145429
0.648649 0.000000 0.065854
0.648649 0.666667 -0.001829
0.648649 1.333333 -0.069513
0.648649 2.000000 -0.137197
0.729730 0.000000 0.074086
0.729730 0.666667 0.006403
0.729730 1.333333 -0.061281
0.729730 2.000000 -0.128965
0.810811 0.000000 0.082318
0.810811 0.666667 0.014634
0.810811 1.333333 -0.053049
0.810811 2.000000 -0.120733
0.891892 0.000000 0.090550
0.891892 0.666667 0.022866
0.891892 1.333333 -0.044818
0.891892 2.000000 -0.112501
0.972973 0.000000 0.098782
0.972973 0.666667 0.031098
0.972973 1.333333 -0.036586
0.972973 2.000000 -0.104270
1.054054 0.000000 0.107013
1.054054 0.666667 0.039330
1.054054 1.333333 -0.028354
1.054054 2.000000 -0.096038
1.135135 0.000000 0.115245
1.135135 0.666667 0.047562
1.135135 1.333333 -0.020122
1.135135 2.000000 -0.087806
1.216216 0.000000 0.123477
1.216216 0.666667 0.055793
1.216216 1.333333 -0.011890
1.216216 2.000000 -0.079574
1.297297 0.000000 0.131709
1.297297 0.666667 0.064025
1.297297 1.333333 -0.003659
1.297297 2.000000 -0.071342
1.378378 0.000000 0.139941
1.378378 0.666667 0.072257
1.378378 1.333333 0.004573
1.378378 2.000000 -0.063111
1.459459 0.000000 0.148172
1.459459 0.666667 0.080489
1.459459 1.333333 0.012805
1.459459 2.000000 -0.054879
1.540541 0.000000 0.156404
1.540541 0.666667 0.088721
1.540541 1.333333 0.021037
1.540541 2.000000 -0.046647
1.621622 0.000000 0.164636
1.621622 0.666667 0.096952
1.621622 1.333333 0.029269
1.621622 2.000000 -0.038415
1.702703 0.000000 0.172868
1.702703 0.666667 0.105184
1.702703 1.333333 0.037500
1.702703 2.000000 -0.030183
1.783784 0.000000 0.181100
1.783784 0.666667 0.113416
1.783784 1.333333 0.045732
1.783784 2.000000 -0.021951
1.864865 0.000000 0.189332
1.864865 0.666667 0.121648
1.864865 1.333333 0.053964
1.864865 2.000000 -0.013720
1.945946 0.000000 0.197563
1.945946 0.666667 0.129880
1.945946 1.333333 0.062196
1.945946 2.000000 -0.005488
2.027027 0.000000 0.205795
2.027027 0.666667 0.138111
2.027027 1.333333 0.070428
2.027027 2.000000 0.002744
2.108108 0.000000 0.214027
2.108108 0.666667 0.146343
2.108108 1.333333 0.078659
2.108108 2.000000 0.010976
2.189189 0.000000 0.222259
2.189189 0.666667 0.154575
2.189189 1.333333 0.086891
2.189189 2.000000 0.019208
2.270270 0.000000 0.230491
2.270270 0.666667 0.162807
2.270270 1.333333 0.095123
2.270270 2.000000 0.027439
2.351351 0.000000 0.238722
2.351351 0.666667 0.171039
2.351351 1.333333 0.103355
2.351351 2.000000 0.035671
2.432432 0.000000 0.246954
2.432432 0.666667 0.179270
2.432432 1.333333 0.111587
2.432432 2.000000 0.043903
2.513514 0.000000 0.255186
2.513514 0.666667 0.187502
2.513514 1.333333 0.119818
2.513514 2.000000 0.052135
2.594595 0.000000 0.263418
2.594595 0.666667 0.195734
2.594595 1.333333 0.128050
2.594595 2.000000 0.060367
2.675676 0.000000 0.271650
2.675676 0.666667 0.203966
2.675676 1.333333 0.136282
2.675676 2.000000 0.068598
2.756757 0.000000 0.279881
2.756757 0.666667 0.212198
2.756757 1.333333 0.144514
2.756757 2.000000 0.076830
2.837838 0.000000 0.288113
2.837838 0.666667 0.220429
2.837838 1.333333 0.152746
2.837838 2.000000 0.085062
2.918919 0.000000 0.296345
2.918919 0.666667 0.228661
2.918919 1.333333 0.160978
2.918919 2.000000 0.093294
3.000000 0.000000 0.304577
3.000000 0.666667 0.236893
3.000000 1.333333 0.169209
3.000000 2.000000 0.101526
