0.000000 0.000000 0.000000
0.000000 0.500000 -0.046148
0.000000 1.000000 -0.092296
0.000000 1.500000 -0.138444
0.000000 2.000000 -0.184592
0.081081 0.000000 0.007483
0.081081 0.500000 -0.038665
0.081081 1.000000 -0.084813
0.081081 1.500000 -0.130961
0.081081 2.000000 -0.177109
0.162162 0.000000 0.014967
0.162162 0.500000 -0.031181
0.162162 1.000000 -0.077329
0.162162 1.500000 -0.123477
0.162162 2.000000 -0.169625
0.243243 0.000000 0.022450
0.243243 0.500000 -0.023698
0.243243 1.000000 -0.069846
0.243243 1.500000 -0.115994
0.243243 2.000000 -0.162142
0.324324 0.000000 0.029934
0.324324 0.500000 -0.016214
0.324324 1.000000 -0.062362
0.324324 1.500000 -0.108510
0.324324 2.000000 -0.154658
0.405405 0.000000 0.037417
0.405405 0.500000 -0.008731
0.405405 1.000000 -0.054879
0.405405 1.500000 -0.101027
0.405405 2.000000 -0.147175
0.486486 0.000000 0.044901
0.486486 0.500000 -0.001247
0.486486 1.000000 -0.047395
0.486486 1.500000 -0.093543
0.486486 2.000000 -0.139691
0.567568 0.000000 0.052384
0.567568 0.500000 0.006236
0.567568 1.000000 -0.039912
0.567568 1.500000 -0.086060
0.567568 2.000000 -0.132208
0.648649 0.000000 0.059868
0.648649 0.500000 0.013720
0.648649 1.000000 -0.032428
0.648649 1.500000 -0.078576
0.648649 2.000000 -0.124724
0.729730 0.000000 0.067351
0.729730 0.500000 0.021203
0.729730 1.000000 -0.024945
0.729730 1.500000 -0.071093
0.729730 2.000000 -0.117241
0.810811 0.000000 0.074835
0.810811 0.500000 0.028687
0.810811 1.000000 -0.017461
0.810811 1.500000 -0.063609
0.810811 2.000000 -0.109757
0.891892 0.000000 0.082318
0.891892 0.500000 0.036170
0.891892 1.000000 -0.009978
0.891892 1.500000 -0.056126
0.891892 2.000000 -0.102274
0.972973 0.000000 0.089802
0.972973 0.500000 0.043654
0.972973 1.000000 -0.002494
0.972973 1.500000 -0.048642
0.972973 2.000000 -0.094790
1.054054 0.000000 0.097285
1.054054 0.500000 0.051137
1.054054 1.000000 0.004989
1.054054 1.500000 -0.041159
1.054054 2.000000 -0.087307
1.135135 0.000000 0.104768
1.135135 0.500000 0.058620
1.135135 1.000000 0.012472
1.135135 1.500000 -0.033676
1.135135 2.000000 -0.079824
1.216216 0.000000 0.112252
1.216216 0.500000 0.066104
1.216216 1.000000 0.019956
1.216216 1.500000 -0.026192
1.216216 2.000000 -0.072340
1.297297 0.000000 0.119735
1.297297 0.500000 0.073587
1.297297 1.000000 0.027439
1.297297 1.500000 -0.018709
1.297297 2.000000 -0.064857
1.378378 0.000000 0.127219
1.378378 0.500000 0.081071
1.378378 1.000000 0.034923
1.378378 1.500000 -0.011225
1.378378 2.000000 -0.057373
1.459459 0.000000 0.134702
1.459459 0.500000 0.088554
1.459459 1.000000 0.042406
1.459459 1.500000 -0.003742
1.459459 2.000000 -0.049890
1.540541 0.000000 0.142186
1.540541 0.500000 0.096038
1.540541 1.000000 0.049890
1.540541 1.500000 0.003742
1.540541 2.000000 -0.042406
1.621622 0.000000 0.149669
1.621622 0.500000 0.103521
1.621622 1.000000 0.057373
1.621622 1.500000 0.011225
1.621622 2.000000 -0.034923
1.702703 0.000000 0.157153
1.702703 0.500000 0.111005
1.702703 1.000000 0.064857
1.702703 1.500000 0.018709
1.702703 2.000000 -0.027439
1.783784 0.000000 0.164636
1.783784 0.500000 0.118488
1.783784 1.000000 0.072340
1.783784 1.500000 0.026192
1.783784 2.000000 -0.019956
1.864865 0.000000 0.172120
1.864865 0.500000 0.125972
1.864865 1.000000 0.079824
1.864865 1.500000 0.033676
1.864865 2.000000 -0.012472
1.945946 0.000000 0.179603
1.945946 0.500000 0.133455
1.945946 1.000000 0.087307
1.945946 1.500000 0.041159
1.945946 2.000000 -0.004989
2.027027 0.000000 0.187086
2.027027 0.500000 0.140938
2.027027 1.000000 0.094790
2.027027 1.500000 0.048642
2.027027 2.000000 0.002494
2.108108 0.000000 0.194570
2.108108 0.500000 0.148422
2.108108 1.000000 0.102274
2.108108 1.500000 0.056126
2.108108 2.000000 0.009978
2.189189 0.000000 0.202053
2.189189 0.500000 0.155905
2.189189 1.000000 0.109757
2.189189 1.500000 0.063609
2.189189 2.000000 0.017461
2.270270 0.000000 0.209537
2.270270 0.500000 0.163389
2.270270 1.000000 0.117241
2.270270 1.500000 0.071093
2.270270 2.000000 0.024945
2.351351 0.000000 0.217020
2.351351 0.500000 0.170872
2.351351 1.000000 0.124724
2.351351 1.500000 0.078576
2.351351 2.000000 0.032428
2.432432 0.000000 0.224504
2.432432 0.500000 0.178356
2.432432 1.000000 0.132208
2.432432 1.500000 0.086060
2.432432 2.000000 0.039912
2.513514 0.000000 0.231987
2.513514 0.500000 0.185839
2.513514 1.000000 0.139691
2.513514 1.500000 0.093543
2.513514 2.000000 0.047395
2.594595 0.000000 0.239471
2.594595 0.500000 0.193323
2.594595 1.000000 0.147175
2.594595 1.500000 0.101027
2.594595 2.000000 0.054879
2.675676 0.000000 0.246954
2.675676 0.500000 0.200806
2.675676 1.000000 0.154658
2.675676 1.500000 0.108510
2.675676 2.000000 0.062362
2.756757 0.000000 0.254438
2.756757 0.500000 0.208290
2.756757 1.000000 0.162142
2.756757 1.500000 0.115994
2.756757 2.000000 0.069846
2.837838 0.000000 0.261921
2.837838 0.500000 0.215773
2.837838 1.000000 0.169625
2.837838 1.500000 0.123477
2.837838 2.000000 0.077329
2.918919 0.000000 0.269405
2.918919 0.500000 0.223257
2.918919 1.000000 0.177109
2.918919 1.500000 0.130961
2.918919 2.000000 0.084813
3.000000 0.000000 0.276888
3.000000 0.500000 0.230740
3.000000 1.000000 0.184592
3.000000 1.500000 0.138444
3.000000 2.000000 0.092296
