0.000000 0.000000 0.000000
0.000000 0.500000 -0.041953
0.000000 1.000000 -0.083905
0.000000 1.500000 -0.125858
0.000000 2.000000 -0.167811
0.081081 0.000000 0.006803
0.081081 0.500000 -0.035150
0.081081 1.000000 -0.077102
0.081081 1.500000 -0.119055
0.081081 2.000000 -0.161008
0.162162 0.000000 0.013606
0.162162 0.500000 -0.028346
0.162162 1.000000 -0.070299
0.162162 1.500000 -0.112252
0.162162 2.000000 -0.154205
0.243243 0.000000 0.020409
0.243243 0.500000 -0.021543
0.243243 1.000000 -0.063496
0.243243 1.500000 -0.105449
0.243243 2.000000 -0.147401
0.324324 0.000000 0.027213
0.324324 0.500000 -0.014740
0.324324 1.000000 -0.056693
0.324324 1.500000 -0.098646
0.324324 2.000000 -0.140598
0.405405 0.000000 0.034016
0.405405 0.500000 -0.007937
0.405405 1.000000 -0.049890
0.405405 1.500000 -0.091842
0.405405 2.000000 -0.133795
0.486486 0.000000 0.040819
0.486486 0.500000 -0.001134
0.486486 1.000000 -0.043087
0.486486 1.500000 -0.085039
0.486486 2.000000 -0.126992
0.567568 0.000000 0.047622
0.567568 0.500000 0.005669
0.567568 1.000000 -0.036283
0.567568 1.500000 -0.078236
0.567568 2.000000 -0.120189
0.648649 0.000000 0.054425
0.648649 0.500000 0.012472
0.648649 1.000000 -0.029480
0.648649 1.500000 -0.071433
0.648649 2.000000 -0.113386
0.729730 0.000000 0.061228
0.729730 0.500000 0.019276
0.729730 1.000000 -0.022677
0.729730 1.500000 -0.064630
0.729730 2.000000 -0.106583
0.810811 0.000000 0.068031
0.810811 0.500000 0.026079
0.810811 1.000000 -0.015874
0.810811 1.500000 -0.057827
0.810811 2.000000 -0.099779
0.891892 0.000000 0.074835
0.891892 0.500000 0.032882
0.891892 1.000000 -0.009071
0.891892 1.500000 -0.051024
0.891892 2.000000 -0.092976
0.972973 0.000000 0.081638
0.972973 0.500000 0.039685
0.972973 1.000000 -0.002268
0.972973 1.500000 -0.044220
0.972973 2.000000 -0.086173
1.054054 0.000000 0.088441
1.054054 0.500000 0.046488
1.054054 1.000000 0.004535
1.054054 1.500000 -0.037417
1.054054 2.000000 -0.079370
1.135135 0.000000 0.095244
1.135135 0.500000 0.053291
1.135135 1.000000 0.011339
1.135135 1.500000 -0.030614
1.135135 2.000000 -0.072567
1.216216 0.000000 0.102047
1.216216 0.500000 0.060094
1.216216 1.000000 0.018142
1.216216 1.500000 -0.023811
1.216216 2.000000 -0.065764
1.297297 0.000000 0.108850
1.297297 0.500000 0.066898
1.297297 1.000000 0.024945
1.297297 1.500000 -0.017008
1.297297 2.000000 -0.058961
1.378378 0.000000 0.115653
1.378378 0.500000 0.073701
1.378378 1.000000 0.031748
1.378378 1.500000 -0.010205
1.378378 2.000000 -0.052157
1.459459 0.000000 0.122457
1.459459 0.500000 0.080504
1.459459 1.000000 0.038551
1.459459 1.500000 -0.003402
1.459459 2.000000 -0.045354
1.540541 0.000000 0.129260
1.540541 0.500000 0.087307
1.540541 1.000000 0.045354
1.540541 1.500000 0.003402
1.540541 2.000000 -0.038551
1.621622 0.000000 0.136063
1.621622 0.500000 0.094110
1.621622 1.000000 0.052157
1.621622 1.500000 0.010205
1.621622 2.000000 -0.031748
1.702703 0.000000 0.142866
1.702703 0.500000 0.100913
1.702703 1.000000 0.058961
1.702703 1.500000 0.017008
1.702703 2.000000 -0.024945
1.783784 0.000000 0.149669
1.783784 0.500000 0.107716
1.783784 1.000000 0.065764
1.783784 1.500000 0.023811
1.783784 2.000000 -0.018142
1.864865 0.000000 0.156472
1.864865 0.500000 0.114520
1.864865 1.000000 0.072567
1.864865 1.500000 0.030614
1.864865 2.000000 -0.011339
1.945946 0.000000 0.163275
1.945946 0.500000 0.121323
1.945946 1.000000 0.079370
1.945946 1.500000 0.037417
1.945946 2.000000 -0.004535
2.027027 0.000000 0.170079
2.027027 0.500000 0.128126
2.027027 1.000000 0.086173
2.027027 1.500000 0.044220
2.027027 2.000000 0.002268
2.108108 0.000000 0.176882
2.108108 0.500000 0.134929
2.108108 1.000000 0.092976
2.108108 1.500000 0.051024
2.108108 2.000000 0.009071
2.189189 0.000000 0.183685
2.189189 0.500000 0.141732
2.189189 1.000000 0.099779
2.189189 1.500000 0.057827
2.189189 2.000000 0.015874
2.270270 0.000000 0.190488
2.270270 0.500000 0.148535
2.270270 1.000000 0.106583
2.270270 1.500000 0.064630
2.270270 2.000000 0.022677
2.351351 0.000000 0.197291
2.351351 0.500000 0.155338
2.351351 1.000000 0.113386
2.351351 1.500000 0.071433
2.351351 2.000000 0.029480
2.432432 0.000000 0.204094
2.432432 0.500000 0.162142
2.432432 1.000000 0.120189
2.432432 1.500000 0.078236
2.432432 2.000000 0.036283
2.513514 0.000000 0.210897
2.513514 0.500000 0.168945
2.513514 1.000000 0.126992
2.513514 1.500000 0.085039
2.513514 2.000000 0.043087
2.594595 0.000000 0.217701
2.594595 0.500000 0.175748
2.594595 1.000000 0.133795
2.594595 1.500000 0.091842
2.594595 2.000000 0.049890
2.675676 0.000000 0.224504
2.675676 0.500000 0.182551
2.675676 1.000000 0.140598
2.675676 1.500000 0.098646
2.675676 2.000000 0.056693
2.756757 0.000000 0.231307
2.756757 0.500000 0.189354
2.756757 1.000000 0.147401
2.756757 1.500000 0.105449
2.756757 2.000000 0.063496
2.837838 0.000000 0.238110
2.837838 0.500000 0.196157
2.837838 1.000000 0.154205
2.837838 1.500000 0.112252
2.837838 2.000000 0.070299
2.918919 0.000000 0.244913
2.918919 0.500000 0.202960
2.918919 1.000000 0.161008
2.918919 1.500000 0.119055
2.918919 2.000000 0.077102
3.000000 0.000000 0.251716
3.000000 0.500000 0.209764
3.000000 1.000000 0.167811
3.000000 1.500000 0.125858
3.000000 2.000000 0.083905
