0.000000 0.000000 0.000000
0.000000 0.500000 -0.038139
0.000000 1.000000 -0.076278
0.000000 1.500000 -0.114417
0.000000 2.000000 -0.152555
0.081081 0.000000 0.006185
0.081081 0.500000 -0.031954
0.081081 1.000000 -0.070093
0.081081 1.500000 -0.108232
0.081081 2.000000 -0.146371
0.162162 0.000000 0.012369
0.162162 0.500000 -0.025769
0.162162 1.000000 -0.063908
0.162162 1.500000 -0.102047
0.162162 2.000000 -0.140186
0.243243 0.000000 0.018554
0.243243 0.500000 -0.019585
0.243243 1.000000 -0.057724
0.243243 1.500000 -0.095862
0.243243 2.000000 -0.134001
0.324324 0.000000 0.024739
0.324324 0.500000 -0.013400
0.324324 1.000000 -0.051539
0.324324 1.500000 -0.089678
0.324324 2.000000 -0.127817
0.405405 0.000000 0.030923
0.405405 0.500000 -0.007215
0.405405 1.000000 -0.045354
0.405405 1.500000 -0.083493
0.405405 2.000000 -0.121632
0.486486 0.000000 0.037108
0.486486 0.500000 -0.001031
0.486486 1.000000 -0.039170
0.486486 1.500000 -0.077308
0.486486 2.000000 -0.115447
0.567568 0.000000 0.043293
0.567568 0.500000 0.005154
0.567568 1.000000 -0.032985
0.567568 1.500000 -0.071124
0.567568 2.000000 -0.109263
0.648649 0.000000 0.049477
0.648649 0.500000 0.011339
0.648649 1.000000 -0.026800
0.648649 1.500000 -0.064939
0.648649 2.000000 -0.103078
0.729730 0.000000 0.055662
0.729730 0.500000 0.017523
0.729730 1.000000 -0.020616
0.729730 1.500000 -0.058754
0.729730 2.000000 -0.096893
0.810811 0.000000 0.061847
0.810811 0.500000 0.023708
0.810811 1.000000 -0.014431
0.810811 1.500000 -0.052570
0.810811 2.000000 -0.090709
0.891892 0.000000 0.068031
0.891892 0.500000 0.029893
0.891892 1.000000 -0.008246
0.891892 1.500000 -0.046385
0.891892 2.000000 -0.084524
0.972973 0.000000 0.074216
0.972973 0.500000 0.036077
0.972973 1.000000 -0.002062
0.972973 1.500000 -0.040200
0.972973 2.000000 -0.078339
1.054054 0.000000 0.080401
1.054054 0.500000 0.042262
1.054054 1.000000 0.004123
1.054054 1.500000 -0.034016
1.054054 2.000000 -0.072155
1.135135 0.000000 0.086585
1.135135 0.500000 0.048447
1.135135 1.000000 0.010308
1.135135 1.500000 -0.027831
1.135135 2.000000 -0.065970
1.216216 0.000000 0.092770
1.216216 0.500000 0.054631
1.216216 1.000000 0.016492
1.216216 1.500000 -0.021646
1.216216 2.000000 -0.059785
1.297297 0.000000 0.098955
1.297297 0.500000 0.060816
1.297297 1.000000 0.022677
1.297297 1.500000 -0.015462
1.297297 2.000000 -0.053601
1.378378 0.000000 0.105140
1.378378 0.500000 0.067001
1.378378 1.000000 0.028862
1.378378 1.500000 -0.009277
1.378378 2.000000 -0.047416
1.459459 0.000000 0.111324
1.459459 0.500000 0.073185
1.459459 1.000000 0.035047
1.459459 1.500000 -0.003092
1.459459 2.000000 -0.041231
1.540541 0.000000 0.117509
1.540541 0.500000 0.079370
1.540541 1.000000 0.041231
1.540541 1.500000 0.003092
1.540541 2.000000 -0.035047
1.621622 0.000000 0.123694
1.621622 0.500000 0.085555
1.621622 1.000000 0.047416
1.621622 1.500000 0.009277
1.621622 2.000000 -0.028862
1.702703 0.000000 0.129878
1.702703 0.500000 0.091739
1.702703 1.000000 0.053601
1.702703 1.500000 0.015462
1.702703 2.000000 -0.022677
1.783784 0.000000 0.136063
1.783784 0.500000 0.097924
1.783784 1.000000 0.059785
1.783784 1.500000 0.021646
1.783784 2.000000 -0.016492
1.864865 0.000000 0.142248
1.864865 0.500000 0.104109
1.864865 1.000000 0.065970
1.864865 1.500000 0.027831
1.864865 2.000000 -0.010308
1.945946 0.000000 0.148432
1.945946 0.500000 0.110293
1.945946 1.000000 0.072155
1.945946 1.500000 0.034016
1.945946 2.000000 -0.004123
2.027027 0.000000 0.154617
2.027027 0.500000 0.116478
2.027027 1.000000 0.078339
2.027027 1.500000 0.040200
2.027027 2.000000 0.002062
2.108108 0.000000 0.160802
2.108108 0.500000 0.122663
2.108108 1.000000 0.084524
2.108108 1.500000 0.046385
2.108108 2.000000 0.008246
2.189189 0.000000 0.166986
2.189189 0.500000 0.128847
2.189189 1.000000 0.090709
2.189189 1.500000 0.052570
2.189189 2.000000 0.014431
2.270270 0.000000 0.173171
2.270270 0.500000 0.135032
2.270270 1.000000 0.096893
2.270270 1.500000 0.058754
2.270270 2.000000 0.020616
2.351351 0.000000 0.179356
2.351351 0.500000 0.141217
2.351351 1.000000 0.103078
2.351351 1.500000 0.064939
2.351351 2.000000 0.026800
2.432432 0.000000 0.185540
2.432432 0.500000 0.147401
2.432432 1.000000 0.109263
2.432432 1.500000 0.071124
2.432432 2.000000 0.032985
2.513514 0.000000 0.191725
2.513514 0.500000 0.153586
2.513514 1.000000 0.115447
2.513514 1.500000 0.077308
2.513514 2.000000 0.039170
2.594595 0.000000 0.197910
2.594595 0.500000 0.159771
2.594595 1.000000 0.121632
2.594595 1.500000 0.083493
2.594595 2.000000 0.045354
2.675676 0.000000 0.204094
2.675676 0.500000 0.165956
2.675676 1.000000 0.127817
2.675676 1.500000 0.089678
2.675676 2.000000 0.051539
2.756757 0.000000 0.210279
2.756757 0.500000 0.172140
2.756757 1.000000 0.134001
2.756757 1.500000 0.095862
2.756757 2.000000 0.057724
2.837838 0.000000 0.216464
2.837838 0.500000 0.178325
2.837838 1.000000 0.140186
2.837838 1.500000 0.102047
2.837838 2.000000 0.063908
2.918919 0.000000 0.222648
2.918919 0.500000 0.184510
2.918919 1.000000 0.146371
2.918919 1.500000 0.108232
2.918919 2.000000 0.070093
3.000000 0.000000 0.228833
3.000000 0.500000 0.190694
3.000000 1.000000 0.152555
3.000000 1.500000 0.114417
3.000000 2.000000 0.076278
