0.000000 0.000000 0.000000
0.000000 0.500000 -0.034672
0.000000 1.000000 -0.069343
0.000000 1.500000 -0.104015
0.000000 2.000000 -0.138687
0.081081 0.000000 0.005622
0.081081 0.500000 -0.029049
0.081081 1.000000 -0.063721
0.081081 1.500000 -0.098393
0.081081 2.000000 -0.133064
0.162162 0.000000 0.011245
0.162162 0.500000 -0.023427
0.162162 1.000000 -0.058098
0.162162 1.500000 -0.092770
0.162162 2.000000 -0.127442
0.243243 0.000000 0.016867
0.243243 0.500000 -0.017804
0.243243 1.000000 -0.052476
0.243243 1.500000 -0.087148
0.243243 2.000000 -0.121819
0.324324 0.000000 0.022490
0.324324 0.500000 -0.012182
0.324324 1.000000 -0.046854
0.324324 1.500000 -0.081525
0.324324 2.000000 -0.116197
0.405405 0.000000 0.028112
0.405405 0.500000 -0.006560
0.405405 1.000000 -0.041231
0.405405 1.500000 -0.075903
0.405405 2.000000 -0.110575
0.486486 0.000000 0.033735
0.486486 0.500000 -0.000937
0.486486 1.000000 -0.035609
0.486486 1.500000 -0.070280
0.486486 2.000000 -0.104952
0.567568 0.000000 0.039357
0.567568 0.500000 0.004685
0.567568 1.000000 -0.029986
0.567568 1.500000 -0.064658
0.567568 2.000000 -0.099330
0.648649 0.000000 0.044979
0.648649 0.500000 0.010308
0.648649 1.000000 -0.024364
0.648649 1.500000 -0.059036
0.648649 2.000000 -0.093707
0.729730 0.000000 0.050602
0.729730 0.500000 0.015930
0.729730 1.000000 -0.018741
0.729730 1.500000 -0.053413
0.729730 2.000000 -0.088085
0.810811 0.000000 0.056224
0.810811 0.500000 0.021553
0.810811 1.000000 -0.013119
0.810811 1.500000 -0.047791
0.810811 2.000000 -0.082462
0.891892 0.000000 0.061847
0.891892 0.500000 0.027175
0.891892 1.000000 -0.007497
0.891892 1.500000 -0.042168
0.891892 2.000000 -0.076840
0.972973 0.000000 0.067469
0.972973 0.500000 0.032798
0.972973 1.000000 -0.001874
0.972973 1.500000 -0.036546
0.972973 2.000000 -0.071217
1.054054 0.000000 0.073092
1.054054 0.500000 0.038420
1.054054 1.000000 0.003748
1.054054 1.500000 -0.030923
1.054054 2.000000 -0.065595
1.135135 0.000000 0.078714
1.135135 0.500000 0.044042
1.135135 1.000000 0.009371
1.135135 1.500000 -0.025301
1.135135 2.000000 -0.059973
1.216216 0.000000 0.084337
1.216216 0.500000 0.049665
1.216216 1.000000 0.014993
1.216216 1.500000 -0.019679
1.216216 2.000000 -0.054350
1.297297 0.000000 0.089959
1.297297 0.500000 0.055287
1.297297 1.000000 0.020616
1.297297 1.500000 -0.014056
1.297297 2.000000 -0.048728
1.378378 0.000000 0.095581
1.378378 0.500000 0.060910
1.378378 1.000000 0.026238
1.378378 1.500000 -0.008434
1.378378 2.000000 -0.043105
1.459459 0.000000 0.101204
1.459459 0.500000 0.066532
1.459459 1.000000 0.031860
1.459459 1.500000 -0.002811
1.459459 2.000000 -0.037483
1.540541 0.000000 0.106826
1.540541 0.500000 0.072155
1.540541 1.000000 0.037483
1.540541 1.500000 0.002811
1.540541 2.000000 -0.031860
1.621622 0.000000 0.112449
1.621622 0.500000 0.077777
1.621622 1.000000 0.043105
1.621622 1.500000 0.008434
1.621622 2.000000 -0.026238
1.702703 0.000000 0.118071
1.702703 0.500000 0.083399
1.702703 1.000000 0.048728
1.702703 1.500000 0.014056
1.702703 2.000000 -0.020616
1.783784 0.000000 0.123694
1.783784 0.500000 0.089022
1.783784 1.000000 0.054350
1.783784 1.500000 0.019679
1.783784 2.000000 -0.014993
1.864865 0.000000 0.129316
1.864865 0.500000 0.094644
1.864865 1.000000 0.059973
1.864865 1.500000 0.025301
1.864865 2.000000 -0.009371
1.945946 0.000000 0.134938
1.945946 0.500000 0.100267
1.945946 1.000000 0.065595
1.945946 1.500000 0.030923
1.945946 2.000000 -0.003748
2.027027 0.000000 0.140561
2.027027 0.500000 0.105889
2.027027 1.000000 0.071217
2.027027 1.500000 0.036546
2.027027 2.000000 0.001874
2.108108 0.000000 0.146183
2.108108 0.500000 0.111512
2.108108 1.000000 0.076840
2.108108 1.500000 0.042168
2.108108 2.000000 0.007497
2.189189 0.000000 0.151806
2.189189 0.500000 0.117134
2.189189 1.000000 0.082462
2.189189 1.500000 0.047791
2.189189 2.000000 0.013119
2.270270 0.000000 0.157428
2.270270 0.500000 0.122756
2.270270 1.000000 0.088085
2.270270 1.500000 0.053413
2.270270 2.000000 0.018741
2.351351 0.000000 0.163051
2.351351 0.500000 0.128379
2.351351 1.000000 0.093707
2.351351 1.500000 0.059036
2.351351 2.000000 0.024364
2.432432 0.000000 0.168673
2.432432 0.500000 0.134001
2.432432 1.000000 0.099330
2.432432 1.500000 0.064658
2.432432 2.000000 0.029986
2.513514 0.000000 0.174295
2.513514 0.500000 0.139624
2.513514 1.000000 0.104952
2.513514 1.500000 0.070280
2.513514 2.000000 0.035609
2.594595 0.000000 0.179918
2.594595 0.500000 0.145246
2.594595 1.000000 0.110575
2.594595 1.500000 0.075903
2.594595 2.000000 0.041231
2.675676 0.000000 0.185540
2.675676 0.500000 0.150869
2.675676 1.000000 0.116197
2.675676 1.500000 0.081525
2.675676 2.000000 0.046854
2.756757 0.000000 0.191163
2.756757 0.500000 0.156491
2.756757 1.000000 0.121819
2.756757 1.500000 0.087148
2.756757 2.000000 0.052476
2.837838 0.000000 0.196785
2.837838 0.500000 0.162114
2.837838 1.000000 0.127442
2.837838 1.500000 0.092770
2.837838 2.000000 0.058098
2.918919 0.000000 0.202408
2.918919 0.500000 0.167736
2.918919 1.000000 0.133064
2.918919 1.500000 0.098393
2.918919 2.000000 0.063721
3.000000 0.000000 0.208030
3.000000 0.500000 0.173358
3.000000 1.000000 0.138687
3.000000 1.500000 0.104015
3.000000 2.000000 0.069343
