0.000000 0.000000 0.000000
0.000000 0.500000 -0.031520
0.000000 1.000000 -0.063039
0.000000 1.500000 -0.094559
0.000000 2.000000 -0.126079
0.081081 0.000000 0.005111
0.081081 0.500000 -0.026408
0.081081 1.000000 -0.057928
0.081081 1.500000 -0.089448
0.081081 2.000000 -0.120968
0.162162 0.000000 0.010223
0.162162 0.500000 -0.021297
0.162162 1.000000 -0.052817
0.162162 1.500000 -0.084337
0.162162 2.000000 -0.115856
0.243243 0.000000 0.015334
0.243243 0.500000 -0.016186
0.243243 1.000000 -0.047705
0.243243 1.500000 -0.079225
0.243243 2.000000 -0.110745
0.324324 0.000000 0.020445
0.324324 0.500000 -0.011074
0.324324 1.000000 -0.042594
0.324324 1.500000 -0.074114
0.324324 2.000000 -0.105634
0.405405 0.000000 0.025557
0.405405 0.500000 -0.005963
0.405405 1.000000 -0.037483
0.405405 1.500000 -0.069003
0.405405 2.000000 -0.100522
0.486486 0.000000 0.030668
0.486486 0.500000 -0.000852
0.486486 1.000000 -0.032372
0.486486 1.500000 -0.063891
0.486486 2.000000 -0.095411
0.567568 0.000000 0.035779
0.567568 0.500000 0.004259
0.567568 1.000000 -0.027260
0.567568 1.500000 -0.058780
0.567568 2.000000 -0.090300
0.648649 0.000000 0.040890
0.648649 0.500000 0.009371
0.648649 1.000000 -0.022149
0.648649 1.500000 -0.053669
0.648649 2.000000 -0.085188
0.729730 0.000000 0.046002
0.729730 0.500000 0.014482
0.729730 1.000000 -0.017038
0.729730 1.500000 -0.048557
0.729730 2.000000 -0.080077
0.810811 0.000000 0.051113
0.810811 0.500000 0.019593
0.810811 1.000000 -0.011926
0.810811 1.500000 -0.043446
0.810811 2.000000 -0.074966
0.891892 0.000000 0.056224
0.891892 0.500000 0.024705
0.891892 1.000000 -0.006815
0.891892 1.500000 -0.038335
0.891892 2.000000 -0.069854
0.972973 0.000000 0.061336
0.972973 0.500000 0.029816
0.972973 1.000000 -0.001704
0.972973 1.500000 -0.033223
0.972973 2.000000 -0.064743
1.054054 0.000000 0.066447
1.054054 0.500000 0.034927
1.054054 1.000000 0.003408
1.054054 1.500000 -0.028112
1.054054 2.000000 -0.059632
1.135135 0.000000 0.071558
1.135135 0.500000 0.040039
1.135135 1.000000 0.008519
1.135135 1.500000 -0.023001
1.135135 2.000000 -0.054521
1.216216 0.000000 0.076670
1.216216 0.500000 0.045150
1.216216 1.000000 0.013630
1.216216 1.500000 -0.017890
1.216216 2.000000 -0.049409
1.297297 0.000000 0.081781
1.297297 0.500000 0.050261
1.297297 1.000000 0.018741
1.297297 1.500000 -0.012778
1.297297 2.000000 -0.044298
1.378378 0.000000 0.086892
1.378378 0.500000 0.055372
1.378378 1.000000 0.023853
1.378378 1.500000 -0.007667
1.378378 2.000000 -0.039187
1.459459 0.000000 0.092003
1.459459 0.500000 0.060484
1.459459 1.000000 0.028964
1.459459 1.500000 -0.002556
1.459459 2.000000 -0.034075
1.540541 0.000000 0.097115
1.540541 0.500000 0.065595
1.540541 1.000000 0.034075
1.540541 1.500000 0.002556
1.540541 2.000000 -0.028964
1.621622 0.000000 0.102226
1.621622 0.500000 0.070706
1.621622 1.000000 0.039187
1.621622 1.500000 0.007667
1.621622 2.000000 -0.023853
1.702703 0.000000 0.107337
1.702703 0.500000 0.075818
1.702703 1.000000 0.044298
1.702703 1.500000 0.012778
1.702703 2.000000 -0.018741
1.783784 0.000000 0.112449
1.783784 0.500000 0.080929
1.783784 1.000000 0.049409
1.783784 1.500000 0.017890
1.783784 2.000000 -0.013630
1.864865 0.000000 0.117560
1.864865 0.500000 0.086040
1.864865 1.000000 0.054521
1.864865 1.500000 0.023001
1.864865 2.000000 -0.008519
1.945946 0.000000 0.122671
1.945946 0.500000 0.091152
1.945946 1.000000 0.059632
1.945946 1.500000 0.028112
1.945946 2.000000 -0.003408
2.027027 0.000000 0.127783
2.027027 0.500000 0.096263
2.027027 1.000000 0.064743
2.027027 1.500000 0.033223
2.027027 2.000000 0.001704
2.108108 0.000000 0.132894
2.108108 0.500000 0.101374
2.108108 1.000000 0.069854
2.108108 1.500000 0.038335
2.108108 2.000000 0.006815
2.189189 0.000000 0.138005
2.189189 0.500000 0.106485
2.189189 1.000000 0.074966
2.189189 1.500000 0.043446
2.189189 2.000000 0.011926
2.270270 0.000000 0.143116
2.270270 0.500000 0.111597
2.270270 1.000000 0.080077
2.270270 1.500000 0.048557
2.270270 2.000000 0.017038
2.351351 0.000000 0.148228
2.351351 0.500000 0.116708
2.351351 1.000000 0.085188
2.351351 1.500000 0.053669
2.351351 2.000000 0.022149
2.432432 0.000000 0.153339
2.432432 0.500000 0.121819
2.432432 1.000000 0.090300
2.432432 1.500000 0.058780
2.432432 2.000000 0.027260
2.513514 0.000000 0.158450
2.513514 0.500000 0.126931
2.513514 1.000000 0.095411
2.513514 1.500000 0.063891
2.513514 2.000000 0.032372
2.594595 0.000000 0.163562
2.594595 0.500000 0.132042
2.594595 1.000000 0.100522
2.594595 1.500000 0.069003
2.594595 2.000000 0.037483
2.675676 0.000000 0.168673
2.675676 0.500000 0.137153
2.675676 1.000000 0.105634
2.675676 1.500000 0.074114
2.675676 2.000000 0.042594
2.756757 0.000000 0.173784
2.756757 0.500000 0.142265
2.756757 1.000000 0.110745
2.756757 1.500000 0.079225
2.756757 2.000000 0.047705
2.837838 0.000000 0.178896
2.837838 0.500000 0.147376
2.837838 1.000000 0.115856
2.837838 1.500000 0.084337
2.837838 2.000000 0.052817
2.918919 0.000000 0.184007
2.918919 0.500000 0.152487
2.918919 1.000000 0.120968
2.918919 1.500000 0.089448
2.918919 2.000000 0.057928
3.000000 0.000000 0.189118
3.000000 0.500000 0.157599
3.000000 1.000000 0.126079
3.000000 1.500000 0.094559
3.000000 2.000000 0.063039
