0.000000 0.000000 0.000000
0.000000 0.666667 -0.500877
0.000000 1.333333 -1.001753
0.000000 2.000000 -1.502630
0.081081 0.000000 0.060917
0.081081 0.666667 -0.439959
0.081081 1.333333 -0.940836
0.081081 2.000000 -1.441712
0.162162 0.000000 0.121835
0.162162 0.666667 -0.379042
0.162162 1.333333 -0.879918
0.162162 2.000000 -1.380795
0.243243 0.000000 0.182752
0.243243 0.666667 -0.318124
0.243243 1.333333 -0.819001
0.243243 2.000000 -1.319877
0.324324 0.000000 0.243670
0.324324 0.666667 -0.257207
0.324324 1.333333 -0.758083
0.324324 2.000000 -1.258960
0.405405 0.000000 0.304587
0.405405 0.666667 -0.196289
0.405405 1.333333 -0.697166
0.405405 2.000000 -1.198043
0.486486 0.000000 0.365504
0.486486 0.666667 -0.135372
0.486486 1.333333 -0.636249
0.486486 2.000000 -1.137125
0.567568 0.000000 0.426422
0.567568 0.666667 -0.074455
0.567568 1.333333 -0.575331
0.567568 2.000000 -1.076208
0.648649 0.000000 0.487339
0.648649 0.666667 -0.013537
0.648649 1.333333 -0.514414
0.648649 2.000000 -1.015290
0.729730 0.000000 0.548257
0.729730 0.666667 0.047380
0.729730 1.333333 -0.453496
0.729730 2.000000 -0.954373
0.810811 0.000000 0.609174
0.810811 0.666667 0.108298
0.810811 1.333333 -0.392579
0.810811 2.000000 -0.893455
0.891892 0.000000 0.670092
0.891892 0.666667 0.169215
0.891892 1.333333 -0.331661
0.891892 2.000000 -0.832538
0.972973 0.000000 0.731009
0.972973 0.666667 0.230132
0.972973 1.333333 -0.270744
0.972973 2.000000 -0.771621
1.054054 0.000000 0.791926
1.054054 0.666667 0.291050
1.054054 1.333333 -0.209827
1.054054 2.000000 -0.710703
1.135135 0.000000 0.852844
1.135135 0.666667 0.351967
1.135135 1.333333 -0.148909
1.135135 2.000000 -0.649786
1.216216 0.000000 0.913761
1.216216 0.666667 0.412885
1.216216 1.333333 -0.087992
1.216216 2.000000 -0.588868
1.297297 0.000000 0.974679
1.297297 0.666667 0.473802
1.297297 1.333333 -0.027074
1.297297 2.000000 -0.527951
1.378378 0.000000 1.035596
1.378378 0.666667 0.534720
1.378378 1.333333 0.033843
1.378378 2.000000 -0.467034
1.459459 0.000000 1.096513
1.459459 0.666667 0.595637
1.459459 1.333333 0.094760
1.459459 2.000000 -0.406116
1.540541 0.000000 1.157431
1.540541 0.666667 0.656554
1.540541 1.333333 0.155678
1.540541 2.000000 -0.345199
1.621622 0.000000 1.218348
1.621622 0.666667 0.717472
1.621622 1.333333 0.216595
1.621622 2.000000 -0.284281
1.702703 0.000000 1.279266
1.702703 0.666667 0.778389
1.702703 1.333333 0.277513
1.702703 2.000000 -0.223364
1.783784 0.000000 1.340183
1.783784 0.666667 0.839307
1.783784 1.333333 0.338430
1.783784 2.000000 -0.162446
1.864865 0.000000 1.401101
1.864865 0.666667 0.900224
1.864865 1.333333 0.399348
1.864865 2.000000 -0.101529
1.945946 0.000000 1.462018
1.945946 0.666667 0.961141
1.945946 1.333333 0.460265
1.945946 2.000000 -0.040612
2.027027 0.000000 1.522935
2.027027 0.666667 1.022059
2.027027 1.333333 0.521182
2.027027 2.000000 0.020306
2.108108 0.000000 1.583853
2.108108 0.666667 1.082976
2.108108 1.333333 0.582100
2.108108 2.000000 0.081223
2.189189 0.000000 1.644770
2.189189 0.666667 1.143894
2.189189 1.333333 0.643017
2.189189 2.000000 0.142141
2.270270 0.000000 1.705688
2.270270 0.666667 1.204811
2.270270 1.333333 0.703935
2.270270 2.000000 0.203058
2.351351 0.000000 1.766605
2.351351 0.666667 1.265729
2.351351 1.333333 0.764852
2.351351 2.000000 0.263975
2.432432 0.000000 1.827522
2.432432 0.666667 1.326646
2.432432 1.333333 0.825769
2.432432 2.000000 0.324893
2.513514 0.000000 1.888440
2.513514 0.666667 1.387563
2.513514 1.333333 0.886687
2.513514 2.000000 0.385810
2.594595 0.000000 1.949357
2.594595 0.666667 1.448481
2.594595 1.333333 0.947604
2.594595 2.000000 0.446728
2.675676 0.000000 2.010275
2.675676 0.666667 1.509398
2.675676 1.333333 1.008522
2.675676 2.000000 0.507645
2.756757 0.000000 2.071192
2.756757 0.666667 1.570316
2.756757 1.333333 1.069439
2.756757 2.000000 0.568563
2.837838 0.000000 2.132110
2.837838 0.666667 1.631233
2.837838 1.333333 1.130357
2.837838 2.000000 0.629480
2.918919 0.000000 2.193027
2.918919 0.666667 1.692150
2.918919 1.333333 1.191274
2.918919 2.000000 0.690397
3.000000 0.000000 2.253944
3.000000 0.666667 1.753068
3.000000 1.333333 1.252191
3.000000 2.000000 0.751315
