0.000000 0.000000 0.000000
0.000000 0.666667 -0.038206
0.000000 1.333333 -0.076411
0.000000 2.000000 -0.114617
0.081081 0.000000 0.004647
0.081081 0.666667 -0.033559
0.081081 1.333333 -0.071765
0.081081 2.000000 -0.109970
0.162162 0.000000 0.009293
0.162162 0.666667 -0.028912
0.162162 1.333333 -0.067118
0.162162 2.000000 -0.105324
0.243243 0.000000 0.013940
0.243243 0.666667 -0.024266
0.243243 1.333333 -0.062471
0.243243 2.000000 -0.100677
0.324324 0.000000 0.018587
0.324324 0.666667 -0.019619
0.324324 1.333333 -0.057825
0.324324 2.000000 -0.096031
0.405405 0.000000 0.023233
0.405405 0.666667 -0.014973
0.405405 1.333333 -0.053178
0.405405 2.000000 -0.091384
0.486486 0.000000 0.027880
0.486486 0.666667 -0.010326
0.486486 1.333333 -0.048532
0.486486 2.000000 -0.086737
0.567568 0.000000 0.032526
0.567568 0.666667 -0.005679
0.567568 1.333333 -0.043885
0.567568 2.000000 -0.082091
0.648649 0.000000 0.037173
0.648649 0.666667 -0.001033
0.648649 1.333333 -0.039238
0.648649 2.000000 -0.077444
0.729730 0.000000 0.041820
0.729730 0.666667 0.003614
0.729730 1.333333 -0.034592
0.729730 2.000000 -0.072797
0.810811 0.000000 0.046466
0.810811 0.666667 0.008261
0.810811 1.333333 -0.029945
0.810811 2.000000 -0.068151
0.891892 0.000000 0.051113
0.891892 0.666667 0.012907
0.891892 1.333333 -0.025298
0.891892 2.000000 -0.063504
0.972973 0.000000 0.055760
0.972973 0.666667 0.017554
0.972973 1.333333 -0.020652
0.972973 2.000000 -0.058857
1.054054 0.000000 0.060406
1.054054 0.666667 0.022201
1.054054 1.333333 -0.016005
1.054054 2.000000 -0.054211
1.135135 0.000000 0.065053
1.135135 0.666667 0.026847
1.135135 1.333333 -0.011358
1.135135 2.000000 -0.049564
1.216216 0.000000 0.069700
1.216216 0.666667 0.031494
1.216216 1.333333 -0.006712
1.216216 2.000000 -0.044918
1.297297 0.000000 0.074346
1.297297 0.666667 0.036141
1.297297 1.333333 -0.002065
1.297297 2.000000 -0.040271
1.378378 0.000000 0.078993
1.378378 0.666667 0.040787
1.378378 1.333333 0.002581
1.378378 2.000000 -0.035624
1.459459 0.000000 0.083640
1.459459 0.666667 0.045434
1.459459 1.333333 0.007228
1.459459 2.000000 -0.030978
1.540541 0.000000 0.088286
1.540541 0.666667 0.050080
1.540541 1.333333 0.011875
1.540541 2.000000 -0.026331
1.621622 0.000000 0.092933
1.621622 0.666667 0.054727
1.621622 1.333333 0.016521
1.621622 2.000000 -0.021684
1.702703 0.000000 0.097579
1.702703 0.666667 0.059374
1.702703 1.333333 0.021168
1.702703 2.000000 -0.017038
1.783784 0.000000 0.102226
1.783784 0.666667 0.064020
1.783784 1.333333 0.025815
1.783784 2.000000 -0.012391
1.864865 0.000000 0.106873
1.864865 0.666667 0.068667
1.864865 1.333333 0.030461
1.864865 2.000000 -0.007744
1.945946 0.000000 0.111519
1.945946 0.666667 0.073314
1.945946 1.333333 0.035108
1.945946 2.000000 -0.003098
2.027027 0.000000 0.116166
2.027027 0.666667 0.077960
2.027027 1.333333 0.039755
2.027027 2.000000 0.001549
2.108108 0.000000 0.120813
2.108108 0.666667 0.082607
2.108108 1.333333 0.044401
2.108108 2.000000 0.006196
2.189189 0.000000 0.125459
2.189189 0.666667 0.087254
2.189189 1.333333 0.049048
2.189189 2.000000 0.010842
2.270270 0.000000 0.130106
2.270270 0.666667 0.091900
2.270270 1.333333 0.053695
2.270270 2.000000 0.015489
2.351351 0.000000 0.134753
2.351351 0.666667 0.096547
2.351351 1.333333 0.058341
2.351351 2.000000 0.020135
2.432432 0.000000 0.139399
2.432432 0.666667 0.101193
2.432432 1.333333 0.062988
2.432432 2.000000 0.024782
2.513514 0.000000 0.144046
2.513514 0.666667 0.105840
2.513514 1.333333 0.067634
2.513514 2.000000 0.029429
2.594595 0.000000 0.148692
2.594595 0.666667 0.110487
2.594595 1.333333 0.072281
2.594595 2.000000 0.034075
2.675676 0.000000 0.153339
2.675676 0.666667 0.115133
2.675676 1.333333 0.076928
2.675676 2.000000 0.038722
2.756757 0.000000 0.157986
2.756757 0.666667 0.119780
2.756757 1.333333 0.081574
2.756757 2.000000 0.043369
2.837838 0.000000 0.162632
2.837838 0.666667 0.124427
2.837838 1.333333 0.086221
2.837838 2.000000 0.048015
2.918919 0.000000 0.167279
2.918919 0.666667 0.129073
2.918919 1.333333 0.090868
2.918919 2.000000 0.052662
3.000000 0.000000 0.171926
3.000000 0.666667 0.133720
3.000000 1.333333 0.095514
3.000000 2.000000 0.057309
