0.000000 0.000000 0.000000
0.000000 0.666667 -0.034732
0.000000 1.333333 -0.069465
0.000000 2.000000 -0.104197
0.081081 0.000000 0.004224
0.081081 0.666667 -0.030508
0.081081 1.333333 -0.065241
0.081081 2.000000 -0.099973
0.162162 0.000000 0.008448
0.162162 0.666667 -0.026284
0.162162 1.333333 -0.061016
0.162162 2.000000 -0.095749
0.243243 0.000000 0.012673
0.243243 0.666667 -0.022060
0.243243 1.333333 -0.056792
0.243243 2.000000 -0.091525
0.324324 0.000000 0.016897
0.324324 0.666667 -0.017836
0.324324 1.333333 -0.052568
0.324324 2.000000 -0.087300
0.405405 0.000000 0.021121
0.405405 0.666667 -0.013611
0.405405 1.333333 -0.048344
0.405405 2.000000 -0.083076
0.486486 0.000000 0.025345
0.486486 0.666667 -0.009387
0.486486 1.333333 -0.044120
0.486486 2.000000 -0.078852
0.567568 0.000000 0.029570
0.567568 0.666667 -0.005163
0.567568 1.333333 -0.039895
0.567568 2.000000 -0.074628
0.648649 0.000000 0.033794
0.648649 0.666667 -0.000939
0.648649 1.333333 -0.035671
0.648649 2.000000 -0.070404
0.729730 0.000000 0.038018
0.729730 0.666667 0.003286
0.729730 1.333333 -0.031447
0.729730 2.000000 -0.066179
0.810811 0.000000 0.042242
0.810811 0.666667 0.007510
0.810811 1.333333 -0.027223
0.810811 2.000000 -0.061955
0.891892 0.000000 0.046466
0.891892 0.666667 0.011734
0.891892 1.333333 -0.022999
0.891892 2.000000 -0.057731
0.972973 0.000000 0.050691
0.972973 0.666667 0.015958
0.972973 1.333333 -0.018774
0.972973 2.000000 -0.053507
1.054054 0.000000 0.054915
1.054054 0.666667 0.020182
1.054054 1.333333 -0.014550
1.054054 2.000000 -0.049283
1.135135 0.000000 0.059139
1.135135 0.666667 0.024407
1.135135 1.333333 -0.010326
1.135135 2.000000 -0.045058
1.216216 0.000000 0.063363
1.216216 0.666667 0.028631
1.216216 1.333333 -0.006102
1.216216 2.000000 -0.040834
1.297297 0.000000 0.067587
1.297297 0.666667 0.032855
1.297297 1.333333 -0.001877
1.297297 2.000000 -0.036610
1.378378 0.000000 0.071812
1.378378 0.666667 0.037079
1.378378 1.333333 0.002347
1.378378 2.000000 -0.032386
1.459459 0.000000 0.076036
1.459459 0.666667 0.041303
1.459459 1.333333 0.006571
1.459459 2.000000 -0.028161
1.540541 0.000000 0.080260
1.540541 0.666667 0.045528
1.540541 1.333333 0.010795
1.540541 2.000000 -0.023937
1.621622 0.000000 0.084484
1.621622 0.666667 0.049752
1.621622 1.333333 0.015019
1.621622 2.000000 -0.019713
1.702703 0.000000 0.088709
1.702703 0.666667 0.053976
1.702703 1.333333 0.019244
1.702703 2.000000 -0.015489
1.783784 0.000000 0.092933
1.783784 0.666667 0.058200
1.783784 1.333333 0.023468
1.783784 2.000000 -0.011265
1.864865 0.000000 0.097157
1.864865 0.666667 0.062425
1.864865 1.333333 0.027692
1.864865 2.000000 -0.007040
1.945946 0.000000 0.101381
1.945946 0.666667 0.066649
1.945946 1.333333 0.031916
1.945946 2.000000 -0.002816
2.027027 0.000000 0.105605
2.027027 0.666667 0.070873
2.027027 1.333333 0.036141
2.027027 2.000000 0.001408
2.108108 0.000000 0.109830
2.108108 0.666667 0.075097
2.108108 1.333333 0.040365
2.108108 2.000000 0.005632
2.189189 0.000000 0.114054
2.189189 0.666667 0.079321
2.189189 1.333333 0.044589
2.189189 2.000000 0.009857
2.270270 0.000000 0.118278
2.270270 0.666667 0.083546
2.270270 1.333333 0.048813
2.270270 2.000000 0.014081
2.351351 0.000000 0.122502
2.351351 0.666667 0.087770
2.351351 1.333333 0.053037
2.351351 2.000000 0.018305
2.432432 0.000000 0.126727
2.432432 0.666667 0.091994
2.432432 1.333333 0.057262
2.432432 2.000000 0.022529
2.513514 0.000000 0.130951
2.513514 0.666667 0.096218
2.513514 1.333333 0.061486
2.513514 2.000000 0.026753
2.594595 0.000000 0.135175
2.594595 0.666667 0.100443
2.594595 1.333333 0.065710
2.594595 2.000000 0.030978
2.675676 0.000000 0.139399
2.675676 0.666667 0.104667
2.675676 1.333333 0.069934
2.675676 2.000000 0.035202
2.756757 0.000000 0.143623
2.756757 0.666667 0.108891
2.756757 1.333333 0.074158
2.756757 2.000000 0.039426
2.837838 0.000000 0.147848
2.837838 0.666667 0.113115
2.837838 1.333333 0.078383
2.837838 2.000000 0.043650
2.918919 0.000000 0.152072
2.918919 0.666667 0.117339
2.918919 1.333333 0.082607
2.918919 2.000000 0.047874
3.000000 0.000000 0.156296
3.000000 0.666667 0.121564
3.000000 1.333333 0.086831
3.000000 2.000000 0.052099
