0.000000 0.000000 0.000000
0.000000 0.666667 -0.031575
0.000000 1.333333 -0.063150
0.000000 2.000000 -0.094725
0.081081 0.000000 0.003840
0.081081 0.666667 -0.027735
0.081081 1.333333 -0.059310
0.081081 2.000000 -0.090885
0.162162 0.000000 0.007680
0.162162 0.666667 -0.023895
0.162162 1.333333 -0.055470
0.162162 2.000000 -0.087044
0.243243 0.000000 0.011521
0.243243 0.666667 -0.020054
0.243243 1.333333 -0.051629
0.243243 2.000000 -0.083204
0.324324 0.000000 0.015361
0.324324 0.666667 -0.016214
0.324324 1.333333 -0.047789
0.324324 2.000000 -0.079364
0.405405 0.000000 0.019201
0.405405 0.666667 -0.012374
0.405405 1.333333 -0.043949
0.405405 2.000000 -0.075524
0.486486 0.000000 0.023041
0.486486 0.666667 -0.008534
0.486486 1.333333 -0.040109
0.486486 2.000000 -0.071684
0.567568 0.000000 0.026881
0.567568 0.666667 -0.004694
0.567568 1.333333 -0.036269
0.567568 2.000000 -0.067843
0.648649 0.000000 0.030722
0.648649 0.666667 -0.000853
0.648649 1.333333 -0.032428
0.648649 2.000000 -0.064003
0.729730 0.000000 0.034562
0.729730 0.666667 0.002987
0.729730 1.333333 -0.028588
0.729730 2.000000 -0.060163
0.810811 0.000000 0.038402
0.810811 0.666667 0.006827
0.810811 1.333333 -0.024748
0.810811 2.000000 -0.056323
0.891892 0.000000 0.042242
0.891892 0.666667 0.010667
0.891892 1.333333 -0.020908
0.891892 2.000000 -0.052483
0.972973 0.000000 0.046082
0.972973 0.666667 0.014507
0.972973 1.333333 -0.017068
0.972973 2.000000 -0.048643
1.054054 0.000000 0.049923
1.054054 0.666667 0.018348
1.054054 1.333333 -0.013227
1.054054 2.000000 -0.044802
1.135135 0.000000 0.053763
1.135135 0.666667 0.022188
1.135135 1.333333 -0.009387
1.135135 2.000000 -0.040962
1.216216 0.000000 0.057603
1.216216 0.666667 0.026028
1.216216 1.333333 -0.005547
1.216216 2.000000 -0.037122
1.297297 0.000000 0.061443
1.297297 0.666667 0.029868
1.297297 1.333333 -0.001707
1.297297 2.000000 -0.033282
1.378378 0.000000 0.065283
1.378378 0.666667 0.033708
1.378378 1.333333 0.002133
1.378378 2.000000 -0.029442
1.459459 0.000000 0.069124
1.459459 0.666667 0.037549
1.459459 1.333333 0.005974
1.459459 2.000000 -0.025601
1.540541 0.000000 0.072964
1.540541 0.666667 0.041389
1.540541 1.333333 0.009814
1.540541 2.000000 -0.021761
1.621622 0.000000 0.076804
1.621622 0.666667 0.045229
1.621622 1.333333 0.013654
1.621622 2.000000 -0.017921
1.702703 0.000000 0.080644
1.702703 0.666667 0.049069
1.702703 1.333333 0.017494
1.702703 2.000000 -0.014081
1.783784 0.000000 0.084484
1.783784 0.666667 0.052909
1.783784 1.333333 0.021334
1.783784 2.000000 -0.010241
1.864865 0.000000 0.088325
1.864865 0.666667 0.056750
1.864865 1.333333 0.025175
1.864865 2.000000 -0.006400
1.945946 0.000000 0.092165
1.945946 0.666667 0.060590
1.945946 1.333333 0.029015
1.945946 2.000000 -0.002560
2.027027 0.000000 0.096005
2.027027 0.666667 0.064430
2.027027 1.333333 0.032855
2.027027 2.000000 0.001280
2.108108 0.000000 0.099845
2.108108 0.666667 0.068270
2.108108 1.333333 0.036695
2.108108 2.000000 0.005120
2.189189 0.000000 0.103685
2.189189 0.666667 0.072110
2.189189 1.333333 0.040535
2.189189 2.000000 0.008960
2.270270 0.000000 0.107526
2.270270 0.666667 0.075951
2.270270 1.333333 0.044376
2.270270 2.000000 0.012801
2.351351 0.000000 0.111366
2.351351 0.666667 0.079791
2.351351 1.333333 0.048216
2.351351 2.000000 0.016641
2.432432 0.000000 0.115206
2.432432 0.666667 0.083631
2.432432 1.333333 0.052056
2.432432 2.000000 0.020481
2.513514 0.000000 0.119046
2.513514 0.666667 0.087471
2.513514 1.333333 0.055896
2.513514 2.000000 0.024321
2.594595 0.000000 0.122886
2.594595 0.666667 0.091311
2.594595 1.333333 0.059736
2.594595 2.000000 0.028161
2.675676 0.000000 0.126727
2.675676 0.666667 0.095152
2.675676 1.333333 0.063577
2.675676 2.000000 0.032002
2.756757 0.000000 0.130567
2.756757 0.666667 0.098992
2.756757 1.333333 0.067417
2.756757 2.000000 0.035842
2.837838 0.000000 0.134407
2.837838 0.666667 0.102832
2.837838 1.333333 0.071257
2.837838 2.000000 0.039682
2.918919 0.000000 0.138247
2.918919 0.666667 0.106672
2.918919 1.333333 0.075097
2.918919 2.000000 0.043522
3.000000 0.000000 0.142087
3.000000 0.666667 0.110512
3.000000 1.333333 0.078937
3.000000 2.000000 0.047362
