0.000000 0.000000 0.000000
0.000000 0.500000 -0.021528
0.000000 1.000000 -0.043057
0.000000 1.500000 -0.064585
0.000000 2.000000 -0.086114
0.081081 0.000000 0.003491
0.081081 0.500000 -0.018037
0.081081 1.000000 -0.039566
0.081081 1.500000 -0.061094
0.081081 2.000000 -0.082622
0.162162 0.000000 0.006982
0.162162 0.500000 -0.014546
0.162162 1.000000 -0.036075
0.162162 1.500000 -0.057603
0.162162 2.000000 -0.079131
0.243243 0.000000 0.010473
0.243243 0.500000 -0.011055
0.243243 1.000000 -0.032583
0.243243 1.500000 -0.054112
0.243243 2.000000 -0.075640
0.324324 0.000000 0.013964
0.324324 0.500000 -0.007564
0.324324 1.000000 -0.029092
0.324324 1.500000 -0.050621
0.324324 2.000000 -0.072149
0.405405 0.000000 0.017455
0.405405 0.500000 -0.004073
0.405405 1.000000 -0.025601
0.405405 1.500000 -0.047130
0.405405 2.000000 -0.068658
0.486486 0.000000 0.020947
0.486486 0.500000 -0.000582
0.486486 1.000000 -0.022110
0.486486 1.500000 -0.043639
0.486486 2.000000 -0.065167
0.567568 0.000000 0.024438
0.567568 0.500000 0.002909
0.567568 1.000000 -0.018619
0.567568 1.500000 -0.040148
0.567568 2.000000 -0.061676
0.648649 0.000000 0.027929
0.648649 0.500000 0.006400
0.648649 1.000000 -0.015128
0.648649 1.500000 -0.036656
0.648649 2.000000 -0.058185
0.729730 0.000000 0.031420
0.729730 0.500000 0.009891
0.729730 1.000000 -0.011637
0.729730 1.500000 -0.033165
0.729730 2.000000 -0.054694
0.810811 0.000000 0.034911
0.810811 0.500000 0.013383
0.810811 1.000000 -0.008146
0.810811 1.500000 -0.029674
0.810811 2.000000 -0.051203
0.891892 0.000000 0.038402
0.891892 0.500000 0.016874
0.891892 1.000000 -0.004655
0.891892 1.500000 -0.026183
0.891892 2.000000 -0.047712
0.972973 0.000000 0.041893
0.972973 0.500000 0.020365
0.972973 1.000000 -0.001164
0.972973 1.500000 -0.022692
0.972973 2.000000 -0.044220
1.054054 0.000000 0.045384
1.054054 0.500000 0.023856
1.054054 1.000000 0.002327
1.054054 1.500000 -0.019201
1.054054 2.000000 -0.040729
1.135135 0.000000 0.048875
1.135135 0.500000 0.027347
1.135135 1.000000 0.005818
1.135135 1.500000 -0.015710
1.135135 2.000000 -0.037238
1.216216 0.000000 0.052366
1.216216 0.500000 0.030838
1.216216 1.000000 0.009310
1.216216 1.500000 -0.012219
1.216216 2.000000 -0.033747
1.297297 0.000000 0.055857
1.297297 0.500000 0.034329
1.297297 1.000000 0.012801
1.297297 1.500000 -0.008728
1.297297 2.000000 -0.030256
1.378378 0.000000 0.059349
1.378378 0.500000 0.037820
1.378378 1.000000 0.016292
1.378378 1.500000 -0.005237
1.378378 2.000000 -0.026765
1.459459 0.000000 0.062840
1.459459 0.500000 0.041311
1.459459 1.000000 0.019783
1.459459 1.500000 -0.001746
1.459459 2.000000 -0.023274
1.540541 0.000000 0.066331
1.540541 0.500000 0.044802
1.540541 1.000000 0.023274
1.540541 1.500000 0.001746
1.540541 2.000000 -0.019783
1.621622 0.000000 0.069822
1.621622 0.500000 0.048293
1.621622 1.000000 0.026765
1.621622 1.500000 0.005237
1.621622 2.000000 -0.016292
1.702703 0.000000 0.073313
1.702703 0.500000 0.051784
1.702703 1.000000 0.030256
1.702703 1.500000 0.008728
1.702703 2.000000 -0.012801
1.783784 0.000000 0.076804
1.783784 0.500000 0.055276
1.783784 1.000000 0.033747
1.783784 1.500000 0.012219
1.783784 2.000000 -0.009310
1.864865 0.000000 0.080295
1.864865 0.500000 0.058767
1.864865 1.000000 0.037238
1.864865 1.500000 0.015710
1.864865 2.000000 -0.005818
1.945946 0.000000 0.083786
1.945946 0.500000 0.062258
1.945946 1.000000 0.040729
1.945946 1.500000 0.019201
1.945946 2.000000 -0.002327
2.027027 0.000000 0.087277
2.027027 0.500000 0.065749
2.027027 1.000000 0.044220
2.027027 1.500000 0.022692
2.027027 2.000000 0.001164
2.108108 0.000000 0.090768
2.108108 0.500000 0.069240
2.108108 1.000000 0.047712
2.108108 1.500000 0.026183
2.108108 2.000000 0.004655
2.189189 0.000000 0.094259
2.189189 0.500000 0.072731
2.189189 1.000000 0.051203
2.189189 1.500000 0.029674
2.189189 2.000000 0.008146
2.270270 0.000000 0.097750
2.270270 0.500000 0.076222
2.270270 1.000000 0.054694
2.270270 1.500000 0.033165
2.270270 2.000000 0.011637
2.351351 0.000000 0.101242
2.351351 0.500000 0.079713
2.351351 1.000000 0.058185
2.351351 1.500000 0.036656
2.351351 2.000000 0.015128
2.432432 0.000000 0.104733
2.432432 0.500000 0.083204
2.432432 1.000000 0.061676
2.432432 1.500000 0.040148
2.432432 2.000000 0.018619
2.513514 0.000000 0.108224
2.513514 0.500000 0.086695
2.513514 1.000000 0.065167
2.513514 1.500000 0.043639
2.513514 2.000000 0.022110
2.594595 0.000000 0.111715
2.594595 0.500000 0.090186
2.594595 1.000000 0.068658
2.594595 1.500000 0.047130
2.594595 2.000000 0.025601
2.675676 0.000000 0.115206
2.675676 0.500000 0.093678
2.675676 1.000000 0.072149
2.675676 1.500000 0.050621
2.675676 2.000000 0.029092
2.756757 0.000000 0.118697
2.756757 0.500000 0.097169
2.756757 1.000000 0.075640
2.756757 1.500000 0.054112
2.756757 2.000000 0.032583
2.837838 0.000000 0.122188
2.837838 0.500000 0.100660
2.837838 1.000000 0.079131
2.837838 1.500000 0.057603
2.837838 2.000000 0.036075
2.918919 0.000000 0.125679
2.918919 0.500000 0.104151
2.918919 1.000000 0.082622
2.918919 1.500000 0.061094
2.918919 2.000000 0.039566
3.000000 0.000000 0.129170
3.000000 0.500000 0.107642
3.000000 1.000000 0.086114
3.000000 1.500000 0.064585
3.000000 2.000000 0.043057
