0.000000 0.000000 0.000000
0.000000 0.666667 -0.026095
0.000000 1.333333 -0.052190
0.000000 2.000000 -0.078285
0.081081 0.000000 0.003174
0.081081 0.666667 -0.022921
0.081081 1.333333 -0.049016
0.081081 2.000000 -0.075111
0.162162 0.000000 0.006347
0.162162 0.666667 -0.019748
0.162162 1.333333 -0.045843
0.162162 2.000000 -0.071938
0.243243 0.000000 0.009521
0.243243 0.666667 -0.016574
0.243243 1.333333 -0.042669
0.243243 2.000000 -0.068764
0.324324 0.000000 0.012695
0.324324 0.666667 -0.013400
0.324324 1.333333 -0.039495
0.324324 2.000000 -0.065590
0.405405 0.000000 0.015869
0.405405 0.666667 -0.010226
0.405405 1.333333 -0.036321
0.405405 2.000000 -0.062416
0.486486 0.000000 0.019042
0.486486 0.666667 -0.007053
0.486486 1.333333 -0.033148
0.486486 2.000000 -0.059243
0.567568 0.000000 0.022216
0.567568 0.666667 -0.003879
0.567568 1.333333 -0.029974
0.567568 2.000000 -0.056069
0.648649 0.000000 0.025390
0.648649 0.666667 -0.000705
0.648649 1.333333 -0.026800
0.648649 2.000000 -0.052895
0.729730 0.000000 0.028563
0.729730 0.666667 0.002468
0.729730 1.333333 -0.023627
0.729730 2.000000 -0.049722
0.810811 0.000000 0.031737
0.810811 0.666667 0.005642
0.810811 1.333333 -0.020453
0.810811 2.000000 -0.046548
0.891892 0.000000 0.034911
0.891892 0.666667 0.008816
0.891892 1.333333 -0.017279
0.891892 2.000000 -0.043374
0.972973 0.000000 0.038085
0.972973 0.666667 0.011990
0.972973 1.333333 -0.014105
0.972973 2.000000 -0.040200
1.054054 0.000000 0.041258
1.054054 0.666667 0.015163
1.054054 1.333333 -0.010932
1.054054 2.000000 -0.037027
1.135135 0.000000 0.044432
1.135135 0.666667 0.018337
1.135135 1.333333 -0.007758
1.135135 2.000000 -0.033853
1.216216 0.000000 0.047606
1.216216 0.666667 0.021511
1.216216 1.333333 -0.004584
1.216216 2.000000 -0.030679
1.297297 0.000000 0.050779
1.297297 0.666667 0.024684
1.297297 1.333333 -0.001411
1.297297 2.000000 -0.027506
1.378378 0.000000 0.053953
1.378378 0.666667 0.027858
1.378378 1.333333 0.001763
1.378378 2.000000 -0.024332
1.459459 0.000000 0.057127
1.459459 0.666667 0.031032
1.459459 1.333333 0.004937
1.459459 2.000000 -0.021158
1.540541 0.000000 0.060301
1.540541 0.666667 0.034206
1.540541 1.333333 0.008111
1.540541 2.000000 -0.017984
1.621622 0.000000 0.063474
1.621622 0.666667 0.037379
1.621622 1.333333 0.011284
1.621622 2.000000 -0.014811
1.702703 0.000000 0.066648
1.702703 0.666667 0.040553
1.702703 1.333333 0.014458
1.702703 2.000000 -0.011637
1.783784 0.000000 0.069822
1.783784 0.666667 0.043727
1.783784 1.333333 0.017632
1.783784 2.000000 -0.008463
1.864865 0.000000 0.072995
1.864865 0.666667 0.046900
1.864865 1.333333 0.020805
1.864865 2.000000 -0.005290
1.945946 0.000000 0.076169
1.945946 0.666667 0.050074
1.945946 1.333333 0.023979
1.945946 2.000000 -0.002116
2.027027 0.000000 0.079343
2.027027 0.666667 0.053248
2.027027 1.333333 0.027153
2.027027 2.000000 0.001058
2.108108 0.000000 0.082517
2.108108 0.666667 0.056422
2.108108 1.333333 0.030327
2.108108 2.000000 0.004232
2.189189 0.000000 0.085690
2.189189 0.666667 0.059595
2.189189 1.333333 0.033500
2.189189 2.000000 0.007405
2.270270 0.000000 0.088864
2.270270 0.666667 0.062769
2.270270 1.333333 0.036674
2.270270 2.000000 0.010579
2.351351 0.000000 0.092038
2.351351 0.666667 0.065943
2.351351 1.333333 0.039848
2.351351 2.000000 0.013753
2.432432 0.000000 0.095212
2.432432 0.666667 0.069117
2.432432 1.333333 0.043022
2.432432 2.000000 0.016926
2.513514 0.000000 0.098385
2.513514 0.666667 0.072290
2.513514 1.333333 0.046195
2.513514 2.000000 0.020100
2.594595 0.000000 0.101559
2.594595 0.666667 0.075464
2.594595 1.333333 0.049369
2.594595 2.000000 0.023274
2.675676 0.000000 0.104733
2.675676 0.666667 0.078638
2.675676 1.333333 0.052543
2.675676 2.000000 0.026448
2.756757 0.000000 0.107906
2.756757 0.666667 0.081811
2.756757 1.333333 0.055716
2.756757 2.000000 0.029621
2.837838 0.000000 0.111080
2.837838 0.666667 0.084985
2.837838 1.333333 0.058890
2.837838 2.000000 0.032795
2.918919 0.000000 0.114254
2.918919 0.666667 0.088159
2.918919 1.333333 0.062064
2.918919 2.000000 0.035969
3.000000 0.000000 0.117428
3.000000 0.666667 0.091333
3.000000 1.333333 0.065238
3.000000 2.000000 0.039143
