0.000000 0.000000 0.000000
0.000000 0.666667 -0.023723
0.000000 1.333333 -0.047445
0.000000 2.000000 -0.071168
0.081081 0.000000 0.002885
0.081081 0.666667 -0.020838
0.081081 1.333333 -0.044560
0.081081 2.000000 -0.068283
0.162162 0.000000 0.005770
0.162162 0.666667 -0.017952
0.162162 1.333333 -0.041675
0.162162 2.000000 -0.065398
0.243243 0.000000 0.008656
0.243243 0.666667 -0.015067
0.243243 1.333333 -0.038790
0.243243 2.000000 -0.062513
0.324324 0.000000 0.011541
0.324324 0.666667 -0.012182
0.324324 1.333333 -0.035905
0.324324 2.000000 -0.059627
0.405405 0.000000 0.014426
0.405405 0.666667 -0.009297
0.405405 1.333333 -0.033019
0.405405 2.000000 -0.056742
0.486486 0.000000 0.017311
0.486486 0.666667 -0.006412
0.486486 1.333333 -0.030134
0.486486 2.000000 -0.053857
0.567568 0.000000 0.020196
0.567568 0.666667 -0.003526
0.567568 1.333333 -0.027249
0.567568 2.000000 -0.050972
0.648649 0.000000 0.023082
0.648649 0.666667 -0.000641
0.648649 1.333333 -0.024364
0.648649 2.000000 -0.048087
0.729730 0.000000 0.025967
0.729730 0.666667 0.002244
0.729730 1.333333 -0.021479
0.729730 2.000000 -0.045201
0.810811 0.000000 0.028852
0.810811 0.666667 0.005129
0.810811 1.333333 -0.018593
0.810811 2.000000 -0.042316
0.891892 0.000000 0.031737
0.891892 0.666667 0.008014
0.891892 1.333333 -0.015708
0.891892 2.000000 -0.039431
0.972973 0.000000 0.034622
0.972973 0.666667 0.010900
0.972973 1.333333 -0.012823
0.972973 2.000000 -0.036546
1.054054 0.000000 0.037508
1.054054 0.666667 0.013785
1.054054 1.333333 -0.009938
1.054054 2.000000 -0.033661
1.135135 0.000000 0.040393
1.135135 0.666667 0.016670
1.135135 1.333333 -0.007053
1.135135 2.000000 -0.030775
1.216216 0.000000 0.043278
1.216216 0.666667 0.019555
1.216216 1.333333 -0.004168
1.216216 2.000000 -0.027890
1.297297 0.000000 0.046163
1.297297 0.666667 0.022440
1.297297 1.333333 -0.001282
1.297297 2.000000 -0.025005
1.378378 0.000000 0.049048
1.378378 0.666667 0.025326
1.378378 1.333333 0.001603
1.378378 2.000000 -0.022120
1.459459 0.000000 0.051934
1.459459 0.666667 0.028211
1.459459 1.333333 0.004488
1.459459 2.000000 -0.019235
1.540541 0.000000 0.054819
1.540541 0.666667 0.031096
1.540541 1.333333 0.007373
1.540541 2.000000 -0.016349
1.621622 0.000000 0.057704
1.621622 0.666667 0.033981
1.621622 1.333333 0.010258
1.621622 2.000000 -0.013464
1.702703 0.000000 0.060589
1.702703 0.666667 0.036866
1.702703 1.333333 0.013144
1.702703 2.000000 -0.010579
1.783784 0.000000 0.063474
1.783784 0.666667 0.039752
1.783784 1.333333 0.016029
1.783784 2.000000 -0.007694
1.864865 0.000000 0.066360
1.864865 0.666667 0.042637
1.864865 1.333333 0.018914
1.864865 2.000000 -0.004809
1.945946 0.000000 0.069245
1.945946 0.666667 0.045522
1.945946 1.333333 0.021799
1.945946 2.000000 -0.001923
2.027027 0.000000 0.072130
2.027027 0.666667 0.048407
2.027027 1.333333 0.024684
2.027027 2.000000 0.000962
2.108108 0.000000 0.075015
2.108108 0.666667 0.051292
2.108108 1.333333 0.027570
2.108108 2.000000 0.003847
2.189189 0.000000 0.077900
2.189189 0.666667 0.054178
2.189189 1.333333 0.030455
2.189189 2.000000 0.006732
2.270270 0.000000 0.080786
2.270270 0.666667 0.057063
2.270270 1.333333 0.033340
2.270270 2.000000 0.009617
2.351351 0.000000 0.083671
2.351351 0.666667 0.059948
2.351351 1.333333 0.036225
2.351351 2.000000 0.012503
2.432432 0.000000 0.086556
2.432432 0.666667 0.062833
2.432432 1.333333 0.039110
2.432432 2.000000 0.015388
2.513514 0.000000 0.089441
2.513514 0.666667 0.065718
2.513514 1.333333 0.041996
2.513514 2.000000 0.018273
2.594595 0.000000 0.092326
2.594595 0.666667 0.068604
2.594595 1.333333 0.044881
2.594595 2.000000 0.021158
2.675676 0.000000 0.095212
2.675676 0.666667 0.071489
2.675676 1.333333 0.047766
2.675676 2.000000 0.024043
2.756757 0.000000 0.098097
2.756757 0.666667 0.074374
2.756757 1.333333 0.050651
2.756757 2.000000 0.026929
2.837838 0.000000 0.100982
2.837838 0.666667 0.077259
2.837838 1.333333 0.053536
2.837838 2.000000 0.029814
2.918919 0.000000 0.103867
2.918919 0.666667 0.080144
2.918919 1.333333 0.056422
2.918919 2.000000 0.032699
3.000000 0.000000 0.106752
3.000000 0.666667 0.083030
3.000000 1.333333 0.059307
3.000000 2.000000 0.035584
