0.000000 0.000000 0.000000
0.000000 0.500000 -0.016175
0.000000 1.000000 -0.032349
0.000000 1.500000 -0.048524
0.000000 2.000000 -0.064698
0.081081 0.000000 0.002623
0.081081 0.500000 -0.013552
0.081081 1.000000 -0.029726
0.081081 1.500000 -0.045901
0.081081 2.000000 -0.062075
0.162162 0.000000 0.005246
0.162162 0.500000 -0.010929
0.162162 1.000000 -0.027103
0.162162 1.500000 -0.043278
0.162162 2.000000 -0.059453
0.243243 0.000000 0.007869
0.243243 0.500000 -0.008306
0.243243 1.000000 -0.024480
0.243243 1.500000 -0.040655
0.243243 2.000000 -0.056830
0.324324 0.000000 0.010492
0.324324 0.500000 -0.005683
0.324324 1.000000 -0.021858
0.324324 1.500000 -0.038032
0.324324 2.000000 -0.054207
0.405405 0.000000 0.013115
0.405405 0.500000 -0.003060
0.405405 1.000000 -0.019235
0.405405 1.500000 -0.035409
0.405405 2.000000 -0.051584
0.486486 0.000000 0.015737
0.486486 0.500000 -0.000437
0.486486 1.000000 -0.016612
0.486486 1.500000 -0.032786
0.486486 2.000000 -0.048961
0.567568 0.000000 0.018360
0.567568 0.500000 0.002186
0.567568 1.000000 -0.013989
0.567568 1.500000 -0.030163
0.567568 2.000000 -0.046338
0.648649 0.000000 0.020983
0.648649 0.500000 0.004809
0.648649 1.000000 -0.011366
0.648649 1.500000 -0.027541
0.648649 2.000000 -0.043715
0.729730 0.000000 0.023606
0.729730 0.500000 0.007432
0.729730 1.000000 -0.008743
0.729730 1.500000 -0.024918
0.729730 2.000000 -0.041092
0.810811 0.000000 0.026229
0.810811 0.500000 0.010054
0.810811 1.000000 -0.006120
0.810811 1.500000 -0.022295
0.810811 2.000000 -0.038469
0.891892 0.000000 0.028852
0.891892 0.500000 0.012677
0.891892 1.000000 -0.003497
0.891892 1.500000 -0.019672
0.891892 2.000000 -0.035846
0.972973 0.000000 0.031475
0.972973 0.500000 0.015300
0.972973 1.000000 -0.000874
0.972973 1.500000 -0.017049
0.972973 2.000000 -0.033223
1.054054 0.000000 0.034098
1.054054 0.500000 0.017923
1.054054 1.000000 0.001749
1.054054 1.500000 -0.014426
1.054054 2.000000 -0.030601
1.135135 0.000000 0.036721
1.135135 0.500000 0.020546
1.135135 1.000000 0.004372
1.135135 1.500000 -0.011803
1.135135 2.000000 -0.027978
1.216216 0.000000 0.039344
1.216216 0.500000 0.023169
1.216216 1.000000 0.006994
1.216216 1.500000 -0.009180
1.216216 2.000000 -0.025355
1.297297 0.000000 0.041967
1.297297 0.500000 0.025792
1.297297 1.000000 0.009617
1.297297 1.500000 -0.006557
1.297297 2.000000 -0.022732
1.378378 0.000000 0.044589
1.378378 0.500000 0.028415
1.378378 1.000000 0.012240
1.378378 1.500000 -0.003934
1.378378 2.000000 -0.020109
1.459459 0.000000 0.047212
1.459459 0.500000 0.031038
1.459459 1.000000 0.014863
1.459459 1.500000 -0.001311
1.459459 2.000000 -0.017486
1.540541 0.000000 0.049835
1.540541 0.500000 0.033661
1.540541 1.000000 0.017486
1.540541 1.500000 0.001311
1.540541 2.000000 -0.014863
1.621622 0.000000 0.052458
1.621622 0.500000 0.036284
1.621622 1.000000 0.020109
1.621622 1.500000 0.003934
1.621622 2.000000 -0.012240
1.702703 0.000000 0.055081
1.702703 0.500000 0.038906
1.702703 1.000000 0.022732
1.702703 1.500000 0.006557
1.702703 2.000000 -0.009617
1.783784 0.000000 0.057704
1.783784 0.500000 0.041529
1.783784 1.000000 0.025355
1.783784 1.500000 0.009180
1.783784 2.000000 -0.006994
1.864865 0.000000 0.060327
1.864865 0.500000 0.044152
1.864865 1.000000 0.027978
1.864865 1.500000 0.011803
1.864865 2.000000 -0.004372
1.945946 0.000000 0.062950
1.945946 0.500000 0.046775
1.945946 1.000000 0.030601
1.945946 1.500000 0.014426
1.945946 2.000000 -0.001749
2.027027 0.000000 0.065573
2.027027 0.500000 0.049398
2.027027 1.000000 0.033223
2.027027 1.500000 0.017049
2.027027 2.000000 0.000874
2.108108 0.000000 0.068196
2.108108 0.500000 0.052021
2.108108 1.000000 0.035846
2.108108 1.500000 0.019672
2.108108 2.000000 0.003497
2.189189 0.000000 0.070818
2.189189 0.500000 0.054644
2.189189 1.000000 0.038469
2.189189 1.500000 0.022295
2.189189 2.000000 0.006120
2.270270 0.000000 0.073441
2.270270 0.500000 0.057267
2.270270 1.000000 0.041092
2.270270 1.500000 0.024918
2.270270 2.000000 0.008743
2.351351 0.000000 0.076064
2.351351 0.500000 0.059890
2.351351 1.000000 0.043715
2.351351 1.500000 0.027541
2.351351 2.000000 0.011366
2.432432 0.000000 0.078687
2.432432 0.500000 0.062513
2.432432 1.000000 0.046338
2.432432 1.500000 0.030163
2.432432 2.000000 0.013989
2.513514 0.000000 0.081310
2.513514 0.500000 0.065136
2.513514 1.000000 0.048961
2.513514 1.500000 0.032786
2.513514 2.000000 0.016612
2.594595 0.000000 0.083933
2.594595 0.500000 0.067758
2.594595 1.000000 0.051584
2.594595 1.500000 0.035409
2.594595 2.000000 0.019235
2.675676 0.000000 0.086556
2.675676 0.500000 0.070381
2.675676 1.000000 0.054207
2.675676 1.500000 0.038032
2.675676 2.000000 0.021858
2.756757 0.000000 0.089179
2.756757 0.500000 0.073004
2.756757 1.000000 0.056830
2.756757 1.500000 0.040655
2.756757 2.000000 0.024480
2.837838 0.000000 0.091802
2.837838 0.500000 0.075627
2.837838 1.000000 0.059453
2.837838 1.500000 0.043278
2.837838 2.000000 0.027103
2.918919 0.000000 0.094425
2.918919 0.500000 0.078250
2.918919 1.000000 0.062075
2.918919 1.500000 0.045901
2.918919 2.000000 0.029726
3.000000 0.000000 0.097048
3.000000 0.500000 0.080873
3.000000 1.000000 0.064698
3.000000 1.500000 0.048524
3.000000 2.000000 0.032349
