0.000000 0.000000 0.000000
0.000000 0.666667 -0.019606
0.000000 1.333333 -0.039211
0.000000 2.000000 -0.058817
0.081081 0.000000 0.002384
0.081081 0.666667 -0.017221
0.081081 1.333333 -0.036827
0.081081 2.000000 -0.056432
0.162162 0.000000 0.004769
0.162162 0.666667 -0.014837
0.162162 1.333333 -0.034442
0.162162 2.000000 -0.054048
0.243243 0.000000 0.007153
0.243243 0.666667 -0.012452
0.243243 1.333333 -0.032058
0.243243 2.000000 -0.051663
0.324324 0.000000 0.009538
0.324324 0.666667 -0.010068
0.324324 1.333333 -0.029673
0.324324 2.000000 -0.049279
0.405405 0.000000 0.011922
0.405405 0.666667 -0.007683
0.405405 1.333333 -0.027289
0.405405 2.000000 -0.046894
0.486486 0.000000 0.014307
0.486486 0.666667 -0.005299
0.486486 1.333333 -0.024904
0.486486 2.000000 -0.044510
0.567568 0.000000 0.016691
0.567568 0.666667 -0.002914
0.567568 1.333333 -0.022520
0.567568 2.000000 -0.042125
0.648649 0.000000 0.019076
0.648649 0.666667 -0.000530
0.648649 1.333333 -0.020135
0.648649 2.000000 -0.039741
0.729730 0.000000 0.021460
0.729730 0.666667 0.001855
0.729730 1.333333 -0.017751
0.729730 2.000000 -0.037357
0.810811 0.000000 0.023845
0.810811 0.666667 0.004239
0.810811 1.333333 -0.015367
0.810811 2.000000 -0.034972
0.891892 0.000000 0.026229
0.891892 0.666667 0.006624
0.891892 1.333333 -0.012982
0.891892 2.000000 -0.032588
0.972973 0.000000 0.028614
0.972973 0.666667 0.009008
0.972973 1.333333 -0.010598
0.972973 2.000000 -0.030203
1.054054 0.000000 0.030998
1.054054 0.666667 0.011392
1.054054 1.333333 -0.008213
1.054054 2.000000 -0.027819
1.135135 0.000000 0.033382
1.135135 0.666667 0.013777
1.135135 1.333333 -0.005829
1.135135 2.000000 -0.025434
1.216216 0.000000 0.035767
1.216216 0.666667 0.016161
1.216216 1.333333 -0.003444
1.216216 2.000000 -0.023050
1.297297 0.000000 0.038151
1.297297 0.666667 0.018546
1.297297 1.333333 -0.001060
1.297297 2.000000 -0.020665
1.378378 0.000000 0.040536
1.378378 0.666667 0.020930
1.378378 1.333333 0.001325
1.378378 2.000000 -0.018281
1.459459 0.000000 0.042920
1.459459 0.666667 0.023315
1.459459 1.333333 0.003709
1.459459 2.000000 -0.015896
1.540541 0.000000 0.045305
1.540541 0.666667 0.025699
1.540541 1.333333 0.006094
1.540541 2.000000 -0.013512
1.621622 0.000000 0.047689
1.621622 0.666667 0.028084
1.621622 1.333333 0.008478
1.621622 2.000000 -0.011127
1.702703 0.000000 0.050074
1.702703 0.666667 0.030468
1.702703 1.333333 0.010863
1.702703 2.000000 -0.008743
1.783784 0.000000 0.052458
1.783784 0.666667 0.032853
1.783784 1.333333 0.013247
1.783784 2.000000 -0.006359
1.864865 0.000000 0.054843
1.864865 0.666667 0.035237
1.864865 1.333333 0.015631
1.864865 2.000000 -0.003974
1.945946 0.000000 0.057227
1.945946 0.666667 0.037621
1.945946 1.333333 0.018016
1.945946 2.000000 -0.001590
2.027027 0.000000 0.059612
2.027027 0.666667 0.040006
2.027027 1.333333 0.020400
2.027027 2.000000 0.000795
2.108108 0.000000 0.061996
2.108108 0.666667 0.042390
2.108108 1.333333 0.022785
2.108108 2.000000 0.003179
2.189189 0.000000 0.064380
2.189189 0.666667 0.044775
2.189189 1.333333 0.025169
2.189189 2.000000 0.005564
2.270270 0.000000 0.066765
2.270270 0.666667 0.047159
2.270270 1.333333 0.027554
2.270270 2.000000 0.007948
2.351351 0.000000 0.069149
2.351351 0.666667 0.049544
2.351351 1.333333 0.029938
2.351351 2.000000 0.010333
2.432432 0.000000 0.071534
2.432432 0.666667 0.051928
2.432432 1.333333 0.032323
2.432432 2.000000 0.012717
2.513514 0.000000 0.073918
2.513514 0.666667 0.054313
2.513514 1.333333 0.034707
2.513514 2.000000 0.015102
2.594595 0.000000 0.076303
2.594595 0.666667 0.056697
2.594595 1.333333 0.037092
2.594595 2.000000 0.017486
2.675676 0.000000 0.078687
2.675676 0.666667 0.059082
2.675676 1.333333 0.039476
2.675676 2.000000 0.019871
2.756757 0.000000 0.081072
2.756757 0.666667 0.061466
2.756757 1.333333 0.041861
2.756757 2.000000 0.022255
2.837838 0.000000 0.083456
2.837838 0.666667 0.063851
2.837838 1.333333 0.044245
2.837838 2.000000 0.024639
2.918919 0.000000 0.085841
2.918919 0.666667 0.066235
2.918919 1.333333 0.046629
2.918919 2.000000 0.027024
3.000000 0.000000 0.088225
3.000000 0.666667 0.068619
3.000000 1.333333 0.049014
3.000000 2.000000 0.029408
