0.000000 0.000000 0.000000
0.000000 0.666667 -0.017823
0.000000 1.333333 -0.035646
0.000000 2.000000 -0.053470
0.081081 0.000000 0.002168
0.081081 0.666667 -0.015656
0.081081 1.333333 -0.033479
0.081081 2.000000 -0.051302
0.162162 0.000000 0.004335
0.162162 0.666667 -0.013488
0.162162 1.333333 -0.031311
0.162162 2.000000 -0.049134
0.243243 0.000000 0.006503
0.243243 0.666667 -0.011320
0.243243 1.333333 -0.029143
0.243243 2.000000 -0.046967
0.324324 0.000000 0.008671
0.324324 0.666667 -0.009152
0.324324 1.333333 -0.026976
0.324324 2.000000 -0.044799
0.405405 0.000000 0.010838
0.405405 0.666667 -0.006985
0.405405 1.333333 -0.024808
0.405405 2.000000 -0.042631
0.486486 0.000000 0.013006
0.486486 0.666667 -0.004817
0.486486 1.333333 -0.022640
0.486486 2.000000 -0.040464
0.567568 0.000000 0.015174
0.567568 0.666667 -0.002649
0.567568 1.333333 -0.020473
0.567568 2.000000 -0.038296
0.648649 0.000000 0.017342
0.648649 0.666667 -0.000482
0.648649 1.333333 -0.018305
0.648649 2.000000 -0.036128
0.729730 0.000000 0.019509
0.729730 0.666667 0.001686
0.729730 1.333333 -0.016137
0.729730 2.000000 -0.033961
0.810811 0.000000 0.021677
0.810811 0.666667 0.003854
0.810811 1.333333 -0.013970
0.810811 2.000000 -0.031793
0.891892 0.000000 0.023845
0.891892 0.666667 0.006021
0.891892 1.333333 -0.011802
0.891892 2.000000 -0.029625
0.972973 0.000000 0.026012
0.972973 0.666667 0.008189
0.972973 1.333333 -0.009634
0.972973 2.000000 -0.027457
1.054054 0.000000 0.028180
1.054054 0.666667 0.010357
1.054054 1.333333 -0.007466
1.054054 2.000000 -0.025290
1.135135 0.000000 0.030348
1.135135 0.666667 0.012524
1.135135 1.333333 -0.005299
1.135135 2.000000 -0.023122
1.216216 0.000000 0.032515
1.216216 0.666667 0.014692
1.216216 1.333333 -0.003131
1.216216 2.000000 -0.020954
1.297297 0.000000 0.034683
1.297297 0.666667 0.016860
1.297297 1.333333 -0.000963
1.297297 2.000000 -0.018787
1.378378 0.000000 0.036851
1.378378 0.666667 0.019028
1.378378 1.333333 0.001204
1.378378 2.000000 -0.016619
1.459459 0.000000 0.039018
1.459459 0.666667 0.021195
1.459459 1.333333 0.003372
1.459459 2.000000 -0.014451
1.540541 0.000000 0.041186
1.540541 0.666667 0.023363
1.540541 1.333333 0.005540
1.540541 2.000000 -0.012284
1.621622 0.000000 0.043354
1.621622 0.666667 0.025531
1.621622 1.333333 0.007707
1.621622 2.000000 -0.010116
1.702703 0.000000 0.045522
1.702703 0.666667 0.027698
1.702703 1.333333 0.009875
1.702703 2.000000 -0.007948
1.783784 0.000000 0.047689
1.783784 0.666667 0.029866
1.783784 1.333333 0.012043
1.783784 2.000000 -0.005781
1.864865 0.000000 0.049857
1.864865 0.666667 0.032034
1.864865 1.333333 0.014210
1.864865 2.000000 -0.003613
1.945946 0.000000 0.052025
1.945946 0.666667 0.034201
1.945946 1.333333 0.016378
1.945946 2.000000 -0.001445
2.027027 0.000000 0.054192
2.027027 0.666667 0.036369
2.027027 1.333333 0.018546
2.027027 2.000000 0.000723
2.108108 0.000000 0.056360
2.108108 0.666667 0.038537
2.108108 1.333333 0.020713
2.108108 2.000000 0.002890
2.189189 0.000000 0.058528
2.189189 0.666667 0.040704
2.189189 1.333333 0.022881
2.189189 2.000000 0.005058
2.270270 0.000000 0.060695
2.270270 0.666667 0.042872
2.270270 1.333333 0.025049
2.270270 2.000000 0.007226
2.351351 0.000000 0.062863
2.351351 0.666667 0.045040
2.351351 1.333333 0.027217
2.351351 2.000000 0.009393
2.432432 0.000000 0.065031
2.432432 0.666667 0.047208
2.432432 1.333333 0.029384
2.432432 2.000000 0.011561
2.513514 0.000000 0.067198
2.513514 0.666667 0.049375
2.513514 1.333333 0.031552
2.513514 2.000000 0.013729
2.594595 0.000000 0.069366
2.594595 0.666667 0.051543
2.594595 1.333333 0.033720
2.594595 2.000000 0.015896
2.675676 0.000000 0.071534
2.675676 0.666667 0.053711
2.675676 1.333333 0.035887
2.675676 2.000000 0.018064
2.756757 0.000000 0.073702
2.756757 0.666667 0.055878
2.756757 1.333333 0.038055
2.756757 2.000000 0.020232
2.837838 0.000000 0.075869
2.837838 0.666667 0.058046
2.837838 1.333333 0.040223
2.837838 2.000000 0.022399
2.918919 0.000000 0.078037
2.918919 0.666667 0.060214
2.918919 1.333333 0.042390
2.918919 2.000000 0.024567
3.000000 0.000000 0.080205
3.000000 0.666667 0.062381
3.000000 1.333333 0.044558
3.000000 2.000000 0.026735
