0.000000 0.000000 0.000000
0.000000 0.500000 -0.012152
0.000000 1.000000 -0.024304
0.000000 1.500000 -0.036457
0.000000 2.000000 -0.048609
0.081081 0.000000 0.001971
0.081081 0.500000 -0.010182
0.081081 1.000000 -0.022334
0.081081 1.500000 -0.034486
0.081081 2.000000 -0.046638
0.162162 0.000000 0.003941
0.162162 0.500000 -0.008211
0.162162 1.000000 -0.020363
0.162162 1.500000 -0.032515
0.162162 2.000000 -0.044668
0.243243 0.000000 0.005912
0.243243 0.500000 -0.006240
0.243243 1.000000 -0.018393
0.243243 1.500000 -0.030545
0.243243 2.000000 -0.042697
0.324324 0.000000 0.007883
0.324324 0.500000 -0.004270
0.324324 1.000000 -0.016422
0.324324 1.500000 -0.028574
0.324324 2.000000 -0.040726
0.405405 0.000000 0.009853
0.405405 0.500000 -0.002299
0.405405 1.000000 -0.014451
0.405405 1.500000 -0.026603
0.405405 2.000000 -0.038756
0.486486 0.000000 0.011824
0.486486 0.500000 -0.000328
0.486486 1.000000 -0.012481
0.486486 1.500000 -0.024633
0.486486 2.000000 -0.036785
0.567568 0.000000 0.013794
0.567568 0.500000 0.001642
0.567568 1.000000 -0.010510
0.567568 1.500000 -0.022662
0.567568 2.000000 -0.034814
0.648649 0.000000 0.015765
0.648649 0.500000 0.003613
0.648649 1.000000 -0.008539
0.648649 1.500000 -0.020692
0.648649 2.000000 -0.032844
0.729730 0.000000 0.017736
0.729730 0.500000 0.005583
0.729730 1.000000 -0.006569
0.729730 1.500000 -0.018721
0.729730 2.000000 -0.030873
0.810811 0.000000 0.019706
0.810811 0.500000 0.007554
0.810811 1.000000 -0.004598
0.810811 1.500000 -0.016750
0.810811 2.000000 -0.028903
0.891892 0.000000 0.021677
0.891892 0.500000 0.009525
0.891892 1.000000 -0.002628
0.891892 1.500000 -0.014780
0.891892 2.000000 -0.026932
0.972973 0.000000 0.023648
0.972973 0.500000 0.011495
0.972973 1.000000 -0.000657
0.972973 1.500000 -0.012809
0.972973 2.000000 -0.024961
1.054054 0.000000 0.025618
1.054054 0.500000 0.013466
1.054054 1.000000 0.001314
1.054054 1.500000 -0.010838
1.054054 2.000000 -0.022991
1.135135 0.000000 0.027589
1.135135 0.500000 0.015437
1.135135 1.000000 0.003284
1.135135 1.500000 -0.008868
1.135135 2.000000 -0.021020
1.216216 0.000000 0.029559
1.216216 0.500000 0.017407
1.216216 1.000000 0.005255
1.216216 1.500000 -0.006897
1.216216 2.000000 -0.019049
1.297297 0.000000 0.031530
1.297297 0.500000 0.019378
1.297297 1.000000 0.007226
1.297297 1.500000 -0.004927
1.297297 2.000000 -0.017079
1.378378 0.000000 0.033501
1.378378 0.500000 0.021348
1.378378 1.000000 0.009196
1.378378 1.500000 -0.002956
1.378378 2.000000 -0.015108
1.459459 0.000000 0.035471
1.459459 0.500000 0.023319
1.459459 1.000000 0.011167
1.459459 1.500000 -0.000985
1.459459 2.000000 -0.013138
1.540541 0.000000 0.037442
1.540541 0.500000 0.025290
1.540541 1.000000 0.013138
1.540541 1.500000 0.000985
1.540541 2.000000 -0.011167
1.621622 0.000000 0.039413
1.621622 0.500000 0.027260
1.621622 1.000000 0.015108
1.621622 1.500000 0.002956
1.621622 2.000000 -0.009196
1.702703 0.000000 0.041383
1.702703 0.500000 0.029231
1.702703 1.000000 0.017079
1.702703 1.500000 0.004927
1.702703 2.000000 -0.007226
1.783784 0.000000 0.043354
1.783784 0.500000 0.031202
1.783784 1.000000 0.019049
1.783784 1.500000 0.006897
1.783784 2.000000 -0.005255
1.864865 0.000000 0.045324
1.864865 0.500000 0.033172
1.864865 1.000000 0.021020
1.864865 1.500000 0.008868
1.864865 2.000000 -0.003284
1.945946 0.000000 0.047295
1.945946 0.500000 0.035143
1.945946 1.000000 0.022991
1.945946 1.500000 0.010838
1.945946 2.000000 -0.001314
2.027027 0.000000 0.049266
2.027027 0.500000 0.037114
2.027027 1.000000 0.024961
2.027027 1.500000 0.012809
2.027027 2.000000 0.000657
2.108108 0.000000 0.051236
2.108108 0.500000 0.039084
2.108108 1.000000 0.026932
2.108108 1.500000 0.014780
2.108108 2.000000 0.002628
2.189189 0.000000 0.053207
2.189189 0.500000 0.041055
2.189189 1.000000 0.028903
2.189189 1.500000 0.016750
2.189189 2.000000 0.004598
2.270270 0.000000 0.055178
2.270270 0.500000 0.043025
2.270270 1.000000 0.030873
2.270270 1.500000 0.018721
2.270270 2.000000 0.006569
2.351351 0.000000 0.057148
2.351351 0.500000 0.044996
2.351351 1.000000 0.032844
2.351351 1.500000 0.020692
2.351351 2.000000 0.008539
2.432432 0.000000 0.059119
2.432432 0.500000 0.046967
2.432432 1.000000 0.034814
2.432432 1.500000 0.022662
2.432432 2.000000 0.010510
2.513514 0.000000 0.061089
2.513514 0.500000 0.048937
2.513514 1.000000 0.036785
2.513514 1.500000 0.024633
2.513514 2.000000 0.012481
2.594595 0.000000 0.063060
2.594595 0.500000 0.050908
2.594595 1.000000 0.038756
2.594595 1.500000 0.026603
2.594595 2.000000 0.014451
2.675676 0.000000 0.065031
2.675676 0.500000 0.052879
2.675676 1.000000 0.040726
2.675676 1.500000 0.028574
2.675676 2.000000 0.016422
2.756757 0.000000 0.067001
2.756757 0.500000 0.054849
2.756757 1.000000 0.042697
2.756757 1.500000 0.030545
2.756757 2.000000 0.018393
2.837838 0.000000 0.068972
2.837838 0.500000 0.056820
2.837838 1.000000 0.044668
2.837838 1.500000 0.032515
2.837838 2.000000 0.020363
2.918919 0.000000 0.070943
2.918919 0.500000 0.058790
2.918919 1.000000 0.046638
2.918919 1.500000 0.034486
2.918919 2.000000 0.022334
3.000000 0.000000 0.072913
3.000000 0.500000 0.060761
3.000000 1.000000 0.048609
3.000000 1.500000 0.036457
3.000000 2.000000 0.024304
