0.000000 0.000000 0.000000
0.000000 0.085106 0.000000
0.000000 0.170213 0.000000
0.000000 0.255319 0.000000
0.000000 0.340426 0.000000
0.000000 0.425532 0.000000
0.000000 0.510638 0.000000
0.000000 0.595745 0.000000
0.000000 0.680851 0.000000
0.000000 0.765957 0.000000
0.000000 0.851064 0.000000
0.000000 0.936170 0.000000
0.000000 1.021277 0.000000
0.000000 1.106383 0.000000
0.000000 1.191489 0.000000
0.000000 1.276596 0.000000
0.000000 1.361702 0.000000
0.000000 1.446809 0.000000
0.000000 1.531915 0.000000
0.000000 1.617021 0.000000
0.000000 1.702128 0.000000
0.000000 1.787234 0.000000
0.000000 1.872340 0.000000
0.000000 1.957447 0.000000
0.000000 2.042553 0.000000
0.000000 2.127660 0.000000
0.000000 2.212766 0.000000
0.000000 2.297872 0.000000
0.000000 2.382979 0.000000
0.000000 2.468085 0.000000
0.000000 2.553191 0.000000
0.000000 2.638298 0.000000
0.000000 2.723404 0.000000
0.000000 2.808511 0.000000
0.000000 2.893617 0.000000
0.000000 2.978723 0.000000
0.000000 3.063830 0.000000
0.000000 3.148936 0.000000
0.000000 3.234043 0.000000
0.000000 3.319149 0.000000
0.000000 3.404255 0.000000
0.000000 3.489362 0.000000
0.000000 3.574468 0.000000
0.000000 3.659574 0.000000
0.000000 3.744681 0.000000
0.000000 3.829787 0.000000
0.000000 3.914894 0.000000
0.000000 4.000000 0.000000
0.076923 0.000000 0.000000
0.076923 0.085106 -0.005589
0.076923 0.170213 -0.063718
0.076923 0.255319 -0.121847
0.076923 0.340426 -0.179976
0.076923 0.425532 -0.238105
0.076923 0.510638 -0.296233
0.076923 0.595745 -0.354362
0.076923 0.680851 -0.412491
0.076923 0.765957 -0.470620
0.076923 0.851064 -0.528749
0.076923 0.936170 -0.586877
0.076923 1.021277 -0.645006
0.076923 1.106383 -0.703135
0.076923 1.191489 -0.761264
0.076923 1.276596 -0.819393
0.076923 1.361702 -0.877521
0.076923 1.446809 -0.935650
0.076923 1.531915 -0.993779
0.076923 1.617021 -1.051908
0.076923 1.702128 -1.110037
0.076923 1.787234 -1.168165
0.076923 1.872340 -1.226294
0.076923 1.957447 -1.284423
0.076923 2.042553 -1.342552
0.076923 2.127660 -1.400681
0.076923 2.212766 -1.458809
0.076923 2.297872 -1.516938
0.076923 2.382979 -1.575067
0.076923 2.468085 -1.633196
0.076923 2.553191 -1.691325
0.076923 2.638298 -1.749453
0.076923 2.723404 -1.807582
0.076923 2.808511 -1.865711
0.076923 2.893617 -1.923840
0.076923 2.978723 -1.981969
0.076923 3.063830 -2.040097
0.076923 3.148936 -2.098226
0.076923 3.234043 -2.156355
0.076923 3.319149 -2.214484
0.076923 3.404255 -2.272613
0.076923 3.489362 -2.330741
0.076923 3.574468 -2.388870
0.076923 3.659574 -2.446999
0.076923 3.744681 -2.505128
0.076923 3.829787 -2.563257
0.076923 3.914894 -2.621386
0.076923 4.000000 0.000000
0.153846 0.000000 0.000000
0.153846 0.085106 0.046950
0.153846 0.170213 -0.011179
0.153846 0.255319 -0.069307
0.153846 0.340426 -0.127436
0.153846 0.425532 -0.185565
0.153846 0.510638 -0.243694
0.153846 0.595745 -0.301823
0.153846 0.680851 -0.359951
0.153846 0.765957 -0.418080
0.153846 0.851064 -0.476209
0.153846 0.936170 -0.534338
0.153846 1.021277 -0.592467
0.153846 1.106383 -0.650595
0.153846 1.191489 -0.708724
0.153846 1.276596 -0.766853
0.153846 1.361702 -0.824982
0.153846 1.446809 -0.883111
0.153846 1.531915 -0.941239
0.153846 1.617021 -0.999368
0.153846 1.702128 -1.057497
0.153846 1.787234 -1.115626
0.153846 1.872340 -1.173755
0.153846 1.957447 -1.231884
0.153846 2.042553 -1.290012
0.153846 2.127660 -1.348141
0.153846 2.212766 -1.406270
0.153846 2.297872 -1.464399
0.153846 2.382979 -1.522528
0.153846 2.468085 -1.580656
0.153846 2.553191 -1.638785
0.153846 2.638298 -1.696914
0.153846 2.723404 -1.755043
0.153846 2.808511 -1.813172
0.153846 2.893617 -1.871300
0.153846 2.978723 -1.929429
0.153846 3.063830 -1.987558
0.153846 3.148936 -2.045687
0.153846 3.234043 -2.103816
0.153846 3.319149 -2.161944
0.153846 3.404255 -2.220073
0.153846 3.489362 -2.278202
0.153846 3.574468 -2.336331
0.153846 3.659574 -2.394460
0.153846 3.744681 -2.452588
0.153846 3.829787 -2.510717
0.153846 3.914894 -2.568846
0.153846 4.000000 0.000000
0.230769 0.000000 0.000000
0.230769 0.085106 0.099490
0.230769 0.170213 0.041361
0.230769 0.255319 -0.016768
0.230769 0.340426 -0.074897
0.230769 0.425532 -0.133026
0.230769 0.510638 -0.191154
0.230769 0.595745 -0.249283
0.230769 0.680851 -0.307412
0.230769 0.765957 -0.365541
0.230769 0.851064 -0.423670
0.230769 0.936170 -0.481798
0.230769 1.021277 -0.539927
0.230769 1.106383 -0.598056
0.230769 1.191489 -0.656185
0.230769 1.276596 -0.714314
0.230769 1.361702 -0.772442
0.230769 1.446809 -0.830571
0.230769 1.531915 -0.888700
0.230769 1.617021 -0.946829
0.230769 1.702128 -1.004958
0.230769 1.787234 -1.063086
0.230769 1.872340 -1.121215
0.230769 1.957447 -1.179344
0.230769 2.042553 -1.237473
0.230769 2.127660 -1.295602
0.230769 2.212766 -1.353730
0.230769 2.297872 -1.411859
0.230769 2.382979 -1.469988
0.230769 2.468085 -1.528117
0.230769 2.553191 -1.586246
0.230769 2.638298 -1.644374
0.230769 2.723404 -1.702503
0.230769 2.808511 -1.760632
0.230769 2.893617 -1.818761
0.230769 2.978723 -1.876890
0.230769 3.063830 -1.935018
0.230769 3.148936 -1.993147
0.230769 3.234043 -2.051276
0.230769 3.319149 -2.109405
0.230769 3.404255 -2.167534
0.230769 3.489362 -2.225663
0.230769 3.574468 -2.283791
0.230769 3.659574 -2.341920
0.230769 3.744681 -2.400049
0.230769 3.829787 -2.458178
0.230769 3.914894 -2.516307
0.230769 4.000000 0.000000
0.307692 0.000000 0.000000
0.307692 0.085106 0.152029
0.307692 0.170213 0.093900
0.307692 0.255319 0.035772
0.307692 0.340426 -0.022357
0.307692 0.425532 -0.080486
0.307692 0.510638 -0.138615
0.307692 0.595745 -0.196744
0.307692 0.680851 -0.254872
0.307692 0.765957 -0.313001
0.307692 0.851064 -0.371130
0.307692 0.936170 -0.429259
0.307692 1.021277 -0.487388
0.307692 1.106383 -0.545516
0.307692 1.191489 -0.603645
0.307692 1.276596 -0.661774
0.307692 1.361702 -0.719903
0.307692 1.446809 -0.778032
0.307692 1.531915 -0.836160
0.307692 1.617021 -0.894289
0.307692 1.702128 -0.952418
0.307692 1.787234 -1.010547
0.307692 1.872340 -1.068676
0.307692 1.957447 -1.126805
0.307692 2.042553 -1.184933
0.307692 2.127660 -1.243062
0.307692 2.212766 -1.301191
0.307692 2.297872 -1.359320
0.307692 2.382979 -1.417449
0.307692 2.468085 -1.475577
0.307692 2.553191 -1.533706
0.307692 2.638298 -1.591835
0.307692 2.723404 -1.649964
0.307692 2.808511 -1.708093
0.307692 2.893617 -1.766221
0.307692 2.978723 -1.824350
0.307692 3.063830 -1.882479
0.307692 3.148936 -1.940608
0.307692 3.234043 -1.998737
0.307692 3.319149 -2.056865
0.307692 3.404255 -2.114994
0.307692 3.489362 -2.173123
0.307692 3.574468 -2.231252
0.307692 3.659574 -2.289381
0.307692 3.744681 -2.347509
0.307692 3.829787 -2.405638
0.307692 3.914894 -2.463767
0.307692 4.000000 0.000000
0.384615 0.000000 0.000000
0.384615 0.085106 0.204569
0.384615 0.170213 0.146440
0.384615 0.255319 0.088311
0.384615 0.340426 0.030182
0.384615 0.425532 -0.027947
0.384615 0.510638 -0.086075
0.384615 0.595745 -0.144204
0.384615 0.680851 -0.202333
0.384615 0.765957 -0.260462
0.384615 0.851064 -0.318591
0.384615 0.936170 -0.376719
0.384615 1.021277 -0.434848
0.384615 1.106383 -0.492977
0.384615 1.191489 -0.551106
0.384615 1.276596 -0.609235
0.384615 1.361702 -0.667363
0.384615 1.446809 -0.725492
0.384615 1.531915 -0.783621
0.384615 1.617021 -0.841750
0.384615 1.702128 -0.899879
0.384615 1.787234 -0.958007
0.384615 1.872340 -1.016136
0.384615 1.957447 -1.074265
0.384615 2.042553 -1.132394
0.384615 2.127660 -1.190523
0.384615 2.212766 -1.248651
0.384615 2.297872 -1.306780
0.384615 2.382979 -1.364909
0.384615 2.468085 -1.423038
0.384615 2.553191 -1.481167
0.384615 2.638298 -1.539295
0.384615 2.723404 -1.597424
0.384615 2.808511 -1.655553
0.384615 2.893617 -1.713682
0.384615 2.978723 -1.771811
0.384615 3.063830 -1.829939
0.384615 3.148936 -1.888068
0.384615 3.234043 -1.946197
0.384615 3.319149 -2.004326
0.384615 3.404255 -2.062455
0.384615 3.489362 -2.120584
0.384615 3.574468 -2.178712
0.384615 3.659574 -2.236841
0.384615 3.744681 -2.294970
0.384615 3.829787 -2.353099
0.384615 3.914894 -2.411228
0.384615 4.000000 0.000000
0.461538 0.000000 0.000000
0.461538 0.085106 0.257108
0.461538 0.170213 0.198979
0.461538 0.255319 0.140851
0.461538 0.340426 0.082722
0.461538 0.425532 0.024593
0.461538 0.510638 -0.033536
0.461538 0.595745 -0.091665
0.461538 0.680851 -0.149793
0.461538 0.765957 -0.207922
0.461538 0.851064 -0.266051
0.461538 0.936170 -0.324180
0.461538 1.021277 -0.382309
0.461538 1.106383 -0.440437
0.461538 1.191489 -0.498566
0.461538 1.276596 -0.556695
0.461538 1.361702 -0.614824
0.461538 1.446809 -0.672953
0.461538 1.531915 -0.731082
0.461538 1.617021 -0.789210
0.461538 1.702128 -0.847339
0.461538 1.787234 -0.905468
0.461538 1.872340 -0.963597
0.461538 1.957447 -1.021726
0.461538 2.042553 -1.079854
0.461538 2.127660 -1.137983
0.461538 2.212766 -1.196112
0.461538 2.297872 -1.254241
0.461538 2.382979 -1.312370
0.461538 2.468085 -1.370498
0.461538 2.553191 -1.428627
0.461538 2.638298 -1.486756
0.461538 2.723404 -1.544885
0.461538 2.808511 -1.603014
0.461538 2.893617 -1.661142
0.461538 2.978723 -1.719271
0.461538 3.063830 -1.777400
0.461538 3.148936 -1.835529
0.461538 3.234043 -1.893658
0.461538 3.319149 -1.951786
0.461538 3.404255 -2.009915
0.461538 3.489362 -2.068044
0.461538 3.574468 -2.126173
0.461538 3.659574 -2.184302
0.461538 3.744681 -2.242430
0.461538 3.829787 -2.300559
0.461538 3.914894 -2.358688
0.461538 4.000000 0.000000
0.538462 0.000000 0.000000
0.538462 0.085106 0.309648
0.538462 0.170213 0.251519
0.538462 0.255319 0.193390
0.538462 0.340426 0.135261
0.538462 0.425532 0.077132
0.538462 0.510638 0.019004
0.538462 0.595745 -0.039125
0.538462 0.680851 -0.097254
0.538462 0.765957 -0.155383
0.538462 0.851064 -0.213512
0.538462 0.936170 -0.271640
0.538462 1.021277 -0.329769
0.538462 1.106383 -0.387898
0.538462 1.191489 -0.446027
0.538462 1.276596 -0.504156
0.538462 1.361702 -0.562284
0.538462 1.446809 -0.620413
0.538462 1.531915 -0.678542
0.538462 1.617021 -0.736671
0.538462 1.702128 -0.794800
0.538462 1.787234 -0.852928
0.538462 1.872340 -0.911057
0.538462 1.957447 -0.969186
0.538462 2.042553 -1.027315
0.538462 2.127660 -1.085444
0.538462 2.212766 -1.143572
0.538462 2.297872 -1.201701
0.538462 2.382979 -1.259830
0.538462 2.468085 -1.317959
0.538462 2.553191 -1.376088
0.538462 2.638298 -1.434216
0.538462 2.723404 -1.492345
0.538462 2.808511 -1.550474
0.538462 2.893617 -1.608603
0.538462 2.978723 -1.666732
0.538462 3.063830 -1.724860
0.538462 3.148936 -1.782989
0.538462 3.234043 -1.841118
0.538462 3.319149 -1.899247
0.538462 3.404255 -1.957376
0.538462 3.489362 -2.015505
0.538462 3.574468 -2.073633
0.538462 3.659574 -2.131762
0.538462 3.744681 -2.189891
0.538462 3.829787 -2.248020
0.538462 3.914894 -2.306149
0.538462 4.000000 0.000000
0.615385 0.000000 0.000000
0.615385 0.085106 0.362187
0.615385 0.170213 0.304058
0.615385 0.255319 0.245930
0.615385 0.340426 0.187801
0.615385 0.425532 0.129672
0.615385 0.510638 0.071543
0.615385 0.595745 0.013414
0.615385 0.680851 -0.044714
0.615385 0.765957 -0.102843
0.615385 0.851064 -0.160972
0.615385 0.936170 -0.219101
0.615385 1.021277 -0.277230
0.615385 1.106383 -0.335358
0.615385 1.191489 -0.393487
0.615385 1.276596 -0.451616
0.615385 1.361702 -0.509745
0.615385 1.446809 -0.567874
0.615385 1.531915 -0.626003
0.615385 1.617021 -0.684131
0.615385 1.702128 -0.742260
0.615385 1.787234 -0.800389
0.615385 1.872340 -0.858518
0.615385 1.957447 -0.916647
0.615385 2.042553 -0.974775
0.615385 2.127660 -1.032904
0.615385 2.212766 -1.091033
0.615385 2.297872 -1.149162
0.615385 2.382979 -1.207291
0.615385 2.468085 -1.265419
0.615385 2.553191 -1.323548
0.615385 2.638298 -1.381677
0.615385 2.723404 -1.439806
0.615385 2.808511 -1.497935
0.615385 2.893617 -1.556063
0.615385 2.978723 -1.614192
0.615385 3.063830 -1.672321
0.615385 3.148936 -1.730450
0.615385 3.234043 -1.788579
0.615385 3.319149 -1.846707
0.615385 3.404255 -1.904836
0.615385 3.489362 -1.962965
0.615385 3.574468 -2.021094
0.615385 3.659574 -2.079223
0.615385 3.744681 -2.137351
0.615385 3.829787 -2.195480
0.615385 3.914894 -2.253609
0.615385 4.000000 0.000000
0.692308 0.000000 0.000000
0.692308 0.085106 0.414727
0.692308 0.170213 0.356598
0.692308 0.255319 0.298469
0.692308 0.340426 0.240340
0.692308 0.425532 0.182211
0.692308 0.510638 0.124083
0.692308 0.595745 0.065954
0.692308 0.680851 0.007825
0.692308 0.765957 -0.050304
0.692308 0.851064 -0.108433
0.692308 0.936170 -0.166561
0.692308 1.021277 -0.224690
0.692308 1.106383 -0.282819
0.692308 1.191489 -0.340948
0.692308 1.276596 -0.399077
0.692308 1.361702 -0.457205
0.692308 1.446809 -0.515334
0.692308 1.531915 -0.573463
0.692308 1.617021 -0.631592
0.692308 1.702128 -0.689721
0.692308 1.787234 -0.747849
0.692308 1.872340 -0.805978
0.692308 1.957447 -0.864107
0.692308 2.042553 -0.922236
0.692308 2.127660 -0.980365
0.692308 2.212766 -1.038493
0.692308 2.297872 -1.096622
0.692308 2.382979 -1.154751
0.692308 2.468085 -1.212880
0.692308 2.553191 -1.271009
0.692308 2.638298 -1.329137
0.692308 2.723404 -1.387266
0.692308 2.808511 -1.445395
0.692308 2.893617 -1.503524
0.692308 2.978723 -1.561653
0.692308 3.063830 -1.619782
0.692308 3.148936 -1.677910
0.692308 3.234043 -1.736039
0.692308 3.319149 -1.794168
0.692308 3.404255 -1.852297
0.692308 3.489362 -1.910426
0.692308 3.574468 -1.968554
0.692308 3.659574 -2.026683
0.692308 3.744681 -2.084812
0.692308 3.829787 -2.142941
0.692308 3.914894 -2.201070
0.692308 4.000000 0.000000
0.769231 0.000000 0.000000
0.769231 0.085106 0.467266
0.769231 0.170213 0.409137
0.769231 0.255319 0.351009
0.769231 0.340426 0.292880
0.769231 0.425532 0.234751
0.769231 0.510638 0.176622
0.769231 0.595745 0.118493
0.769231 0.680851 0.060365
0.769231 0.765957 0.002236
0.769231 0.851064 -0.055893
0.769231 0.936170 -0.114022
0.769231 1.021277 -0.172151
0.769231 1.106383 -0.230279
0.769231 1.191489 -0.288408
0.769231 1.276596 -0.346537
0.769231 1.361702 -0.404666
0.769231 1.446809 -0.462795
0.769231 1.531915 -0.520924
0.769231 1.617021 -0.579052
0.769231 1.702128 -0.637181
0.769231 1.787234 -0.695310
0.769231 1.872340 -0.753439
0.769231 1.957447 -0.811568
0.769231 2.042553 -0.869696
0.769231 2.127660 -0.927825
0.769231 2.212766 -0.985954
0.769231 2.297872 -1.044083
0.769231 2.382979 -1.102212
0.769231 2.468085 -1.160340
0.769231 2.553191 -1.218469
0.769231 2.638298 -1.276598
0.769231 2.723404 -1.334727
0.769231 2.808511 -1.392856
0.769231 2.893617 -1.450984
0.769231 2.978723 -1.509113
0.769231 3.063830 -1.567242
0.769231 3.148936 -1.625371
0.769231 3.234043 -1.683500
0.769231 3.319149 -1.741628
0.769231 3.404255 -1.799757
0.769231 3.489362 -1.857886
0.769231 3.574468 -1.916015
0.769231 3.659574 -1.974144
0.769231 3.744681 -2.032272
0.769231 3.829787 -2.090401
0.769231 3.914894 -2.148530
0.769231 4.000000 0.000000
0.846154 0.000000 0.000000
0.846154 0.085106 0.519806
0.846154 0.170213 0.461677
0.846154 0.255319 0.403548
0.846154 0.340426 0.345419
0.846154 0.425532 0.287290
0.846154 0.510638 0.229162
0.846154 0.595745 0.171033
0.846154 0.680851 0.112904
0.846154 0.765957 0.054775
0.846154 0.851064 -0.003354
0.846154 0.936170 -0.061482
0.846154 1.021277 -0.119611
0.846154 1.106383 -0.177740
0.846154 1.191489 -0.235869
0.846154 1.276596 -0.293998
0.846154 1.361702 -0.352126
0.846154 1.446809 -0.410255
0.846154 1.531915 -0.468384
0.846154 1.617021 -0.526513
0.846154 1.702128 -0.584642
0.846154 1.787234 -0.642770
0.846154 1.872340 -0.700899
0.846154 1.957447 -0.759028
0.846154 2.042553 -0.817157
0.846154 2.127660 -0.875286
0.846154 2.212766 -0.933414
0.846154 2.297872 -0.991543
0.846154 2.382979 -1.049672
0.846154 2.468085 -1.107801
0.846154 2.553191 -1.165930
0.846154 2.638298 -1.224058
0.846154 2.723404 -1.282187
0.846154 2.808511 -1.340316
0.846154 2.893617 -1.398445
0.846154 2.978723 -1.456574
0.846154 3.063830 -1.514703
0.846154 3.148936 -1.572831
0.846154 3.234043 -1.630960
0.846154 3.319149 -1.689089
0.846154 3.404255 -1.747218
0.846154 3.489362 -1.805347
0.846154 3.574468 -1.863475
0.846154 3.659574 -1.921604
0.846154 3.744681 -1.979733
0.846154 3.829787 -2.037862
0.846154 3.914894 -2.095991
0.846154 4.000000 0.000000
0.923077 0.000000 0.000000
0.923077 0.085106 0.572345
0.923077 0.170213 0.514216
0.923077 0.255319 0.456088
0.923077 0.340426 0.397959
0.923077 0.425532 0.339830
0.923077 0.510638 0.281701
0.923077 0.595745 0.223572
0.923077 0.680851 0.165444
0.923077 0.765957 0.107315
0.923077 0.851064 0.049186
0.923077 0.936170 -0.008943
0.923077 1.021277 -0.067072
0.923077 1.106383 -0.125201
0.923077 1.191489 -0.183329
0.923077 1.276596 -0.241458
0.923077 1.361702 -0.299587
0.923077 1.446809 -0.357716
0.923077 1.531915 -0.415845
0.923077 1.617021 -0.473973
0.923077 1.702128 -0.532102
0.923077 1.787234 -0.590231
0.923077 1.872340 -0.648360
0.923077 1.957447 -0.706489
0.923077 2.042553 -0.764617
0.923077 2.127660 -0.822746
0.923077 2.212766 -0.880875
0.923077 2.297872 -0.939004
0.923077 2.382979 -0.997133
0.923077 2.468085 -1.055261
0.923077 2.553191 -1.113390
0.923077 2.638298 -1.171519
0.923077 2.723404 -1.229648
0.923077 2.808511 -1.287777
0.923077 2.893617 -1.345905
0.923077 2.978723 -1.404034
0.923077 3.063830 -1.462163
0.923077 3.148936 -1.520292
0.923077 3.234043 -1.578421
0.923077 3.319149 -1.636549
0.923077 3.404255 -1.694678
0.923077 3.489362 -1.752807
0.923077 3.574468 -1.810936
0.923077 3.659574 -1.869065
0.923077 3.744681 -1.927193
0.923077 3.829787 -1.985322
0.923077 3.914894 -2.043451
0.923077 4.000000 0.000000
1.000000 0.000000 0.000000
1.000000 0.085106 0.624885
1.000000 0.170213 0.566756
1.000000 0.255319 0.508627
1.000000 0.340426 0.450498
1.000000 0.425532 0.392369
1.000000 0.510638 0.334241
1.000000 0.595745 0.276112
1.000000 0.680851 0.217983
1.000000 0.765957 0.159854
1.000000 0.851064 0.101725
1.000000 0.936170 0.043597
1.000000 1.021277 -0.014532
1.000000 1.106383 -0.072661
1.000000 1.191489 -0.130790
1.000000 1.276596 -0.188919
1.000000 1.361702 -0.247047
1.000000 1.446809 -0.305176
1.000000 1.531915 -0.363305
1.000000 1.617021 -0.421434
1.000000 1.702128 -0.479563
1.000000 1.787234 -0.537691
1.000000 1.872340 -0.595820
1.000000 1.957447 -0.653949
1.000000 2.042553 -0.712078
1.000000 2.127660 -0.770207
1.000000 2.212766 -0.828335
1.000000 2.297872 -0.886464
1.000000 2.382979 -0.944593
1.000000 2.468085 -1.002722
1.000000 2.553191 -1.060851
1.000000 2.638298 -1.118979
1.000000 2.723404 -1.177108
1.000000 2.808511 -1.235237
1.000000 2.893617 -1.293366
1.000000 2.978723 -1.351495
1.000000 3.063830 -1.409624
1.000000 3.148936 -1.467752
1.000000 3.234043 -1.525881
1.000000 3.319149 -1.584010
1.000000 3.404255 -1.642139
1.000000 3.489362 -1.700268
1.000000 3.574468 -1.758396
1.000000 3.659574 -1.816525
1.000000 3.744681 -1.874654
1.000000 3.829787 -1.932783
1.000000 3.914894 -1.990912
1.000000 4.000000 0.000000
1.076923 0.000000 0.000000
1.076923 0.085106 0.677424
1.076923 0.170213 0.619295
1.076923 0.255319 0.561167
1.076923 0.340426 0.503038
1.076923 0.425532 0.444909
1.076923 0.510638 0.386780
1.076923 0.595745 0.328651
1.076923 0.680851 0.270523
1.076923 0.765957 0.212394
1.076923 0.851064 0.154265
1.076923 0.936170 0.096136
1.076923 1.021277 0.038007
1.076923 1.106383 -0.020122
1.076923 1.191489 -0.078250
1.076923 1.276596 -0.136379
1.076923 1.361702 -0.194508
1.076923 1.446809 -0.252637
1.076923 1.531915 -0.310766
1.076923 1.617021 -0.368894
1.076923 1.702128 -0.427023
1.076923 1.787234 -0.485152
1.076923 1.872340 -0.543281
1.076923 1.957447 -0.601410
1.076923 2.042553 -0.659538
1.076923 2.127660 -0.717667
1.076923 2.212766 -0.775796
1.076923 2.297872 -0.833925
1.076923 2.382979 -0.892054
1.076923 2.468085 -0.950182
1.076923 2.553191 -1.008311
1.076923 2.638298 -1.066440
1.076923 2.723404 -1.124569
1.076923 2.808511 -1.182698
1.076923 2.893617 -1.240826
1.076923 2.978723 -1.298955
1.076923 3.063830 -1.357084
1.076923 3.148936 -1.415213
1.076923 3.234043 -1.473342
1.076923 3.319149 -1.531470
1.076923 3.404255 -1.589599
1.076923 3.489362 -1.647728
1.076923 3.574468 -1.705857
1.076923 3.659574 -1.763986
1.076923 3.744681 -1.822114
1.076923 3.829787 -1.880243
1.076923 3.914894 -1.938372
1.076923 4.000000 0.000000
1.153846 0.000000 0.000000
1.153846 0.085106 0.729964
1.153846 0.170213 0.671835
1.153846 0.255319 0.613706
1.153846 0.340426 0.555577
1.153846 0.425532 0.497448
1.153846 0.510638 0.439320
1.153846 0.595745 0.381191
1.153846 0.680851 0.323062
1.153846 0.765957 0.264933
1.153846 0.851064 0.206804
1.153846 0.936170 0.148676
1.153846 1.021277 0.090547
1.153846 1.106383 0.032418
1.153846 1.191489 -0.025711
1.153846 1.276596 -0.083840
1.153846 1.361702 -0.141968
1.153846 1.446809 -0.200097
1.153846 1.531915 -0.258226
1.153846 1.617021 -0.316355
1.153846 1.702128 -0.374484
1.153846 1.787234 -0.432612
1.153846 1.872340 -0.490741
1.153846 1.957447 -0.548870
1.153846 2.042553 -0.606999
1.153846 2.127660 -0.665128
1.153846 2.212766 -0.723256
1.153846 2.297872 -0.781385
1.153846 2.382979 -0.839514
1.153846 2.468085 -0.897643
1.153846 2.553191 -0.955772
1.153846 2.638298 -1.013900
1.153846 2.723404 -1.072029
1.153846 2.808511 -1.130158
1.153846 2.893617 -1.188287
1.153846 2.978723 -1.246416
1.153846 3.063830 -1.304545
1.153846 3.148936 -1.362673
1.153846 3.234043 -1.420802
1.153846 3.319149 -1.478931
1.153846 3.404255 -1.537060
1.153846 3.489362 -1.595189
1.153846 3.574468 -1.653317
1.153846 3.659574 -1.711446
1.153846 3.744681 -1.769575
1.153846 3.829787 -1.827704
1.153846 3.914894 -1.885833
1.153846 4.000000 0.000000
1.230769 0.000000 0.000000
1.230769 0.085106 0.782503
1.230769 0.170213 0.724374
1.230769 0.255319 0.666246
1.230769 0.340426 0.608117
1.230769 0.425532 0.549988
1.230769 0.510638 0.491859
1.230769 0.595745 0.433730
1.230769 0.680851 0.375602
1.230769 0.765957 0.317473
1.230769 0.851064 0.259344
1.230769 0.936170 0.201215
1.230769 1.021277 0.143086
1.230769 1.106383 0.084957
1.230769 1.191489 0.026829
1.230769 1.276596 -0.031300
1.230769 1.361702 -0.089429
1.230769 1.446809 -0.147558
1.230769 1.531915 -0.205687
1.230769 1.617021 -0.263815
1.230769 1.702128 -0.321944
1.230769 1.787234 -0.380073
1.230769 1.872340 -0.438202
1.230769 1.957447 -0.496331
1.230769 2.042553 -0.554459
1.230769 2.127660 -0.612588
1.230769 2.212766 -0.670717
1.230769 2.297872 -0.728846
1.230769 2.382979 -0.786975
1.230769 2.468085 -0.845103
1.230769 2.553191 -0.903232
1.230769 2.638298 -0.961361
1.230769 2.723404 -1.019490
1.230769 2.808511 -1.077619
1.230769 2.893617 -1.135747
1.230769 2.978723 -1.193876
1.230769 3.063830 -1.252005
1.230769 3.148936 -1.310134
1.230769 3.234043 -1.368263
1.230769 3.319149 -1.426391
1.230769 3.404255 -1.484520
1.230769 3.489362 -1.542649
1.230769 3.574468 -1.600778
1.230769 3.659574 -1.658907
1.230769 3.744681 -1.717035
1.230769 3.829787 -1.775164
1.230769 3.914894 -1.833293
1.230769 4.000000 0.000000
1.307692 0.000000 0.000000
1.307692 0.085106 0.835043
1.307692 0.170213 0.776914
1.307692 0.255319 0.718785
1.307692 0.340426 0.660656
1.307692 0.425532 0.602527
1.307692 0.510638 0.544399
1.307692 0.595745 0.486270
1.307692 0.680851 0.428141
1.307692 0.765957 0.370012
1.307692 0.851064 0.311883
1.307692 0.936170 0.253755
1.307692 1.021277 0.195626
1.307692 1.106383 0.137497
1.307692 1.191489 0.079368
1.307692 1.276596 0.021239
1.307692 1.361702 -0.036889
1.307692 1.446809 -0.095018
1.307692 1.531915 -0.153147
1.307692 1.617021 -0.211276
1.307692 1.702128 -0.269405
1.307692 1.787234 -0.327533
1.307692 1.872340 -0.385662
1.307692 1.957447 -0.443791
1.307692 2.042553 -0.501920
1.307692 2.127660 -0.560049
1.307692 2.212766 -0.618177
1.307692 2.297872 -0.676306
1.307692 2.382979 -0.734435
1.307692 2.468085 -0.792564
1.307692 2.553191 -0.850693
1.307692 2.638298 -0.908822
1.307692 2.723404 -0.966950
1.307692 2.808511 -1.025079
1.307692 2.893617 -1.083208
1.307692 2.978723 -1.141337
1.307692 3.063830 -1.199466
1.307692 3.148936 -1.257594
1.307692 3.234043 -1.315723
1.307692 3.319149 -1.373852
1.307692 3.404255 -1.431981
1.307692 3.489362 -1.490110
1.307692 3.574468 -1.548238
1.307692 3.659574 -1.606367
1.307692 3.744681 -1.664496
1.307692 3.829787 -1.722625
1.307692 3.914894 -1.780754
1.307692 4.000000 0.000000
1.384615 0.000000 0.000000
1.384615 0.085106 0.887582
1.384615 0.170213 0.829453
1.384615 0.255319 0.771325
1.384615 0.340426 0.713196
1.384615 0.425532 0.655067
1.384615 0.510638 0.596938
1.384615 0.595745 0.538809
1.384615 0.680851 0.480681
1.384615 0.765957 0.422552
1.384615 0.851064 0.364423
1.384615 0.936170 0.306294
1.384615 1.021277 0.248165
1.384615 1.106383 0.190036
1.384615 1.191489 0.131908
1.384615 1.276596 0.073779
1.384615 1.361702 0.015650
1.384615 1.446809 -0.042479
1.384615 1.531915 -0.100608
1.384615 1.617021 -0.158736
1.384615 1.702128 -0.216865
1.384615 1.787234 -0.274994
1.384615 1.872340 -0.333123
1.384615 1.957447 -0.391252
1.384615 2.042553 -0.449380
1.384615 2.127660 -0.507509
1.384615 2.212766 -0.565638
1.384615 2.297872 -0.623767
1.384615 2.382979 -0.681896
1.384615 2.468085 -0.740024
1.384615 2.553191 -0.798153
1.384615 2.638298 -0.856282
1.384615 2.723404 -0.914411
1.384615 2.808511 -0.972540
1.384615 2.893617 -1.030668
1.384615 2.978723 -1.088797
1.384615 3.063830 -1.146926
1.384615 3.148936 -1.205055
1.384615 3.234043 -1.263184
1.384615 3.319149 -1.321312
1.384615 3.404255 -1.379441
1.384615 3.489362 -1.437570
1.384615 3.574468 -1.495699
1.384615 3.659574 -1.553828
1.384615 3.744681 -1.611956
1.384615 3.829787 -1.670085
1.384615 3.914894 -1.728214
1.384615 4.000000 0.000000
1.461538 0.000000 0.000000
1.461538 0.085106 0.940122
1.461538 0.170213 0.881993
1.461538 0.255319 0.823864
1.461538 0.340426 0.765735
1.461538 0.425532 0.707606
1.461538 0.510638 0.649478
1.461538 0.595745 0.591349
1.461538 0.680851 0.533220
1.461538 0.765957 0.475091
1.461538 0.851064 0.416962
1.461538 0.936170 0.358834
1.461538 1.021277 0.300705
1.461538 1.106383 0.242576
1.461538 1.191489 0.184447
1.461538 1.276596 0.126318
1.461538 1.361702 0.068190
1.461538 1.446809 0.010061
1.461538 1.531915 -0.048068
1.461538 1.617021 -0.106197
1.461538 1.702128 -0.164326
1.461538 1.787234 -0.222454
1.461538 1.872340 -0.280583
1.461538 1.957447 -0.338712
1.461538 2.042553 -0.396841
1.461538 2.127660 -0.454970
1.461538 2.212766 -0.513098
1.461538 2.297872 -0.571227
1.461538 2.382979 -0.629356
1.461538 2.468085 -0.687485
1.461538 2.553191 -0.745614
1.461538 2.638298 -0.803743
1.461538 2.723404 -0.861871
1.461538 2.808511 -0.920000
1.461538 2.893617 -0.978129
1.461538 2.978723 -1.036258
1.461538 3.063830 -1.094387
1.461538 3.148936 -1.152515
1.461538 3.234043 -1.210644
1.461538 3.319149 -1.268773
1.461538 3.404255 -1.326902
1.461538 3.489362 -1.385031
1.461538 3.574468 -1.443159
1.461538 3.659574 -1.501288
1.461538 3.744681 -1.559417
1.461538 3.829787 -1.617546
1.461538 3.914894 -1.675675
1.461538 4.000000 0.000000
1.538462 0.000000 0.000000
1.538462 0.085106 0.992661
1.538462 0.170213 0.934532
1.538462 0.255319 0.876404
1.538462 0.340426 0.818275
1.538462 0.425532 0.760146
1.538462 0.510638 0.702017
1.538462 0.595745 0.643888
1.538462 0.680851 0.585759
1.538462 0.765957 0.527631
1.538462 0.851064 0.469502
1.538462 0.936170 0.411373
1.538462 1.021277 0.353244
1.538462 1.106383 0.295115
1.538462 1.191489 0.236987
1.538462 1.276596 0.178858
1.538462 1.361702 0.120729
1.538462 1.446809 0.062600
1.538462 1.531915 0.004471
1.538462 1.617021 -0.053657
1.538462 1.702128 -0.111786
1.538462 1.787234 -0.169915
1.538462 1.872340 -0.228044
1.538462 1.957447 -0.286173
1.538462 2.042553 -0.344301
1.538462 2.127660 -0.402430
1.538462 2.212766 -0.460559
1.538462 2.297872 -0.518688
1.538462 2.382979 -0.576817
1.538462 2.468085 -0.634945
1.538462 2.553191 -0.693074
1.538462 2.638298 -0.751203
1.538462 2.723404 -0.809332
1.538462 2.808511 -0.867461
1.538462 2.893617 -0.925589
1.538462 2.978723 -0.983718
1.538462 3.063830 -1.041847
1.538462 3.148936 -1.099976
1.538462 3.234043 -1.158105
1.538462 3.319149 -1.216233
1.538462 3.404255 -1.274362
1.538462 3.489362 -1.332491
1.538462 3.574468 -1.390620
1.538462 3.659574 -1.448749
1.538462 3.744681 -1.506877
1.538462 3.829787 -1.565006
1.538462 3.914894 -1.623135
1.538462 4.000000 0.000000
1.615385 0.000000 0.000000
1.615385 0.085106 1.045201
1.615385 0.170213 0.987072
1.615385 0.255319 0.928943
1.615385 0.340426 0.870814
1.615385 0.425532 0.812685
1.615385 0.510638 0.754557
1.615385 0.595745 0.696428
1.615385 0.680851 0.638299
1.615385 0.765957 0.580170
1.615385 0.851064 0.522041
1.615385 0.936170 0.463913
1.615385 1.021277 0.405784
1.615385 1.106383 0.347655
1.615385 1.191489 0.289526
1.615385 1.276596 0.231397
1.615385 1.361702 0.173269
1.615385 1.446809 0.115140
1.615385 1.531915 0.057011
1.615385 1.617021 -0.001118
1.615385 1.702128 -0.059247
1.615385 1.787234 -0.117375
1.615385 1.872340 -0.175504
1.615385 1.957447 -0.233633
1.615385 2.042553 -0.291762
1.615385 2.127660 -0.349891
1.615385 2.212766 -0.408019
1.615385 2.297872 -0.466148
1.615385 2.382979 -0.524277
1.615385 2.468085 -0.582406
1.615385 2.553191 -0.640535
1.615385 2.638298 -0.698664
1.615385 2.723404 -0.756792
1.615385 2.808511 -0.814921
1.615385 2.893617 -0.873050
1.615385 2.978723 -0.931179
1.615385 3.063830 -0.989308
1.615385 3.148936 -1.047436
1.615385 3.234043 -1.105565
1.615385 3.319149 -1.163694
1.615385 3.404255 -1.221823
1.615385 3.489362 -1.279952
1.615385 3.574468 -1.338080
1.615385 3.659574 -1.396209
1.615385 3.744681 -1.454338
1.615385 3.829787 -1.512467
1.615385 3.914894 -1.570596
1.615385 4.000000 0.000000
1.692308 0.000000 0.000000
1.692308 0.085106 1.097740
1.692308 0.170213 1.039611
1.692308 0.255319 0.981483
1.692308 0.340426 0.923354
1.692308 0.425532 0.865225
1.692308 0.510638 0.807096
1.692308 0.595745 0.748967
1.692308 0.680851 0.690838
1.692308 0.765957 0.632710
1.692308 0.851064 0.574581
1.692308 0.936170 0.516452
1.692308 1.021277 0.458323
1.692308 1.106383 0.400194
1.692308 1.191489 0.342066
1.692308 1.276596 0.283937
1.692308 1.361702 0.225808
1.692308 1.446809 0.167679
1.692308 1.531915 0.109550
1.692308 1.617021 0.051422
1.692308 1.702128 -0.006707
1.692308 1.787234 -0.064836
1.692308 1.872340 -0.122965
1.692308 1.957447 -0.181094
1.692308 2.042553 -0.239222
1.692308 2.127660 -0.297351
1.692308 2.212766 -0.355480
1.692308 2.297872 -0.413609
1.692308 2.382979 -0.471738
1.692308 2.468085 -0.529866
1.692308 2.553191 -0.587995
1.692308 2.638298 -0.646124
1.692308 2.723404 -0.704253
1.692308 2.808511 -0.762382
1.692308 2.893617 -0.820510
1.692308 2.978723 -0.878639
1.692308 3.063830 -0.936768
1.692308 3.148936 -0.994897
1.692308 3.234043 -1.053026
1.692308 3.319149 -1.111154
1.692308 3.404255 -1.169283
1.692308 3.489362 -1.227412
1.692308 3.574468 -1.285541
1.692308 3.659574 -1.343670
1.692308 3.744681 -1.401798
1.692308 3.829787 -1.459927
1.692308 3.914894 -1.518056
1.692308 4.000000 0.000000
1.769231 0.000000 0.000000
1.769231 0.085106 1.150280
1.769231 0.170213 1.092151
1.769231 0.255319 1.034022
1.769231 0.340426 0.975893
1.769231 0.425532 0.917764
1.769231 0.510638 0.859636
1.769231 0.595745 0.801507
1.769231 0.680851 0.743378
1.769231 0.765957 0.685249
1.769231 0.851064 0.627120
1.769231 0.936170 0.568992
1.769231 1.021277 0.510863
1.769231 1.106383 0.452734
1.769231 1.191489 0.394605
1.769231 1.276596 0.336476
1.769231 1.361702 0.278348
1.769231 1.446809 0.220219
1.769231 1.531915 0.162090
1.769231 1.617021 0.103961
1.769231 1.702128 0.045832
1.769231 1.787234 -0.012296
1.769231 1.872340 -0.070425
1.769231 1.957447 -0.128554
1.769231 2.042553 -0.186683
1.769231 2.127660 -0.244812
1.769231 2.212766 -0.302941
1.769231 2.297872 -0.361069
1.769231 2.382979 -0.419198
1.769231 2.468085 -0.477327
1.769231 2.553191 -0.535456
1.769231 2.638298 -0.593585
1.769231 2.723404 -0.651713
1.769231 2.808511 -0.709842
1.769231 2.893617 -0.767971
1.769231 2.978723 -0.826100
1.769231 3.063830 -0.884229
1.769231 3.148936 -0.942357
1.769231 3.234043 -1.000486
1.769231 3.319149 -1.058615
1.769231 3.404255 -1.116744
1.769231 3.489362 -1.174873
1.769231 3.574468 -1.233001
1.769231 3.659574 -1.291130
1.769231 3.744681 -1.349259
1.769231 3.829787 -1.407388
1.769231 3.914894 -1.465517
1.769231 4.000000 0.000000
1.846154 0.000000 0.000000
1.846154 0.085106 1.202819
1.846154 0.170213 1.144690
1.846154 0.255319 1.086562
1.846154 0.340426 1.028433
1.846154 0.425532 0.970304
1.846154 0.510638 0.912175
1.846154 0.595745 0.854046
1.846154 0.680851 0.795917
1.846154 0.765957 0.737789
1.846154 0.851064 0.679660
1.846154 0.936170 0.621531
1.846154 1.021277 0.563402
1.846154 1.106383 0.505273
1.846154 1.191489 0.447145
1.846154 1.276596 0.389016
1.846154 1.361702 0.330887
1.846154 1.446809 0.272758
1.846154 1.531915 0.214629
1.846154 1.617021 0.156501
1.846154 1.702128 0.098372
1.846154 1.787234 0.040243
1.846154 1.872340 -0.017886
1.846154 1.957447 -0.076015
1.846154 2.042553 -0.134143
1.846154 2.127660 -0.192272
1.846154 2.212766 -0.250401
1.846154 2.297872 -0.308530
1.846154 2.382979 -0.366659
1.846154 2.468085 -0.424787
1.846154 2.553191 -0.482916
1.846154 2.638298 -0.541045
1.846154 2.723404 -0.599174
1.846154 2.808511 -0.657303
1.846154 2.893617 -0.715431
1.846154 2.978723 -0.773560
1.846154 3.063830 -0.831689
1.846154 3.148936 -0.889818
1.846154 3.234043 -0.947947
1.846154 3.319149 -1.006075
1.846154 3.404255 -1.064204
1.846154 3.489362 -1.122333
1.846154 3.574468 -1.180462
1.846154 3.659574 -1.238591
1.846154 3.744681 -1.296719
1.846154 3.829787 -1.354848
1.846154 3.914894 -1.412977
1.846154 4.000000 0.000000
1.923077 0.000000 0.000000
1.923077 0.085106 1.255359
1.923077 0.170213 1.197230
1.923077 0.255319 1.139101
1.923077 0.340426 1.080972
1.923077 0.425532 1.022843
1.923077 0.510638 0.964715
1.923077 0.595745 0.906586
1.923077 0.680851 0.848457
1.923077 0.765957 0.790328
1.923077 0.851064 0.732199
1.923077 0.936170 0.674071
1.923077 1.021277 0.615942
1.923077 1.106383 0.557813
1.923077 1.191489 0.499684
1.923077 1.276596 0.441555
1.923077 1.361702 0.383427
1.923077 1.446809 0.325298
1.923077 1.531915 0.267169
1.923077 1.617021 0.209040
1.923077 1.702128 0.150911
1.923077 1.787234 0.092783
1.923077 1.872340 0.034654
1.923077 1.957447 -0.023475
1.923077 2.042553 -0.081604
1.923077 2.127660 -0.139733
1.923077 2.212766 -0.197862
1.923077 2.297872 -0.255990
1.923077 2.382979 -0.314119
1.923077 2.468085 -0.372248
1.923077 2.553191 -0.430377
1.923077 2.638298 -0.488506
1.923077 2.723404 -0.546634
1.923077 2.808511 -0.604763
1.923077 2.893617 -0.662892
1.923077 2.978723 -0.721021
1.923077 3.063830 -0.779150
1.923077 3.148936 -0.837278
1.923077 3.234043 -0.895407
1.923077 3.319149 -0.953536
1.923077 3.404255 -1.011665
1.923077 3.489362 -1.069794
1.923077 3.574468 -1.127922
1.923077 3.659574 -1.186051
1.923077 3.744681 -1.244180
1.923077 3.829787 -1.302309
1.923077 3.914894 -1.360438
1.923077 4.000000 0.000000
2.000000 0.000000 0.000000
2.000000 0.085106 1.307898
2.000000 0.170213 1.249769
2.000000 0.255319 1.191640
2.000000 0.340426 1.133512
2.000000 0.425532 1.075383
2.000000 0.510638 1.017254
2.000000 0.595745 0.959125
2.000000 0.680851 0.900996
2.000000 0.765957 0.842868
2.000000 0.851064 0.784739
2.000000 0.936170 0.726610
2.000000 1.021277 0.668481
2.000000 1.106383 0.610352
2.000000 1.191489 0.552224
2.000000 1.276596 0.494095
2.000000 1.361702 0.435966
2.000000 1.446809 0.377837
2.000000 1.531915 0.319708
2.000000 1.617021 0.261580
2.000000 1.702128 0.203451
2.000000 1.787234 0.145322
2.000000 1.872340 0.087193
2.000000 1.957447 0.029064
2.000000 2.042553 -0.029064
2.000000 2.127660 -0.087193
2.000000 2.212766 -0.145322
2.000000 2.297872 -0.203451
2.000000 2.382979 -0.261580
2.000000 2.468085 -0.319708
2.000000 2.553191 -0.377837
2.000000 2.638298 -0.435966
2.000000 2.723404 -0.494095
2.000000 2.808511 -0.552224
2.000000 2.893617 -0.610352
2.000000 2.978723 -0.668481
2.000000 3.063830 -0.726610
2.000000 3.148936 -0.784739
2.000000 3.234043 -0.842868
2.000000 3.319149 -0.900996
2.000000 3.404255 -0.959125
2.000000 3.489362 -1.017254
2.000000 3.574468 -1.075383
2.000000 3.659574 -1.133512
2.000000 3.744681 -1.191640
2.000000 3.829787 -1.249769
2.000000 3.914894 -1.307898
2.000000 4.000000 0.000000
2.076923 0.000000 0.000000
2.076923 0.085106 1.360438
2.076923 0.170213 1.302309
2.076923 0.255319 1.244180
2.076923 0.340426 1.186051
2.076923 0.425532 1.127922
2.076923 0.510638 1.069794
2.076923 0.595745 1.011665
2.076923 0.680851 0.953536
2.076923 0.765957 0.895407
2.076923 0.851064 0.837278
2.076923 0.936170 0.779150
2.076923 1.021277 0.721021
2.076923 1.106383 0.662892
2.076923 1.191489 0.604763
2.076923 1.276596 0.546634
2.076923 1.361702 0.488506
2.076923 1.446809 0.430377
2.076923 1.531915 0.372248
2.076923 1.617021 0.314119
2.076923 1.702128 0.255990
2.076923 1.787234 0.197862
2.076923 1.872340 0.139733
2.076923 1.957447 0.081604
2.076923 2.042553 0.023475
2.076923 2.127660 -0.034654
2.076923 2.212766 -0.092783
2.076923 2.297872 -0.150911
2.076923 2.382979 -0.209040
2.076923 2.468085 -0.267169
2.076923 2.553191 -0.325298
2.076923 2.638298 -0.383427
2.076923 2.723404 -0.441555
2.076923 2.808511 -0.499684
2.076923 2.893617 -0.557813
2.076923 2.978723 -0.615942
2.076923 3.063830 -0.674071
2.076923 3.148936 -0.732199
2.076923 3.234043 -0.790328
2.076923 3.319149 -0.848457
2.076923 3.404255 -0.906586
2.076923 3.489362 -0.964715
2.076923 3.574468 -1.022843
2.076923 3.659574 -1.080972
2.076923 3.744681 -1.139101
2.076923 3.829787 -1.197230
2.076923 3.914894 -1.255359
2.076923 4.000000 0.000000
2.153846 0.000000 0.000000
2.153846 0.085106 1.412977
2.153846 0.170213 1.354848
2.153846 0.255319 1.296719
2.153846 0.340426 1.238591
2.153846 0.425532 1.180462
2.153846 0.510638 1.122333
2.153846 0.595745 1.064204
2.153846 0.680851 1.006075
2.153846 0.765957 0.947947
2.153846 0.851064 0.889818
2.153846 0.936170 0.831689
2.153846 1.021277 0.773560
2.153846 1.106383 0.715431
2.153846 1.191489 0.657303
2.153846 1.276596 0.599174
2.153846 1.361702 0.541045
2.153846 1.446809 0.482916
2.153846 1.531915 0.424787
2.153846 1.617021 0.366659
2.153846 1.702128 0.308530
2.153846 1.787234 0.250401
2.153846 1.872340 0.192272
2.153846 1.957447 0.134143
2.153846 2.042553 0.076015
2.153846 2.127660 0.017886
2.153846 2.212766 -0.040243
2.153846 2.297872 -0.098372
2.153846 2.382979 -0.156501
2.153846 2.468085 -0.214629
2.153846 2.553191 -0.272758
2.153846 2.638298 -0.330887
2.153846 2.723404 -0.389016
2.153846 2.808511 -0.447145
2.153846 2.893617 -0.505273
2.153846 2.978723 -0.563402
2.153846 3.063830 -0.621531
2.153846 3.148936 -0.679660
2.153846 3.234043 -0.737789
2.153846 3.319149 -0.795917
2.153846 3.404255 -0.854046
2.153846 3.489362 -0.912175
2.153846 3.574468 -0.970304
2.153846 3.659574 -1.028433
2.153846 3.744681 -1.086562
2.153846 3.829787 -1.144690
2.153846 3.914894 -1.202819
2.153846 4.000000 0.000000
2.230769 0.000000 0.000000
2.230769 0.085106 1.465517
2.230769 0.170213 1.407388
2.230769 0.255319 1.349259
2.230769 0.340426 1.291130
2.230769 0.425532 1.233001
2.230769 0.510638 1.174873
2.230769 0.595745 1.116744
2.230769 0.680851 1.058615
2.230769 0.765957 1.000486
2.230769 0.851064 0.942357
2.230769 0.936170 0.884229
2.230769 1.021277 0.826100
2.230769 1.106383 0.767971
2.230769 1.191489 0.709842
2.230769 1.276596 0.651713
2.230769 1.361702 0.593585
2.230769 1.446809 0.535456
2.230769 1.531915 0.477327
2.230769 1.617021 0.419198
2.230769 1.702128 0.361069
2.230769 1.787234 0.302941
2.230769 1.872340 0.244812
2.230769 1.957447 0.186683
2.230769 2.042553 0.128554
2.230769 2.127660 0.070425
2.230769 2.212766 0.012296
2.230769 2.297872 -0.045832
2.230769 2.382979 -0.103961
2.230769 2.468085 -0.162090
2.230769 2.553191 -0.220219
2.230769 2.638298 -0.278348
2.230769 2.723404 -0.336476
2.230769 2.808511 -0.394605
2.230769 2.893617 -0.452734
2.230769 2.978723 -0.510863
2.230769 3.063830 -0.568992
2.230769 3.148936 -0.627120
2.230769 3.234043 -0.685249
2.230769 3.319149 -0.743378
2.230769 3.404255 -0.801507
2.230769 3.489362 -0.859636
2.230769 3.574468 -0.917764
2.230769 3.659574 -0.975893
2.230769 3.744681 -1.034022
2.230769 3.829787 -1.092151
2.230769 3.914894 -1.150280
2.230769 4.000000 0.000000
2.307692 0.000000 0.000000
2.307692 0.085106 1.518056
2.307692 0.170213 1.459927
2.307692 0.255319 1.401798
2.307692 0.340426 1.343670
2.307692 0.425532 1.285541
2.307692 0.510638 1.227412
2.307692 0.595745 1.169283
2.307692 0.680851 1.111154
2.307692 0.765957 1.053026
2.307692 0.851064 0.994897
2.307692 0.936170 0.936768
2.307692 1.021277 0.878639
2.307692 1.106383 0.820510
2.307692 1.191489 0.762382
2.307692 1.276596 0.704253
2.307692 1.361702 0.646124
2.307692 1.446809 0.587995
2.307692 1.531915 0.529866
2.307692 1.617021 0.471738
2.307692 1.702128 0.413609
2.307692 1.787234 0.355480
2.307692 1.872340 0.297351
2.307692 1.957447 0.239222
2.307692 2.042553 0.181094
2.307692 2.127660 0.122965
2.307692 2.212766 0.064836
2.307692 2.297872 0.006707
2.307692 2.382979 -0.051422
2.307692 2.468085 -0.109550
2.307692 2.553191 -0.167679
2.307692 2.638298 -0.225808
2.307692 2.723404 -0.283937
2.307692 2.808511 -0.342066
2.307692 2.893617 -0.400194
2.307692 2.978723 -0.458323
2.307692 3.063830 -0.516452
2.307692 3.148936 -0.574581
2.307692 3.234043 -0.632710
2.307692 3.319149 -0.690838
2.307692 3.404255 -0.748967
2.307692 3.489362 -0.807096
2.307692 3.574468 -0.865225
2.307692 3.659574 -0.923354
2.307692 3.744681 -0.981483
2.307692 3.829787 -1.039611
2.307692 3.914894 -1.097740
2.307692 4.000000 0.000000
2.384615 0.000000 0.000000
2.384615 0.085106 1.570596
2.384615 0.170213 1.512467
2.384615 0.255319 1.454338
2.384615 0.340426 1.396209
2.384615 0.425532 1.338080
2.384615 0.510638 1.279952
2.384615 0.595745 1.221823
2.384615 0.680851 1.163694
2.384615 0.765957 1.105565
2.384615 0.851064 1.047436
2.384615 0.936170 0.989308
2.384615 1.021277 0.931179
2.384615 1.106383 0.873050
2.384615 1.191489 0.814921
2.384615 1.276596 0.756792
2.384615 1.361702 0.698664
2.384615 1.446809 0.640535
2.384615 1.531915 0.582406
2.384615 1.617021 0.524277
2.384615 1.702128 0.466148
2.384615 1.787234 0.408019
2.384615 1.872340 0.349891
2.384615 1.957447 0.291762
2.384615 2.042553 0.233633
2.384615 2.127660 0.175504
2.384615 2.212766 0.117375
2.384615 2.297872 0.059247
2.384615 2.382979 0.001118
2.384615 2.468085 -0.057011
2.384615 2.553191 -0.115140
2.384615 2.638298 -0.173269
2.384615 2.723404 -0.231397
2.384615 2.808511 -0.289526
2.384615 2.893617 -0.347655
2.384615 2.978723 -0.405784
2.384615 3.063830 -0.463913
2.384615 3.148936 -0.522041
2.384615 3.234043 -0.580170
2.384615 3.319149 -0.638299
2.384615 3.404255 -0.696428
2.384615 3.489362 -0.754557
2.384615 3.574468 -0.812685
2.384615 3.659574 -0.870814
2.384615 3.744681 -0.928943
2.384615 3.829787 -0.987072
2.384615 3.914894 -1.045201
2.384615 4.000000 0.000000
2.461538 0.000000 0.000000
2.461538 0.085106 1.623135
2.461538 0.170213 1.565006
2.461538 0.255319 1.506877
2.461538 0.340426 1.448749
2.461538 0.425532 1.390620
2.461538 0.510638 1.332491
2.461538 0.595745 1.274362
2.461538 0.680851 1.216233
2.461538 0.765957 1.158105
2.461538 0.851064 1.099976
2.461538 0.936170 1.041847
2.461538 1.021277 0.983718
2.461538 1.106383 0.925589
2.461538 1.191489 0.867461
2.461538 1.276596 0.809332
2.461538 1.361702 0.751203
2.461538 1.446809 0.693074
2.461538 1.531915 0.634945
2.461538 1.617021 0.576817
2.461538 1.702128 0.518688
2.461538 1.787234 0.460559
2.461538 1.872340 0.402430
2.461538 1.957447 0.344301
2.461538 2.042553 0.286173
2.461538 2.127660 0.228044
2.461538 2.212766 0.169915
2.461538 2.297872 0.111786
2.461538 2.382979 0.053657
2.461538 2.468085 -0.004471
2.461538 2.553191 -0.062600
2.461538 2.638298 -0.120729
2.461538 2.723404 -0.178858
2.461538 2.808511 -0.236987
2.461538 2.893617 -0.295115
2.461538 2.978723 -0.353244
2.461538 3.063830 -0.411373
2.461538 3.148936 -0.469502
2.461538 3.234043 -0.527631
2.461538 3.319149 -0.585759
2.461538 3.404255 -0.643888
2.461538 3.489362 -0.702017
2.461538 3.574468 -0.760146
2.461538 3.659574 -0.818275
2.461538 3.744681 -0.876404
2.461538 3.829787 -0.934532
2.461538 3.914894 -0.992661
2.461538 4.000000 0.000000
2.538462 0.000000 0.000000
2.538462 0.085106 1.675675
2.538462 0.170213 1.617546
2.538462 0.255319 1.559417
2.538462 0.340426 1.501288
2.538462 0.425532 1.443159
2.538462 0.510638 1.385031
2.538462 0.595745 1.326902
2.538462 0.680851 1.268773
2.538462 0.765957 1.210644
2.538462 0.851064 1.152515
2.538462 0.936170 1.094387
2.538462 1.021277 1.036258
2.538462 1.106383 0.978129
2.538462 1.191489 0.920000
2.538462 1.276596 0.861871
2.538462 1.361702 0.803743
2.538462 1.446809 0.745614
2.538462 1.531915 0.687485
2.538462 1.617021 0.629356
2.538462 1.702128 0.571227
2.538462 1.787234 0.513098
2.538462 1.872340 0.454970
2.538462 1.957447 0.396841
2.538462 2.042553 0.338712
2.538462 2.127660 0.280583
2.538462 2.212766 0.222454
2.538462 2.297872 0.164326
2.538462 2.382979 0.106197
2.538462 2.468085 0.048068
2.538462 2.553191 -0.010061
2.538462 2.638298 -0.068190
2.538462 2.723404 -0.126318
2.538462 2.808511 -0.184447
2.538462 2.893617 -0.242576
2.538462 2.978723 -0.300705
2.538462 3.063830 -0.358834
2.538462 3.148936 -0.416962
2.538462 3.234043 -0.475091
2.538462 3.319149 -0.533220
2.538462 3.404255 -0.591349
2.538462 3.489362 -0.649478
2.538462 3.574468 -0.707606
2.538462 3.659574 -0.765735
2.538462 3.744681 -0.823864
2.538462 3.829787 -0.881993
2.538462 3.914894 -0.940122
2.538462 4.000000 0.000000
2.615385 0.000000 0.000000
2.615385 0.085106 1.728214
2.615385 0.170213 1.670085
2.615385 0.255319 1.611956
2.615385 0.340426 1.553828
2.615385 0.425532 1.495699
2.615385 0.510638 1.437570
2.615385 0.595745 1.379441
2.615385 0.680851 1.321312
2.615385 0.765957 1.263184
2.615385 0.851064 1.205055
2.615385 0.936170 1.146926
2.615385 1.021277 1.088797
2.615385 1.106383 1.030668
2.615385 1.191489 0.972540
2.615385 1.276596 0.914411
2.615385 1.361702 0.856282
2.615385 1.446809 0.798153
2.615385 1.531915 0.740024
2.615385 1.617021 0.681896
2.615385 1.702128 0.623767
2.615385 1.787234 0.565638
2.615385 1.872340 0.507509
2.615385 1.957447 0.449380
2.615385 2.042553 0.391252
2.615385 2.127660 0.333123
2.615385 2.212766 0.274994
2.615385 2.297872 0.216865
2.615385 2.382979 0.158736
2.615385 2.468085 0.100608
2.615385 2.553191 0.042479
2.615385 2.638298 -0.015650
2.615385 2.723404 -0.073779
2.615385 2.808511 -0.131908
2.615385 2.893617 -0.190036
2.615385 2.978723 -0.248165
2.615385 3.063830 -0.306294
2.615385 3.148936 -0.364423
2.615385 3.234043 -0.422552
2.615385 3.319149 -0.480681
2.615385 3.404255 -0.538809
2.615385 3.489362 -0.596938
2.615385 3.574468 -0.655067
2.615385 3.659574 -0.713196
2.615385 3.744681 -0.771325
2.615385 3.829787 -0.829453
2.615385 3.914894 -0.887582
2.615385 4.000000 0.000000
2.692308 0.000000 0.000000
2.692308 0.085106 1.780754
2.692308 0.170213 1.722625
2.692308 0.255319 1.664496
2.692308 0.340426 1.606367
2.692308 0.425532 1.548238
2.692308 0.510638 1.490110
2.692308 0.595745 1.431981
2.692308 0.680851 1.373852
2.692308 0.765957 1.315723
2.692308 0.851064 1.257594
2.692308 0.936170 1.199466
2.692308 1.021277 1.141337
2.692308 1.106383 1.083208
2.692308 1.191489 1.025079
2.692308 1.276596 0.966950
2.692308 1.361702 0.908822
2.692308 1.446809 0.850693
2.692308 1.531915 0.792564
2.692308 1.617021 0.734435
2.692308 1.702128 0.676306
2.692308 1.787234 0.618177
2.692308 1.872340 0.560049
2.692308 1.957447 0.501920
2.692308 2.042553 0.443791
2.692308 2.127660 0.385662
2.692308 2.212766 0.327533
2.692308 2.297872 0.269405
2.692308 2.382979 0.211276
2.692308 2.468085 0.153147
2.692308 2.553191 0.095018
2.692308 2.638298 0.036889
2.692308 2.723404 -0.021239
2.692308 2.808511 -0.079368
2.692308 2.893617 -0.137497
2.692308 2.978723 -0.195626
2.692308 3.063830 -0.253755
2.692308 3.148936 -0.311883
2.692308 3.234043 -0.370012
2.692308 3.319149 -0.428141
2.692308 3.404255 -0.486270
2.692308 3.489362 -0.544399
2.692308 3.574468 -0.602527
2.692308 3.659574 -0.660656
2.692308 3.744681 -0.718785
2.692308 3.829787 -0.776914
2.692308 3.914894 -0.835043
2.692308 4.000000 0.000000
2.769231 0.000000 0.000000
2.769231 0.085106 1.833293
2.769231 0.170213 1.775164
2.769231 0.255319 1.717035
2.769231 0.340426 1.658907
2.769231 0.425532 1.600778
2.769231 0.510638 1.542649
2.769231 0.595745 1.484520
2.769231 0.680851 1.426391
2.769231 0.765957 1.368263
2.769231 0.851064 1.310134
2.769231 0.936170 1.252005
2.769231 1.021277 1.193876
2.769231 1.106383 1.135747
2.769231 1.191489 1.077619
2.769231 1.276596 1.019490
2.769231 1.361702 0.961361
2.769231 1.446809 0.903232
2.769231 1.531915 0.845103
2.769231 1.617021 0.786975
2.769231 1.702128 0.728846
2.769231 1.787234 0.670717
2.769231 1.872340 0.612588
2.769231 1.957447 0.554459
2.769231 2.042553 0.496331
2.769231 2.127660 0.438202
2.769231 2.212766 0.380073
2.769231 2.297872 0.321944
2.769231 2.382979 0.263815
2.769231 2.468085 0.205687
2.769231 2.553191 0.147558
2.769231 2.638298 0.089429
2.769231 2.723404 0.031300
2.769231 2.808511 -0.026829
2.769231 2.893617 -0.084957
2.769231 2.978723 -0.143086
2.769231 3.063830 -0.201215
2.769231 3.148936 -0.259344
2.769231 3.234043 -0.317473
2.769231 3.319149 -0.375602
2.769231 3.404255 -0.433730
2.769231 3.489362 -0.491859
2.769231 3.574468 -0.549988
2.769231 3.659574 -0.608117
2.769231 3.744681 -0.666246
2.769231 3.829787 -0.724374
2.769231 3.914894 -0.782503
2.769231 4.000000 0.000000
2.846154 0.000000 0.000000
2.846154 0.085106 1.885833
2.846154 0.170213 1.827704
2.846154 0.255319 1.769575
2.846154 0.340426 1.711446
2.846154 0.425532 1.653317
2.846154 0.510638 1.595189
2.846154 0.595745 1.537060
2.846154 0.680851 1.478931
2.846154 0.765957 1.420802
2.846154 0.851064 1.362673
2.846154 0.936170 1.304545
2.846154 1.021277 1.246416
2.846154 1.106383 1.188287
2.846154 1.191489 1.130158
2.846154 1.276596 1.072029
2.846154 1.361702 1.013900
2.846154 1.446809 0.955772
2.846154 1.531915 0.897643
2.846154 1.617021 0.839514
2.846154 1.702128 0.781385
2.846154 1.787234 0.723256
2.846154 1.872340 0.665128
2.846154 1.957447 0.606999
2.846154 2.042553 0.548870
2.846154 2.127660 0.490741
2.846154 2.212766 0.432612
2.846154 2.297872 0.374484
2.846154 2.382979 0.316355
2.846154 2.468085 0.258226
2.846154 2.553191 0.200097
2.846154 2.638298 0.141968
2.846154 2.723404 0.083840
2.846154 2.808511 0.025711
2.846154 2.893617 -0.032418
2.846154 2.978723 -0.090547
2.846154 3.063830 -0.148676
2.846154 3.148936 -0.206804
2.846154 3.234043 -0.264933
2.846154 3.319149 -0.323062
2.846154 3.404255 -0.381191
2.846154 3.489362 -0.439320
2.846154 3.574468 -0.497448
2.846154 3.659574 -0.555577
2.846154 3.744681 -0.613706
2.846154 3.829787 -0.671835
2.846154 3.914894 -0.729964
2.846154 4.000000 0.000000
2.923077 0.000000 0.000000
2.923077 0.085106 1.938372
2.923077 0.170213 1.880243
2.923077 0.255319 1.822114
2.923077 0.340426 1.763986
2.923077 0.425532 1.705857
2.923077 0.510638 1.647728
2.923077 0.595745 1.589599
2.923077 0.680851 1.531470
2.923077 0.765957 1.473342
2.923077 0.851064 1.415213
2.923077 0.936170 1.357084
2.923077 1.021277 1.298955
2.923077 1.106383 1.240826
2.923077 1.191489 1.182698
2.923077 1.276596 1.124569
2.923077 1.361702 1.066440
2.923077 1.446809 1.008311
2.923077 1.531915 0.950182
2.923077 1.617021 0.892054
2.923077 1.702128 0.833925
2.923077 1.787234 0.775796
2.923077 1.872340 0.717667
2.923077 1.957447 0.659538
2.923077 2.042553 0.601410
2.923077 2.127660 0.543281
2.923077 2.212766 0.485152
2.923077 2.297872 0.427023
2.923077 2.382979 0.368894
2.923077 2.468085 0.310766
2.923077 2.553191 0.252637
2.923077 2.638298 0.194508
2.923077 2.723404 0.136379
2.923077 2.808511 0.078250
2.923077 2.893617 0.020122
2.923077 2.978723 -0.038007
2.923077 3.063830 -0.096136
2.923077 3.148936 -0.154265
2.923077 3.234043 -0.212394
2.923077 3.319149 -0.270523
2.923077 3.404255 -0.328651
2.923077 3.489362 -0.386780
2.923077 3.574468 -0.444909
2.923077 3.659574 -0.503038
2.923077 3.744681 -0.561167
2.923077 3.829787 -0.619295
2.923077 3.914894 -0.677424
2.923077 4.000000 0.000000
3.000000 0.000000 0.000000
3.000000 0.085106 0.000000
3.000000 0.170213 0.000000
3.000000 0.255319 0.000000
3.000000 0.340426 0.000000
3.000000 0.425532 0.000000
3.000000 0.510638 0.000000
3.000000 0.595745 0.000000
3.000000 0.680851 0.000000
3.000000 0.765957 0.000000
3.000000 0.851064 0.000000
3.000000 0.936170 0.000000
3.000000 1.021277 0.000000
3.000000 1.106383 0.000000
3.000000 1.191489 0.000000
3.000000 1.276596 0.000000
3.000000 1.361702 0.000000
3.000000 1.446809 0.000000
3.000000 1.531915 0.000000
3.000000 1.617021 0.000000
3.000000 1.702128 0.000000
3.000000 1.787234 0.000000
3.000000 1.872340 0.000000
3.000000 1.957447 0.000000
3.000000 2.042553 0.000000
3.000000 2.127660 0.000000
3.000000 2.212766 0.000000
3.000000 2.297872 0.000000
3.000000 2.382979 0.000000
3.000000 2.468085 0.000000
3.000000 2.553191 0.000000
3.000000 2.638298 0.000000
3.000000 2.723404 0.000000
3.000000 2.808511 0.000000
3.000000 2.893617 0.000000
3.000000 2.978723 0.000000
3.000000 3.063830 0.000000
3.000000 3.148936 0.000000
3.000000 3.234043 0.000000
3.000000 3.319149 0.000000
3.000000 3.404255 0.000000
3.000000 3.489362 0.000000
3.000000 3.574468 0.000000
3.000000 3.659574 0.000000
3.000000 3.744681 0.000000
3.000000 3.829787 0.000000
3.000000 3.914894 0.000000
3.000000 4.000000 0.000000
