0.000000 0.000000 0.000000
0.000000 0.666667 -0.014730
0.000000 1.333333 -0.029460
0.000000 2.000000 -0.044190
0.081081 0.000000 0.001791
0.081081 0.666667 -0.012938
0.081081 1.333333 -0.027668
0.081081 2.000000 -0.042398
0.162162 0.000000 0.003583
0.162162 0.666667 -0.011147
0.162162 1.333333 -0.025877
0.162162 2.000000 -0.040607
0.243243 0.000000 0.005374
0.243243 0.666667 -0.009356
0.243243 1.333333 -0.024085
0.243243 2.000000 -0.038815
0.324324 0.000000 0.007166
0.324324 0.666667 -0.007564
0.324324 1.333333 -0.022294
0.324324 2.000000 -0.037024
0.405405 0.000000 0.008957
0.405405 0.666667 -0.005773
0.405405 1.333333 -0.020503
0.405405 2.000000 -0.035232
0.486486 0.000000 0.010749
0.486486 0.666667 -0.003981
0.486486 1.333333 -0.018711
0.486486 2.000000 -0.033441
0.567568 0.000000 0.012540
0.567568 0.666667 -0.002190
0.567568 1.333333 -0.016920
0.567568 2.000000 -0.031649
0.648649 0.000000 0.014332
0.648649 0.666667 -0.000398
0.648649 1.333333 -0.015128
0.648649 2.000000 -0.029858
0.729730 0.000000 0.016123
0.729730 0.666667 0.001393
0.729730 1.333333 -0.013337
0.729730 2.000000 -0.028067
0.810811 0.000000 0.017915
0.810811 0.666667 0.003185
0.810811 1.333333 -0.011545
0.810811 2.000000 -0.026275
0.891892 0.000000 0.019706
0.891892 0.666667 0.004976
0.891892 1.333333 -0.009754
0.891892 2.000000 -0.024484
0.972973 0.000000 0.021498
0.972973 0.666667 0.006768
0.972973 1.333333 -0.007962
0.972973 2.000000 -0.022692
1.054054 0.000000 0.023289
1.054054 0.666667 0.008559
1.054054 1.333333 -0.006171
1.054054 2.000000 -0.020901
1.135135 0.000000 0.025081
1.135135 0.666667 0.010351
1.135135 1.333333 -0.004379
1.135135 2.000000 -0.019109
1.216216 0.000000 0.026872
1.216216 0.666667 0.012142
1.216216 1.333333 -0.002588
1.216216 2.000000 -0.017318
1.297297 0.000000 0.028664
1.297297 0.666667 0.013934
1.297297 1.333333 -0.000796
1.297297 2.000000 -0.015526
1.378378 0.000000 0.030455
1.378378 0.666667 0.015725
1.378378 1.333333 0.000995
1.378378 2.000000 -0.013735
1.459459 0.000000 0.032247
1.459459 0.666667 0.017517
1.459459 1.333333 0.002787
1.459459 2.000000 -0.011943
1.540541 0.000000 0.034038
1.540541 0.666667 0.019308
1.540541 1.333333 0.004578
1.540541 2.000000 -0.010152
1.621622 0.000000 0.035830
1.621622 0.666667 0.021100
1.621622 1.333333 0.006370
1.621622 2.000000 -0.008360
1.702703 0.000000 0.037621
1.702703 0.666667 0.022891
1.702703 1.333333 0.008161
1.702703 2.000000 -0.006569
1.783784 0.000000 0.039413
1.783784 0.666667 0.024683
1.783784 1.333333 0.009953
1.783784 2.000000 -0.004777
1.864865 0.000000 0.041204
1.864865 0.666667 0.026474
1.864865 1.333333 0.011744
1.864865 2.000000 -0.002986
1.945946 0.000000 0.042996
1.945946 0.666667 0.028266
1.945946 1.333333 0.013536
1.945946 2.000000 -0.001194
2.027027 0.000000 0.044787
2.027027 0.666667 0.030057
2.027027 1.333333 0.015327
2.027027 2.000000 0.000597
2.108108 0.000000 0.046578
2.108108 0.666667 0.031849
2.108108 1.333333 0.017119
2.108108 2.000000 0.002389
2.189189 0.000000 0.048370
2.189189 0.666667 0.033640
2.189189 1.333333 0.018910
2.189189 2.000000 0.004180
2.270270 0.000000 0.050161
2.270270 0.666667 0.035432
2.270270 1.333333 0.020702
2.270270 2.000000 0.005972
2.351351 0.000000 0.051953
2.351351 0.666667 0.037223
2.351351 1.333333 0.022493
2.351351 2.000000 0.007763
2.432432 0.000000 0.053744
2.432432 0.666667 0.039014
2.432432 1.333333 0.024285
2.432432 2.000000 0.009555
2.513514 0.000000 0.055536
2.513514 0.666667 0.040806
2.513514 1.333333 0.026076
2.513514 2.000000 0.011346
2.594595 0.000000 0.057327
2.594595 0.666667 0.042597
2.594595 1.333333 0.027867
2.594595 2.000000 0.013138
2.675676 0.000000 0.059119
2.675676 0.666667 0.044389
2.675676 1.333333 0.029659
2.675676 2.000000 0.014929
2.756757 0.000000 0.060910
2.756757 0.666667 0.046180
2.756757 1.333333 0.031450
2.756757 2.000000 0.016720
2.837838 0.000000 0.062702
2.837838 0.666667 0.047972
2.837838 1.333333 0.033242
2.837838 2.000000 0.018512
2.918919 0.000000 0.064493
2.918919 0.666667 0.049763
2.918919 1.333333 0.035033
2.918919 2.000000 0.020303
3.000000 0.000000 0.066285
3.000000 0.666667 0.051555
3.000000 1.333333 0.036825
3.000000 2.000000 0.022095
