0.000000 0.000000 0.000000
0.000000 0.666667 -0.013391
0.000000 1.333333 -0.026782
0.000000 2.000000 -0.040173
0.081081 0.000000 0.001629
0.081081 0.666667 -0.011762
0.081081 1.333333 -0.025153
0.081081 2.000000 -0.038544
0.162162 0.000000 0.003257
0.162162 0.666667 -0.010134
0.162162 1.333333 -0.023524
0.162162 2.000000 -0.036915
0.243243 0.000000 0.004886
0.243243 0.666667 -0.008505
0.243243 1.333333 -0.021896
0.243243 2.000000 -0.035287
0.324324 0.000000 0.006514
0.324324 0.666667 -0.006876
0.324324 1.333333 -0.020267
0.324324 2.000000 -0.033658
0.405405 0.000000 0.008143
0.405405 0.666667 -0.005248
0.405405 1.333333 -0.018639
0.405405 2.000000 -0.032030
0.486486 0.000000 0.009772
0.486486 0.666667 -0.003619
0.486486 1.333333 -0.017010
0.486486 2.000000 -0.030401
0.567568 0.000000 0.011400
0.567568 0.666667 -0.001991
0.567568 1.333333 -0.015381
0.567568 2.000000 -0.028772
0.648649 0.000000 0.013029
0.648649 0.666667 -0.000362
0.648649 1.333333 -0.013753
0.648649 2.000000 -0.027144
0.729730 0.000000 0.014658
0.729730 0.666667 0.001267
0.729730 1.333333 -0.012124
0.729730 2.000000 -0.025515
0.810811 0.000000 0.016286
0.810811 0.666667 0.002895
0.810811 1.333333 -0.010496
0.810811 2.000000 -0.023886
0.891892 0.000000 0.017915
0.891892 0.666667 0.004524
0.891892 1.333333 -0.008867
0.891892 2.000000 -0.022258
0.972973 0.000000 0.019543
0.972973 0.666667 0.006153
0.972973 1.333333 -0.007238
0.972973 2.000000 -0.020629
1.054054 0.000000 0.021172
1.054054 0.666667 0.007781
1.054054 1.333333 -0.005610
1.054054 2.000000 -0.019001
1.135135 0.000000 0.022801
1.135135 0.666667 0.009410
1.135135 1.333333 -0.003981
1.135135 2.000000 -0.017372
1.216216 0.000000 0.024429
1.216216 0.666667 0.011038
1.216216 1.333333 -0.002352
1.216216 2.000000 -0.015743
1.297297 0.000000 0.026058
1.297297 0.666667 0.012667
1.297297 1.333333 -0.000724
1.297297 2.000000 -0.014115
1.378378 0.000000 0.027687
1.378378 0.666667 0.014296
1.378378 1.333333 0.000905
1.378378 2.000000 -0.012486
1.459459 0.000000 0.029315
1.459459 0.666667 0.015924
1.459459 1.333333 0.002533
1.459459 2.000000 -0.010857
1.540541 0.000000 0.030944
1.540541 0.666667 0.017553
1.540541 1.333333 0.004162
1.540541 2.000000 -0.009229
1.621622 0.000000 0.032572
1.621622 0.666667 0.019182
1.621622 1.333333 0.005791
1.621622 2.000000 -0.007600
1.702703 0.000000 0.034201
1.702703 0.666667 0.020810
1.702703 1.333333 0.007419
1.702703 2.000000 -0.005972
1.783784 0.000000 0.035830
1.783784 0.666667 0.022439
1.783784 1.333333 0.009048
1.783784 2.000000 -0.004343
1.864865 0.000000 0.037458
1.864865 0.666667 0.024067
1.864865 1.333333 0.010677
1.864865 2.000000 -0.002714
1.945946 0.000000 0.039087
1.945946 0.666667 0.025696
1.945946 1.333333 0.012305
1.945946 2.000000 -0.001086
2.027027 0.000000 0.040715
2.027027 0.666667 0.027325
2.027027 1.333333 0.013934
2.027027 2.000000 0.000543
2.108108 0.000000 0.042344
2.108108 0.666667 0.028953
2.108108 1.333333 0.015562
2.108108 2.000000 0.002171
2.189189 0.000000 0.043973
2.189189 0.666667 0.030582
2.189189 1.333333 0.017191
2.189189 2.000000 0.003800
2.270270 0.000000 0.045601
2.270270 0.666667 0.032210
2.270270 1.333333 0.018820
2.270270 2.000000 0.005429
2.351351 0.000000 0.047230
2.351351 0.666667 0.033839
2.351351 1.333333 0.020448
2.351351 2.000000 0.007057
2.432432 0.000000 0.048859
2.432432 0.666667 0.035468
2.432432 1.333333 0.022077
2.432432 2.000000 0.008686
2.513514 0.000000 0.050487
2.513514 0.666667 0.037096
2.513514 1.333333 0.023705
2.513514 2.000000 0.010315
2.594595 0.000000 0.052116
2.594595 0.666667 0.038725
2.594595 1.333333 0.025334
2.594595 2.000000 0.011943
2.675676 0.000000 0.053744
2.675676 0.666667 0.040354
2.675676 1.333333 0.026963
2.675676 2.000000 0.013572
2.756757 0.000000 0.055373
2.756757 0.666667 0.041982
2.756757 1.333333 0.028591
2.756757 2.000000 0.015200
2.837838 0.000000 0.057002
2.837838 0.666667 0.043611
2.837838 1.333333 0.030220
2.837838 2.000000 0.016829
2.918919 0.000000 0.058630
2.918919 0.666667 0.045239
2.918919 1.333333 0.031849
2.918919 2.000000 0.018458
3.000000 0.000000 0.060259
3.000000 0.666667 0.046868
3.000000 1.333333 0.033477
3.000000 2.000000 0.020086
