0.000000 0.000000 0.000000
0.000000 0.500000 -0.009130
0.000000 1.000000 -0.018260
0.000000 1.500000 -0.027390
0.000000 2.000000 -0.036521
0.081081 0.000000 0.001481
0.081081 0.500000 -0.007650
0.081081 1.000000 -0.016780
0.081081 1.500000 -0.025910
0.081081 2.000000 -0.035040
0.162162 0.000000 0.002961
0.162162 0.500000 -0.006169
0.162162 1.000000 -0.015299
0.162162 1.500000 -0.024429
0.162162 2.000000 -0.033559
0.243243 0.000000 0.004442
0.243243 0.500000 -0.004688
0.243243 1.000000 -0.013819
0.243243 1.500000 -0.022949
0.243243 2.000000 -0.032079
0.324324 0.000000 0.005922
0.324324 0.500000 -0.003208
0.324324 1.000000 -0.012338
0.324324 1.500000 -0.021468
0.324324 2.000000 -0.030598
0.405405 0.000000 0.007403
0.405405 0.500000 -0.001727
0.405405 1.000000 -0.010857
0.405405 1.500000 -0.019988
0.405405 2.000000 -0.029118
0.486486 0.000000 0.008883
0.486486 0.500000 -0.000247
0.486486 1.000000 -0.009377
0.486486 1.500000 -0.018507
0.486486 2.000000 -0.027637
0.567568 0.000000 0.010364
0.567568 0.500000 0.001234
0.567568 1.000000 -0.007896
0.567568 1.500000 -0.017026
0.567568 2.000000 -0.026157
0.648649 0.000000 0.011845
0.648649 0.500000 0.002714
0.648649 1.000000 -0.006416
0.648649 1.500000 -0.015546
0.648649 2.000000 -0.024676
0.729730 0.000000 0.013325
0.729730 0.500000 0.004195
0.729730 1.000000 -0.004935
0.729730 1.500000 -0.014065
0.729730 2.000000 -0.023195
0.810811 0.000000 0.014806
0.810811 0.500000 0.005675
0.810811 1.000000 -0.003455
0.810811 1.500000 -0.012585
0.810811 2.000000 -0.021715
0.891892 0.000000 0.016286
0.891892 0.500000 0.007156
0.891892 1.000000 -0.001974
0.891892 1.500000 -0.011104
0.891892 2.000000 -0.020234
0.972973 0.000000 0.017767
0.972973 0.500000 0.008637
0.972973 1.000000 -0.000494
0.972973 1.500000 -0.009624
0.972973 2.000000 -0.018754
1.054054 0.000000 0.019247
1.054054 0.500000 0.010117
1.054054 1.000000 0.000987
1.054054 1.500000 -0.008143
1.054054 2.000000 -0.017273
1.135135 0.000000 0.020728
1.135135 0.500000 0.011598
1.135135 1.000000 0.002468
1.135135 1.500000 -0.006663
1.135135 2.000000 -0.015793
1.216216 0.000000 0.022208
1.216216 0.500000 0.013078
1.216216 1.000000 0.003948
1.216216 1.500000 -0.005182
1.216216 2.000000 -0.014312
1.297297 0.000000 0.023689
1.297297 0.500000 0.014559
1.297297 1.000000 0.005429
1.297297 1.500000 -0.003701
1.297297 2.000000 -0.012832
1.378378 0.000000 0.025170
1.378378 0.500000 0.016039
1.378378 1.000000 0.006909
1.378378 1.500000 -0.002221
1.378378 2.000000 -0.011351
1.459459 0.000000 0.026650
1.459459 0.500000 0.017520
1.459459 1.000000 0.008390
1.459459 1.500000 -0.000740
1.459459 2.000000 -0.009870
1.540541 0.000000 0.028131
1.540541 0.500000 0.019001
1.540541 1.000000 0.009870
1.540541 1.500000 0.000740
1.540541 2.000000 -0.008390
1.621622 0.000000 0.029611
1.621622 0.500000 0.020481
1.621622 1.000000 0.011351
1.621622 1.500000 0.002221
1.621622 2.000000 -0.006909
1.702703 0.000000 0.031092
1.702703 0.500000 0.021962
1.702703 1.000000 0.012832
1.702703 1.500000 0.003701
1.702703 2.000000 -0.005429
1.783784 0.000000 0.032572
1.783784 0.500000 0.023442
1.783784 1.000000 0.014312
1.783784 1.500000 0.005182
1.783784 2.000000 -0.003948
1.864865 0.000000 0.034053
1.864865 0.500000 0.024923
1.864865 1.000000 0.015793
1.864865 1.500000 0.006663
1.864865 2.000000 -0.002468
1.945946 0.000000 0.035534
1.945946 0.500000 0.026403
1.945946 1.000000 0.017273
1.945946 1.500000 0.008143
1.945946 2.000000 -0.000987
2.027027 0.000000 0.037014
2.027027 0.500000 0.027884
2.027027 1.000000 0.018754
2.027027 1.500000 0.009624
2.027027 2.000000 0.000494
2.108108 0.000000 0.038495
2.108108 0.500000 0.029364
2.108108 1.000000 0.020234
2.108108 1.500000 0.011104
2.108108 2.000000 0.001974
2.189189 0.000000 0.039975
2.189189 0.500000 0.030845
2.189189 1.000000 0.021715
2.189189 1.500000 0.012585
2.189189 2.000000 0.003455
2.270270 0.000000 0.041456
2.270270 0.500000 0.032326
2.270270 1.000000 0.023195
2.270270 1.500000 0.014065
2.270270 2.000000 0.004935
2.351351 0.000000 0.042936
2.351351 0.500000 0.033806
2.351351 1.000000 0.024676
2.351351 1.500000 0.015546
2.351351 2.000000 0.006416
2.432432 0.000000 0.044417
2.432432 0.500000 0.035287
2.432432 1.000000 0.026157
2.432432 1.500000 0.017026
2.432432 2.000000 0.007896
2.513514 0.000000 0.045897
2.513514 0.500000 0.036767
2.513514 1.000000 0.027637
2.513514 1.500000 0.018507
2.513514 2.000000 0.009377
2.594595 0.000000 0.047378
2.594595 0.500000 0.038248
2.594595 1.000000 0.029118
2.594595 1.500000 0.019988
2.594595 2.000000 0.010857
2.675676 0.000000 0.048859
2.675676 0.500000 0.039728
2.675676 1.000000 0.030598
2.675676 1.500000 0.021468
2.675676 2.000000 0.012338
2.756757 0.000000 0.050339
2.756757 0.500000 0.041209
2.756757 1.000000 0.032079
2.756757 1.500000 0.022949
2.756757 2.000000 0.013819
2.837838 0.000000 0.051820
2.837838 0.500000 0.042690
2.837838 1.000000 0.033559
2.837838 1.500000 0.024429
2.837838 2.000000 0.015299
2.918919 0.000000 0.053300
2.918919 0.500000 0.044170
2.918919 1.000000 0.035040
2.918919 1.500000 0.025910
2.918919 2.000000 0.016780
3.000000 0.000000 0.054781
3.000000 0.500000 0.045651
3.000000 1.000000 0.036521
3.000000 1.500000 0.027390
3.000000 2.000000 0.018260
