0.000000 0.000000 0.000000
0.000000 0.500000 -0.008300
0.000000 1.000000 -0.016600
0.000000 1.500000 -0.024900
0.000000 2.000000 -0.033200
0.081081 0.000000 0.001346
0.081081 0.500000 -0.006954
0.081081 1.000000 -0.015254
0.081081 1.500000 -0.023554
0.081081 2.000000 -0.031855
0.162162 0.000000 0.002692
0.162162 0.500000 -0.005608
0.162162 1.000000 -0.013908
0.162162 1.500000 -0.022208
0.162162 2.000000 -0.030509
0.243243 0.000000 0.004038
0.243243 0.500000 -0.004262
0.243243 1.000000 -0.012562
0.243243 1.500000 -0.020862
0.243243 2.000000 -0.029163
0.324324 0.000000 0.005384
0.324324 0.500000 -0.002916
0.324324 1.000000 -0.011216
0.324324 1.500000 -0.019517
0.324324 2.000000 -0.027817
0.405405 0.000000 0.006730
0.405405 0.500000 -0.001570
0.405405 1.000000 -0.009870
0.405405 1.500000 -0.018171
0.405405 2.000000 -0.026471
0.486486 0.000000 0.008076
0.486486 0.500000 -0.000224
0.486486 1.000000 -0.008524
0.486486 1.500000 -0.016825
0.486486 2.000000 -0.025125
0.567568 0.000000 0.009422
0.567568 0.500000 0.001122
0.567568 1.000000 -0.007178
0.567568 1.500000 -0.015479
0.567568 2.000000 -0.023779
0.648649 0.000000 0.010768
0.648649 0.500000 0.002468
0.648649 1.000000 -0.005833
0.648649 1.500000 -0.014133
0.648649 2.000000 -0.022433
0.729730 0.000000 0.012114
0.729730 0.500000 0.003814
0.729730 1.000000 -0.004487
0.729730 1.500000 -0.012787
0.729730 2.000000 -0.021087
0.810811 0.000000 0.013460
0.810811 0.500000 0.005160
0.810811 1.000000 -0.003141
0.810811 1.500000 -0.011441
0.810811 2.000000 -0.019741
0.891892 0.000000 0.014806
0.891892 0.500000 0.006506
0.891892 1.000000 -0.001795
0.891892 1.500000 -0.010095
0.891892 2.000000 -0.018395
0.972973 0.000000 0.016152
0.972973 0.500000 0.007851
0.972973 1.000000 -0.000449
0.972973 1.500000 -0.008749
0.972973 2.000000 -0.017049
1.054054 0.000000 0.017498
1.054054 0.500000 0.009197
1.054054 1.000000 0.000897
1.054054 1.500000 -0.007403
1.054054 2.000000 -0.015703
1.135135 0.000000 0.018844
1.135135 0.500000 0.010543
1.135135 1.000000 0.002243
1.135135 1.500000 -0.006057
1.135135 2.000000 -0.014357
1.216216 0.000000 0.020189
1.216216 0.500000 0.011889
1.216216 1.000000 0.003589
1.216216 1.500000 -0.004711
1.216216 2.000000 -0.013011
1.297297 0.000000 0.021535
1.297297 0.500000 0.013235
1.297297 1.000000 0.004935
1.297297 1.500000 -0.003365
1.297297 2.000000 -0.011665
1.378378 0.000000 0.022881
1.378378 0.500000 0.014581
1.378378 1.000000 0.006281
1.378378 1.500000 -0.002019
1.378378 2.000000 -0.010319
1.459459 0.000000 0.024227
1.459459 0.500000 0.015927
1.459459 1.000000 0.007627
1.459459 1.500000 -0.000673
1.459459 2.000000 -0.008973
1.540541 0.000000 0.025573
1.540541 0.500000 0.017273
1.540541 1.000000 0.008973
1.540541 1.500000 0.000673
1.540541 2.000000 -0.007627
1.621622 0.000000 0.026919
1.621622 0.500000 0.018619
1.621622 1.000000 0.010319
1.621622 1.500000 0.002019
1.621622 2.000000 -0.006281
1.702703 0.000000 0.028265
1.702703 0.500000 0.019965
1.702703 1.000000 0.011665
1.702703 1.500000 0.003365
1.702703 2.000000 -0.004935
1.783784 0.000000 0.029611
1.783784 0.500000 0.021311
1.783784 1.000000 0.013011
1.783784 1.500000 0.004711
1.783784 2.000000 -0.003589
1.864865 0.000000 0.030957
1.864865 0.500000 0.022657
1.864865 1.000000 0.014357
1.864865 1.500000 0.006057
1.864865 2.000000 -0.002243
1.945946 0.000000 0.032303
1.945946 0.500000 0.024003
1.945946 1.000000 0.015703
1.945946 1.500000 0.007403
1.945946 2.000000 -0.000897
2.027027 0.000000 0.033649
2.027027 0.500000 0.025349
2.027027 1.000000 0.017049
2.027027 1.500000 0.008749
2.027027 2.000000 0.000449
2.108108 0.000000 0.034995
2.108108 0.500000 0.026695
2.108108 1.000000 0.018395
2.108108 1.500000 0.010095
2.108108 2.000000 0.001795
2.189189 0.000000 0.036341
2.189189 0.500000 0.028041
2.189189 1.000000 0.019741
2.189189 1.500000 0.011441
2.189189 2.000000 0.003141
2.270270 0.000000 0.037687
2.270270 0.500000 0.029387
2.270270 1.000000 0.021087
2.270270 1.500000 0.012787
2.270270 2.000000 0.004487
2.351351 0.000000 0.039033
2.351351 0.500000 0.030733
2.351351 1.000000 0.022433
2.351351 1.500000 0.014133
2.351351 2.000000 0.005833
2.432432 0.000000 0.040379
2.432432 0.500000 0.032079
2.432432 1.000000 0.023779
2.432432 1.500000 0.015479
2.432432 2.000000 0.007178
2.513514 0.000000 0.041725
2.513514 0.500000 0.033425
2.513514 1.000000 0.025125
2.513514 1.500000 0.016825
2.513514 2.000000 0.008524
2.594595 0.000000 0.043071
2.594595 0.500000 0.034771
2.594595 1.000000 0.026471
2.594595 1.500000 0.018171
2.594595 2.000000 0.009870
2.675676 0.000000 0.044417
2.675676 0.500000 0.036117
2.675676 1.000000 0.027817
2.675676 1.500000 0.019517
2.675676 2.000000 0.011216
2.756757 0.000000 0.045763
2.756757 0.500000 0.037463
2.756757 1.000000 0.029163
2.756757 1.500000 0.020862
2.756757 2.000000 0.012562
2.837838 0.000000 0.047109
2.837838 0.500000 0.038809
2.837838 1.000000 0.030509
2.837838 1.500000 0.022208
2.837838 2.000000 0.013908
2.918919 0.000000 0.048455
2.918919 0.500000 0.040155
2.918919 1.000000 0.031855
2.918919 1.500000 0.023554
2.918919 2.000000 0.015254
3.000000 0.000000 0.049801
3.000000 0.500000 0.041501
3.000000 1.000000 0.033200
3.000000 1.500000 0.024900
3.000000 2.000000 0.016600
