0.000000 0.000000 0.000000
0.000000 0.500000 -0.007546
0.000000 1.000000 -0.015091
0.000000 1.500000 -0.022637
0.000000 2.000000 -0.030182
0.081081 0.000000 0.001224
0.081081 0.500000 -0.006322
0.081081 1.000000 -0.013868
0.081081 1.500000 -0.021413
0.081081 2.000000 -0.028959
0.162162 0.000000 0.002447
0.162162 0.500000 -0.005098
0.162162 1.000000 -0.012644
0.162162 1.500000 -0.020189
0.162162 2.000000 -0.027735
0.243243 0.000000 0.003671
0.243243 0.500000 -0.003875
0.243243 1.000000 -0.011420
0.243243 1.500000 -0.018966
0.243243 2.000000 -0.026511
0.324324 0.000000 0.004894
0.324324 0.500000 -0.002651
0.324324 1.000000 -0.010197
0.324324 1.500000 -0.017742
0.324324 2.000000 -0.025288
0.405405 0.000000 0.006118
0.405405 0.500000 -0.001428
0.405405 1.000000 -0.008973
0.405405 1.500000 -0.016519
0.405405 2.000000 -0.024064
0.486486 0.000000 0.007342
0.486486 0.500000 -0.000204
0.486486 1.000000 -0.007750
0.486486 1.500000 -0.015295
0.486486 2.000000 -0.022841
0.567568 0.000000 0.008565
0.567568 0.500000 0.001020
0.567568 1.000000 -0.006526
0.567568 1.500000 -0.014071
0.567568 2.000000 -0.021617
0.648649 0.000000 0.009789
0.648649 0.500000 0.002243
0.648649 1.000000 -0.005302
0.648649 1.500000 -0.012848
0.648649 2.000000 -0.020393
0.729730 0.000000 0.011012
0.729730 0.500000 0.003467
0.729730 1.000000 -0.004079
0.729730 1.500000 -0.011624
0.729730 2.000000 -0.019170
0.810811 0.000000 0.012236
0.810811 0.500000 0.004690
0.810811 1.000000 -0.002855
0.810811 1.500000 -0.010401
0.810811 2.000000 -0.017946
0.891892 0.000000 0.013460
0.891892 0.500000 0.005914
0.891892 1.000000 -0.001631
0.891892 1.500000 -0.009177
0.891892 2.000000 -0.016723
0.972973 0.000000 0.014683
0.972973 0.500000 0.007138
0.972973 1.000000 -0.000408
0.972973 1.500000 -0.007953
0.972973 2.000000 -0.015499
1.054054 0.000000 0.015907
1.054054 0.500000 0.008361
1.054054 1.000000 0.000816
1.054054 1.500000 -0.006730
1.054054 2.000000 -0.014275
1.135135 0.000000 0.017130
1.135135 0.500000 0.009585
1.135135 1.000000 0.002039
1.135135 1.500000 -0.005506
1.135135 2.000000 -0.013052
1.216216 0.000000 0.018354
1.216216 0.500000 0.010809
1.216216 1.000000 0.003263
1.216216 1.500000 -0.004283
1.216216 2.000000 -0.011828
1.297297 0.000000 0.019578
1.297297 0.500000 0.012032
1.297297 1.000000 0.004487
1.297297 1.500000 -0.003059
1.297297 2.000000 -0.010605
1.378378 0.000000 0.020801
1.378378 0.500000 0.013256
1.378378 1.000000 0.005710
1.378378 1.500000 -0.001835
1.378378 2.000000 -0.009381
1.459459 0.000000 0.022025
1.459459 0.500000 0.014479
1.459459 1.000000 0.006934
1.459459 1.500000 -0.000612
1.459459 2.000000 -0.008157
1.540541 0.000000 0.023249
1.540541 0.500000 0.015703
1.540541 1.000000 0.008157
1.540541 1.500000 0.000612
1.540541 2.000000 -0.006934
1.621622 0.000000 0.024472
1.621622 0.500000 0.016927
1.621622 1.000000 0.009381
1.621622 1.500000 0.001835
1.621622 2.000000 -0.005710
1.702703 0.000000 0.025696
1.702703 0.500000 0.018150
1.702703 1.000000 0.010605
1.702703 1.500000 0.003059
1.702703 2.000000 -0.004487
1.783784 0.000000 0.026919
1.783784 0.500000 0.019374
1.783784 1.000000 0.011828
1.783784 1.500000 0.004283
1.783784 2.000000 -0.003263
1.864865 0.000000 0.028143
1.864865 0.500000 0.020597
1.864865 1.000000 0.013052
1.864865 1.500000 0.005506
1.864865 2.000000 -0.002039
1.945946 0.000000 0.029367
1.945946 0.500000 0.021821
1.945946 1.000000 0.014275
1.945946 1.500000 0.006730
1.945946 2.000000 -0.000816
2.027027 0.000000 0.030590
2.027027 0.500000 0.023045
2.027027 1.000000 0.015499
2.027027 1.500000 0.007953
2.027027 2.000000 0.000408
2.108108 0.000000 0.031814
2.108108 0.500000 0.024268
2.108108 1.000000 0.016723
2.108108 1.500000 0.009177
2.108108 2.000000 0.001631
2.189189 0.000000 0.033037
2.189189 0.500000 0.025492
2.189189 1.000000 0.017946
2.189189 1.500000 0.010401
2.189189 2.000000 0.002855
2.270270 0.000000 0.034261
2.270270 0.500000 0.026715
2.270270 1.000000 0.019170
2.270270 1.500000 0.011624
2.270270 2.000000 0.004079
2.351351 0.000000 0.035485
2.351351 0.500000 0.027939
2.351351 1.000000 0.020393
2.351351 1.500000 0.012848
2.351351 2.000000 0.005302
2.432432 0.000000 0.036708
2.432432 0.500000 0.029163
2.432432 1.000000 0.021617
2.432432 1.500000 0.014071
2.432432 2.000000 0.006526
2.513514 0.000000 0.037932
2.513514 0.500000 0.030386
2.513514 1.000000 0.022841
2.513514 1.500000 0.015295
2.513514 2.000000 0.007750
2.594595 0.000000 0.039155
2.594595 0.500000 0.031610
2.594595 1.000000 0.024064
2.594595 1.500000 0.016519
2.594595 2.000000 0.008973
2.675676 0.000000 0.040379
2.675676 0.500000 0.032833
2.675676 1.000000 0.025288
2.675676 1.500000 0.017742
2.675676 2.000000 0.010197
2.756757 0.000000 0.041603
2.756757 0.500000 0.034057
2.756757 1.000000 0.026511
2.756757 1.500000 0.018966
2.756757 2.000000 0.011420
2.837838 0.000000 0.042826
2.837838 0.500000 0.035281
2.837838 1.000000 0.027735
2.837838 1.500000 0.020189
2.837838 2.000000 0.012644
2.918919 0.000000 0.044050
2.918919 0.500000 0.036504
2.918919 1.000000 0.028959
2.918919 1.500000 0.021413
2.918919 2.000000 0.013868
3.000000 0.000000 0.045273
3.000000 0.500000 0.037728
3.000000 1.000000 0.030182
3.000000 1.500000 0.022637
3.000000 2.000000 0.015091
