0.000000 0.000000 0.000000
0.000000 0.500000 -0.006860
0.000000 1.000000 -0.013719
0.000000 1.500000 -0.020579
0.000000 2.000000 -0.027438
0.081081 0.000000 0.001112
0.081081 0.500000 -0.005747
0.081081 1.000000 -0.012607
0.081081 1.500000 -0.019466
0.081081 2.000000 -0.026326
0.162162 0.000000 0.002225
0.162162 0.500000 -0.004635
0.162162 1.000000 -0.011494
0.162162 1.500000 -0.018354
0.162162 2.000000 -0.025214
0.243243 0.000000 0.003337
0.243243 0.500000 -0.003523
0.243243 1.000000 -0.010382
0.243243 1.500000 -0.017242
0.243243 2.000000 -0.024101
0.324324 0.000000 0.004449
0.324324 0.500000 -0.002410
0.324324 1.000000 -0.009270
0.324324 1.500000 -0.016129
0.324324 2.000000 -0.022989
0.405405 0.000000 0.005562
0.405405 0.500000 -0.001298
0.405405 1.000000 -0.008157
0.405405 1.500000 -0.015017
0.405405 2.000000 -0.021877
0.486486 0.000000 0.006674
0.486486 0.500000 -0.000185
0.486486 1.000000 -0.007045
0.486486 1.500000 -0.013905
0.486486 2.000000 -0.020764
0.567568 0.000000 0.007787
0.567568 0.500000 0.000927
0.567568 1.000000 -0.005933
0.567568 1.500000 -0.012792
0.567568 2.000000 -0.019652
0.648649 0.000000 0.008899
0.648649 0.500000 0.002039
0.648649 1.000000 -0.004820
0.648649 1.500000 -0.011680
0.648649 2.000000 -0.018539
0.729730 0.000000 0.010011
0.729730 0.500000 0.003152
0.729730 1.000000 -0.003708
0.729730 1.500000 -0.010568
0.729730 2.000000 -0.017427
0.810811 0.000000 0.011124
0.810811 0.500000 0.004264
0.810811 1.000000 -0.002596
0.810811 1.500000 -0.009455
0.810811 2.000000 -0.016315
0.891892 0.000000 0.012236
0.891892 0.500000 0.005376
0.891892 1.000000 -0.001483
0.891892 1.500000 -0.008343
0.891892 2.000000 -0.015202
0.972973 0.000000 0.013348
0.972973 0.500000 0.006489
0.972973 1.000000 -0.000371
0.972973 1.500000 -0.007230
0.972973 2.000000 -0.014090
1.054054 0.000000 0.014461
1.054054 0.500000 0.007601
1.054054 1.000000 0.000742
1.054054 1.500000 -0.006118
1.054054 2.000000 -0.012978
1.135135 0.000000 0.015573
1.135135 0.500000 0.008714
1.135135 1.000000 0.001854
1.135135 1.500000 -0.005006
1.135135 2.000000 -0.011865
1.216216 0.000000 0.016686
1.216216 0.500000 0.009826
1.216216 1.000000 0.002966
1.216216 1.500000 -0.003893
1.216216 2.000000 -0.010753
1.297297 0.000000 0.017798
1.297297 0.500000 0.010938
1.297297 1.000000 0.004079
1.297297 1.500000 -0.002781
1.297297 2.000000 -0.009641
1.378378 0.000000 0.018910
1.378378 0.500000 0.012051
1.378378 1.000000 0.005191
1.378378 1.500000 -0.001669
1.378378 2.000000 -0.008528
1.459459 0.000000 0.020023
1.459459 0.500000 0.013163
1.459459 1.000000 0.006303
1.459459 1.500000 -0.000556
1.459459 2.000000 -0.007416
1.540541 0.000000 0.021135
1.540541 0.500000 0.014275
1.540541 1.000000 0.007416
1.540541 1.500000 0.000556
1.540541 2.000000 -0.006303
1.621622 0.000000 0.022247
1.621622 0.500000 0.015388
1.621622 1.000000 0.008528
1.621622 1.500000 0.001669
1.621622 2.000000 -0.005191
1.702703 0.000000 0.023360
1.702703 0.500000 0.016500
1.702703 1.000000 0.009641
1.702703 1.500000 0.002781
1.702703 2.000000 -0.004079
1.783784 0.000000 0.024472
1.783784 0.500000 0.017613
1.783784 1.000000 0.010753
1.783784 1.500000 0.003893
1.783784 2.000000 -0.002966
1.864865 0.000000 0.025584
1.864865 0.500000 0.018725
1.864865 1.000000 0.011865
1.864865 1.500000 0.005006
1.864865 2.000000 -0.001854
1.945946 0.000000 0.026697
1.945946 0.500000 0.019837
1.945946 1.000000 0.012978
1.945946 1.500000 0.006118
1.945946 2.000000 -0.000742
2.027027 0.000000 0.027809
2.027027 0.500000 0.020950
2.027027 1.000000 0.014090
2.027027 1.500000 0.007230
2.027027 2.000000 0.000371
2.108108 0.000000 0.028922
2.108108 0.500000 0.022062
2.108108 1.000000 0.015202
2.108108 1.500000 0.008343
2.108108 2.000000 0.001483
2.189189 0.000000 0.030034
2.189189 0.500000 0.023174
2.189189 1.000000 0.016315
2.189189 1.500000 0.009455
2.189189 2.000000 0.002596
2.270270 0.000000 0.031146
2.270270 0.500000 0.024287
2.270270 1.000000 0.017427
2.270270 1.500000 0.010568
2.270270 2.000000 0.003708
2.351351 0.000000 0.032259
2.351351 0.500000 0.025399
2.351351 1.000000 0.018539
2.351351 1.500000 0.011680
2.351351 2.000000 0.004820
2.432432 0.000000 0.033371
2.432432 0.500000 0.026511
2.432432 1.000000 0.019652
2.432432 1.500000 0.012792
2.432432 2.000000 0.005933
2.513514 0.000000 0.034483
2.513514 0.500000 0.027624
2.513514 1.000000 0.020764
2.513514 1.500000 0.013905
2.513514 2.000000 0.007045
2.594595 0.000000 0.035596
2.594595 0.500000 0.028736
2.594595 1.000000 0.021877
2.594595 1.500000 0.015017
2.594595 2.000000 0.008157
2.675676 0.000000 0.036708
2.675676 0.500000 0.029849
2.675676 1.000000 0.022989
2.675676 1.500000 0.016129
2.675676 2.000000 0.009270
2.756757 0.000000 0.037821
2.756757 0.500000 0.030961
2.756757 1.000000 0.024101
2.756757 1.500000 0.017242
2.756757 2.000000 0.010382
2.837838 0.000000 0.038933
2.837838 0.500000 0.032073
2.837838 1.000000 0.025214
2.837838 1.500000 0.018354
2.837838 2.000000 0.011494
2.918919 0.000000 0.040045
2.918919 0.500000 0.033186
2.918919 1.000000 0.026326
2.918919 1.500000 0.019466
2.918919 2.000000 0.012607
3.000000 0.000000 0.041158
3.000000 0.500000 0.034298
3.000000 1.000000 0.027438
3.000000 1.500000 0.020579
3.000000 2.000000 0.013719
