0.000000 0.000000 0.000000
0.000000 0.085106 0.000000
0.000000 0.170213 0.000000
0.000000 0.255319 0.000000
0.000000 0.340426 0.000000
0.000000 0.425532 0.000000
0.000000 0.510638 0.000000
0.000000 0.595745 0.000000
0.000000 0.680851 0.000000
0.000000 0.765957 0.000000
0.000000 0.851064 0.000000
0.000000 0.936170 0.000000
0.000000 1.021277 0.000000
0.000000 1.106383 0.000000
0.000000 1.191489 0.000000
0.000000 1.276596 0.000000
0.000000 1.361702 0.000000
0.000000 1.446809 0.000000
0.000000 1.531915 0.000000
0.000000 1.617021 0.000000
0.000000 1.702128 0.000000
0.000000 1.787234 0.000000
0.000000 1.872340 0.000000
0.000000 1.957447 0.000000
0.000000 2.042553 0.000000
0.000000 2.127660 0.000000
0.000000 2.212766 0.000000
0.000000 2.297872 0.000000
0.000000 2.382979 0.000000
0.000000 2.468085 0.000000
0.000000 2.553191 0.000000
0.000000 2.638298 0.000000
0.000000 2.723404 0.000000
0.000000 2.808511 0.000000
0.000000 2.893617 0.000000
0.000000 2.978723 0.000000
0.000000 3.063830 0.000000
0.000000 3.148936 0.000000
0.000000 3.234043 0.000000
0.000000 3.319149 0.000000
0.000000 3.404255 0.000000
0.000000 3.489362 0.000000
0.000000 3.574468 0.000000
0.000000 3.659574 0.000000
0.000000 3.744681 0.000000
0.000000 3.829787 0.000000
0.000000 3.914894 0.000000
0.000000 4.000000 0.000000
0.076923 0.000000 0.000000
0.076923 0.085106 -0.005081
0.076923 0.170213 -0.057926
0.076923 0.255319 -0.110770
0.076923 0.340426 -0.163614
0.076923 0.425532 -0.216459
0.076923 0.510638 -0.269303
0.076923 0.595745 -0.322147
0.076923 0.680851 -0.374992
0.076923 0.765957 -0.427836
0.076923 0.851064 -0.480681
0.076923 0.936170 -0.533525
0.076923 1.021277 -0.586369
0.076923 1.106383 -0.639214
0.076923 1.191489 -0.692058
0.076923 1.276596 -0.744902
0.076923 1.361702 -0.797747
0.076923 1.446809 -0.850591
0.076923 1.531915 -0.903435
0.076923 1.617021 -0.956280
0.076923 1.702128 -1.009124
0.076923 1.787234 -1.061969
0.076923 1.872340 -1.114813
0.076923 1.957447 -1.167657
0.076923 2.042553 -1.220502
0.076923 2.127660 -1.273346
0.076923 2.212766 -1.326190
0.076923 2.297872 -1.379035
0.076923 2.382979 -1.431879
0.076923 2.468085 -1.484723
0.076923 2.553191 -1.537568
0.076923 2.638298 -1.590412
0.076923 2.723404 -1.643257
0.076923 2.808511 -1.696101
0.076923 2.893617 -1.748945
0.076923 2.978723 -1.801790
0.076923 3.063830 -1.854634
0.076923 3.148936 -1.907478
0.076923 3.234043 -1.960323
0.076923 3.319149 -2.013167
0.076923 3.404255 -2.066012
0.076923 3.489362 -2.118856
0.076923 3.574468 -2.171700
0.076923 3.659574 -2.224545
0.076923 3.744681 -2.277389
0.076923 3.829787 -2.330233
0.076923 3.914894 -2.383078
0.076923 4.000000 0.000000
0.153846 0.000000 0.000000
0.153846 0.085106 0.042682
0.153846 0.170213 -0.010162
0.153846 0.255319 -0.063007
0.153846 0.340426 -0.115851
0.153846 0.425532 -0.168695
0.153846 0.510638 -0.221540
0.153846 0.595745 -0.274384
0.153846 0.680851 -0.327229
0.153846 0.765957 -0.380073
0.153846 0.851064 -0.432917
0.153846 0.936170 -0.485762
0.153846 1.021277 -0.538606
0.153846 1.106383 -0.591450
0.153846 1.191489 -0.644295
0.153846 1.276596 -0.697139
0.153846 1.361702 -0.749984
0.153846 1.446809 -0.802828
0.153846 1.531915 -0.855672
0.153846 1.617021 -0.908517
0.153846 1.702128 -0.961361
0.153846 1.787234 -1.014205
0.153846 1.872340 -1.067050
0.153846 1.957447 -1.119894
0.153846 2.042553 -1.172738
0.153846 2.127660 -1.225583
0.153846 2.212766 -1.278427
0.153846 2.297872 -1.331272
0.153846 2.382979 -1.384116
0.153846 2.468085 -1.436960
0.153846 2.553191 -1.489805
0.153846 2.638298 -1.542649
0.153846 2.723404 -1.595493
0.153846 2.808511 -1.648338
0.153846 2.893617 -1.701182
0.153846 2.978723 -1.754027
0.153846 3.063830 -1.806871
0.153846 3.148936 -1.859715
0.153846 3.234043 -1.912560
0.153846 3.319149 -1.965404
0.153846 3.404255 -2.018248
0.153846 3.489362 -2.071093
0.153846 3.574468 -2.123937
0.153846 3.659574 -2.176781
0.153846 3.744681 -2.229626
0.153846 3.829787 -2.282470
0.153846 3.914894 -2.335315
0.153846 4.000000 0.000000
0.230769 0.000000 0.000000
0.230769 0.085106 0.090445
0.230769 0.170213 0.037601
0.230769 0.255319 -0.015244
0.230769 0.340426 -0.068088
0.230769 0.425532 -0.120932
0.230769 0.510638 -0.173777
0.230769 0.595745 -0.226621
0.230769 0.680851 -0.279465
0.230769 0.765957 -0.332310
0.230769 0.851064 -0.385154
0.230769 0.936170 -0.437999
0.230769 1.021277 -0.490843
0.230769 1.106383 -0.543687
0.230769 1.191489 -0.596532
0.230769 1.276596 -0.649376
0.230769 1.361702 -0.702220
0.230769 1.446809 -0.755065
0.230769 1.531915 -0.807909
0.230769 1.617021 -0.860753
0.230769 1.702128 -0.913598
0.230769 1.787234 -0.966442
0.230769 1.872340 -1.019287
0.230769 1.957447 -1.072131
0.230769 2.042553 -1.124975
0.230769 2.127660 -1.177820
0.230769 2.212766 -1.230664
0.230769 2.297872 -1.283508
0.230769 2.382979 -1.336353
0.230769 2.468085 -1.389197
0.230769 2.553191 -1.442042
0.230769 2.638298 -1.494886
0.230769 2.723404 -1.547730
0.230769 2.808511 -1.600575
0.230769 2.893617 -1.653419
0.230769 2.978723 -1.706263
0.230769 3.063830 -1.759108
0.230769 3.148936 -1.811952
0.230769 3.234043 -1.864796
0.230769 3.319149 -1.917641
0.230769 3.404255 -1.970485
0.230769 3.489362 -2.023330
0.230769 3.574468 -2.076174
0.230769 3.659574 -2.129018
0.230769 3.744681 -2.181863
0.230769 3.829787 -2.234707
0.230769 3.914894 -2.287551
0.230769 4.000000 0.000000
0.307692 0.000000 0.000000
0.307692 0.085106 0.138208
0.307692 0.170213 0.085364
0.307692 0.255319 0.032520
0.307692 0.340426 -0.020325
0.307692 0.425532 -0.073169
0.307692 0.510638 -0.126013
0.307692 0.595745 -0.178858
0.307692 0.680851 -0.231702
0.307692 0.765957 -0.284547
0.307692 0.851064 -0.337391
0.307692 0.936170 -0.390235
0.307692 1.021277 -0.443080
0.307692 1.106383 -0.495924
0.307692 1.191489 -0.548768
0.307692 1.276596 -0.601613
0.307692 1.361702 -0.654457
0.307692 1.446809 -0.707302
0.307692 1.531915 -0.760146
0.307692 1.617021 -0.812990
0.307692 1.702128 -0.865835
0.307692 1.787234 -0.918679
0.307692 1.872340 -0.971523
0.307692 1.957447 -1.024368
0.307692 2.042553 -1.077212
0.307692 2.127660 -1.130056
0.307692 2.212766 -1.182901
0.307692 2.297872 -1.235745
0.307692 2.382979 -1.288590
0.307692 2.468085 -1.341434
0.307692 2.553191 -1.394278
0.307692 2.638298 -1.447123
0.307692 2.723404 -1.499967
0.307692 2.808511 -1.552811
0.307692 2.893617 -1.605656
0.307692 2.978723 -1.658500
0.307692 3.063830 -1.711345
0.307692 3.148936 -1.764189
0.307692 3.234043 -1.817033
0.307692 3.319149 -1.869878
0.307692 3.404255 -1.922722
0.307692 3.489362 -1.975566
0.307692 3.574468 -2.028411
0.307692 3.659574 -2.081255
0.307692 3.744681 -2.134099
0.307692 3.829787 -2.186944
0.307692 3.914894 -2.239788
0.307692 4.000000 0.000000
0.384615 0.000000 0.000000
0.384615 0.085106 0.185972
0.384615 0.170213 0.133127
0.384615 0.255319 0.080283
0.384615 0.340426 0.027438
0.384615 0.425532 -0.025406
0.384615 0.510638 -0.078250
0.384615 0.595745 -0.131095
0.384615 0.680851 -0.183939
0.384615 0.765957 -0.236783
0.384615 0.851064 -0.289628
0.384615 0.936170 -0.342472
0.384615 1.021277 -0.395317
0.384615 1.106383 -0.448161
0.384615 1.191489 -0.501005
0.384615 1.276596 -0.553850
0.384615 1.361702 -0.606694
0.384615 1.446809 -0.659538
0.384615 1.531915 -0.712383
0.384615 1.617021 -0.765227
0.384615 1.702128 -0.818071
0.384615 1.787234 -0.870916
0.384615 1.872340 -0.923760
0.384615 1.957447 -0.976605
0.384615 2.042553 -1.029449
0.384615 2.127660 -1.082293
0.384615 2.212766 -1.135138
0.384615 2.297872 -1.187982
0.384615 2.382979 -1.240826
0.384615 2.468085 -1.293671
0.384615 2.553191 -1.346515
0.384615 2.638298 -1.399360
0.384615 2.723404 -1.452204
0.384615 2.808511 -1.505048
0.384615 2.893617 -1.557893
0.384615 2.978723 -1.610737
0.384615 3.063830 -1.663581
0.384615 3.148936 -1.716426
0.384615 3.234043 -1.769270
0.384615 3.319149 -1.822114
0.384615 3.404255 -1.874959
0.384615 3.489362 -1.927803
0.384615 3.574468 -1.980648
0.384615 3.659574 -2.033492
0.384615 3.744681 -2.086336
0.384615 3.829787 -2.139181
0.384615 3.914894 -2.192025
0.384615 4.000000 0.000000
0.461538 0.000000 0.000000
0.461538 0.085106 0.233735
0.461538 0.170213 0.180890
0.461538 0.255319 0.128046
0.461538 0.340426 0.075202
0.461538 0.425532 0.022357
0.461538 0.510638 -0.030487
0.461538 0.595745 -0.083332
0.461538 0.680851 -0.136176
0.461538 0.765957 -0.189020
0.461538 0.851064 -0.241865
0.461538 0.936170 -0.294709
0.461538 1.021277 -0.347553
0.461538 1.106383 -0.400398
0.461538 1.191489 -0.453242
0.461538 1.276596 -0.506086
0.461538 1.361702 -0.558931
0.461538 1.446809 -0.611775
0.461538 1.531915 -0.664620
0.461538 1.617021 -0.717464
0.461538 1.702128 -0.770308
0.461538 1.787234 -0.823153
0.461538 1.872340 -0.875997
0.461538 1.957447 -0.928841
0.461538 2.042553 -0.981686
0.461538 2.127660 -1.034530
0.461538 2.212766 -1.087374
0.461538 2.297872 -1.140219
0.461538 2.382979 -1.193063
0.461538 2.468085 -1.245908
0.461538 2.553191 -1.298752
0.461538 2.638298 -1.351596
0.461538 2.723404 -1.404441
0.461538 2.808511 -1.457285
0.461538 2.893617 -1.510129
0.461538 2.978723 -1.562974
0.461538 3.063830 -1.615818
0.461538 3.148936 -1.668663
0.461538 3.234043 -1.721507
0.461538 3.319149 -1.774351
0.461538 3.404255 -1.827196
0.461538 3.489362 -1.880040
0.461538 3.574468 -1.932884
0.461538 3.659574 -1.985729
0.461538 3.744681 -2.038573
0.461538 3.829787 -2.091417
0.461538 3.914894 -2.144262
0.461538 4.000000 0.000000
0.538462 0.000000 0.000000
0.538462 0.085106 0.281498
0.538462 0.170213 0.228654
0.538462 0.255319 0.175809
0.538462 0.340426 0.122965
0.538462 0.425532 0.070120
0.538462 0.510638 0.017276
0.538462 0.595745 -0.035568
0.538462 0.680851 -0.088413
0.538462 0.765957 -0.141257
0.538462 0.851064 -0.194101
0.538462 0.936170 -0.246946
0.538462 1.021277 -0.299790
0.538462 1.106383 -0.352635
0.538462 1.191489 -0.405479
0.538462 1.276596 -0.458323
0.538462 1.361702 -0.511168
0.538462 1.446809 -0.564012
0.538462 1.531915 -0.616856
0.538462 1.617021 -0.669701
0.538462 1.702128 -0.722545
0.538462 1.787234 -0.775389
0.538462 1.872340 -0.828234
0.538462 1.957447 -0.881078
0.538462 2.042553 -0.933923
0.538462 2.127660 -0.986767
0.538462 2.212766 -1.039611
0.538462 2.297872 -1.092456
0.538462 2.382979 -1.145300
0.538462 2.468085 -1.198144
0.538462 2.553191 -1.250989
0.538462 2.638298 -1.303833
0.538462 2.723404 -1.356678
0.538462 2.808511 -1.409522
0.538462 2.893617 -1.462366
0.538462 2.978723 -1.515211
0.538462 3.063830 -1.568055
0.538462 3.148936 -1.620899
0.538462 3.234043 -1.673744
0.538462 3.319149 -1.726588
0.538462 3.404255 -1.779432
0.538462 3.489362 -1.832277
0.538462 3.574468 -1.885121
0.538462 3.659574 -1.937966
0.538462 3.744681 -1.990810
0.538462 3.829787 -2.043654
0.538462 3.914894 -2.096499
0.538462 4.000000 0.000000
0.615385 0.000000 0.000000
0.615385 0.085106 0.329261
0.615385 0.170213 0.276417
0.615385 0.255319 0.223572
0.615385 0.340426 0.170728
0.615385 0.425532 0.117884
0.615385 0.510638 0.065039
0.615385 0.595745 0.012195
0.615385 0.680851 -0.040650
0.615385 0.765957 -0.093494
0.615385 0.851064 -0.146338
0.615385 0.936170 -0.199183
0.615385 1.021277 -0.252027
0.615385 1.106383 -0.304871
0.615385 1.191489 -0.357716
0.615385 1.276596 -0.410560
0.615385 1.361702 -0.463404
0.615385 1.446809 -0.516249
0.615385 1.531915 -0.569093
0.615385 1.617021 -0.621938
0.615385 1.702128 -0.674782
0.615385 1.787234 -0.727626
0.615385 1.872340 -0.780471
0.615385 1.957447 -0.833315
0.615385 2.042553 -0.886159
0.615385 2.127660 -0.939004
0.615385 2.212766 -0.991848
0.615385 2.297872 -1.044693
0.615385 2.382979 -1.097537
0.615385 2.468085 -1.150381
0.615385 2.553191 -1.203226
0.615385 2.638298 -1.256070
0.615385 2.723404 -1.308914
0.615385 2.808511 -1.361759
0.615385 2.893617 -1.414603
0.615385 2.978723 -1.467447
0.615385 3.063830 -1.520292
0.615385 3.148936 -1.573136
0.615385 3.234043 -1.625981
0.615385 3.319149 -1.678825
0.615385 3.404255 -1.731669
0.615385 3.489362 -1.784514
0.615385 3.574468 -1.837358
0.615385 3.659574 -1.890202
0.615385 3.744681 -1.943047
0.615385 3.829787 -1.995891
0.615385 3.914894 -2.048735
0.615385 4.000000 0.000000
0.692308 0.000000 0.000000
0.692308 0.085106 0.377024
0.692308 0.170213 0.324180
0.692308 0.255319 0.271336
0.692308 0.340426 0.218491
0.692308 0.425532 0.165647
0.692308 0.510638 0.112802
0.692308 0.595745 0.059958
0.692308 0.680851 0.007114
0.692308 0.765957 -0.045731
0.692308 0.851064 -0.098575
0.692308 0.936170 -0.151419
0.692308 1.021277 -0.204264
0.692308 1.106383 -0.257108
0.692308 1.191489 -0.309953
0.692308 1.276596 -0.362797
0.692308 1.361702 -0.415641
0.692308 1.446809 -0.468486
0.692308 1.531915 -0.521330
0.692308 1.617021 -0.574174
0.692308 1.702128 -0.627019
0.692308 1.787234 -0.679863
0.692308 1.872340 -0.732707
0.692308 1.957447 -0.785552
0.692308 2.042553 -0.838396
0.692308 2.127660 -0.891241
0.692308 2.212766 -0.944085
0.692308 2.297872 -0.996929
0.692308 2.382979 -1.049774
0.692308 2.468085 -1.102618
0.692308 2.553191 -1.155462
0.692308 2.638298 -1.208307
0.692308 2.723404 -1.261151
0.692308 2.808511 -1.313996
0.692308 2.893617 -1.366840
0.692308 2.978723 -1.419684
0.692308 3.063830 -1.472529
0.692308 3.148936 -1.525373
0.692308 3.234043 -1.578217
0.692308 3.319149 -1.631062
0.692308 3.404255 -1.683906
0.692308 3.489362 -1.736750
0.692308 3.574468 -1.789595
0.692308 3.659574 -1.842439
0.692308 3.744681 -1.895284
0.692308 3.829787 -1.948128
0.692308 3.914894 -2.000972
0.692308 4.000000 0.000000
0.769231 0.000000 0.000000
0.769231 0.085106 0.424787
0.769231 0.170213 0.371943
0.769231 0.255319 0.319099
0.769231 0.340426 0.266254
0.769231 0.425532 0.213410
0.769231 0.510638 0.160566
0.769231 0.595745 0.107721
0.769231 0.680851 0.054877
0.769231 0.765957 0.002032
0.769231 0.851064 -0.050812
0.769231 0.936170 -0.103656
0.769231 1.021277 -0.156501
0.769231 1.106383 -0.209345
0.769231 1.191489 -0.262189
0.769231 1.276596 -0.315034
0.769231 1.361702 -0.367878
0.769231 1.446809 -0.420722
0.769231 1.531915 -0.473567
0.769231 1.617021 -0.526411
0.769231 1.702128 -0.579256
0.769231 1.787234 -0.632100
0.769231 1.872340 -0.684944
0.769231 1.957447 -0.737789
0.769231 2.042553 -0.790633
0.769231 2.127660 -0.843477
0.769231 2.212766 -0.896322
0.769231 2.297872 -0.949166
0.769231 2.382979 -1.002011
0.769231 2.468085 -1.054855
0.769231 2.553191 -1.107699
0.769231 2.638298 -1.160544
0.769231 2.723404 -1.213388
0.769231 2.808511 -1.266232
0.769231 2.893617 -1.319077
0.769231 2.978723 -1.371921
0.769231 3.063830 -1.424765
0.769231 3.148936 -1.477610
0.769231 3.234043 -1.530454
0.769231 3.319149 -1.583299
0.769231 3.404255 -1.636143
0.769231 3.489362 -1.688987
0.769231 3.574468 -1.741832
0.769231 3.659574 -1.794676
0.769231 3.744681 -1.847520
0.769231 3.829787 -1.900365
0.769231 3.914894 -1.953209
0.769231 4.000000 0.000000
0.846154 0.000000 0.000000
0.846154 0.085106 0.472551
0.846154 0.170213 0.419706
0.846154 0.255319 0.366862
0.846154 0.340426 0.314017
0.846154 0.425532 0.261173
0.846154 0.510638 0.208329
0.846154 0.595745 0.155484
0.846154 0.680851 0.102640
0.846154 0.765957 0.049796
0.846154 0.851064 -0.003049
0.846154 0.936170 -0.055893
0.846154 1.021277 -0.108737
0.846154 1.106383 -0.161582
0.846154 1.191489 -0.214426
0.846154 1.276596 -0.267271
0.846154 1.361702 -0.320115
0.846154 1.446809 -0.372959
0.846154 1.531915 -0.425804
0.846154 1.617021 -0.478648
0.846154 1.702128 -0.531492
0.846154 1.787234 -0.584337
0.846154 1.872340 -0.637181
0.846154 1.957447 -0.690025
0.846154 2.042553 -0.742870
0.846154 2.127660 -0.795714
0.846154 2.212766 -0.848559
0.846154 2.297872 -0.901403
0.846154 2.382979 -0.954247
0.846154 2.468085 -1.007092
0.846154 2.553191 -1.059936
0.846154 2.638298 -1.112780
0.846154 2.723404 -1.165625
0.846154 2.808511 -1.218469
0.846154 2.893617 -1.271314
0.846154 2.978723 -1.324158
0.846154 3.063830 -1.377002
0.846154 3.148936 -1.429847
0.846154 3.234043 -1.482691
0.846154 3.319149 -1.535535
0.846154 3.404255 -1.588380
0.846154 3.489362 -1.641224
0.846154 3.574468 -1.694068
0.846154 3.659574 -1.746913
0.846154 3.744681 -1.799757
0.846154 3.829787 -1.852602
0.846154 3.914894 -1.905446
0.846154 4.000000 0.000000
0.923077 0.000000 0.000000
0.923077 0.085106 0.520314
0.923077 0.170213 0.467469
0.923077 0.255319 0.414625
0.923077 0.340426 0.361781
0.923077 0.425532 0.308936
0.923077 0.510638 0.256092
0.923077 0.595745 0.203248
0.923077 0.680851 0.150403
0.923077 0.765957 0.097559
0.923077 0.851064 0.044714
0.923077 0.936170 -0.008130
0.923077 1.021277 -0.060974
0.923077 1.106383 -0.113819
0.923077 1.191489 -0.166663
0.923077 1.276596 -0.219507
0.923077 1.361702 -0.272352
0.923077 1.446809 -0.325196
0.923077 1.531915 -0.378040
0.923077 1.617021 -0.430885
0.923077 1.702128 -0.483729
0.923077 1.787234 -0.536574
0.923077 1.872340 -0.589418
0.923077 1.957447 -0.642262
0.923077 2.042553 -0.695107
0.923077 2.127660 -0.747951
0.923077 2.212766 -0.800795
0.923077 2.297872 -0.853640
0.923077 2.382979 -0.906484
0.923077 2.468085 -0.959329
0.923077 2.553191 -1.012173
0.923077 2.638298 -1.065017
0.923077 2.723404 -1.117862
0.923077 2.808511 -1.170706
0.923077 2.893617 -1.223550
0.923077 2.978723 -1.276395
0.923077 3.063830 -1.329239
0.923077 3.148936 -1.382083
0.923077 3.234043 -1.434928
0.923077 3.319149 -1.487772
0.923077 3.404255 -1.540617
0.923077 3.489362 -1.593461
0.923077 3.574468 -1.646305
0.923077 3.659574 -1.699150
0.923077 3.744681 -1.751994
0.923077 3.829787 -1.804838
0.923077 3.914894 -1.857683
0.923077 4.000000 0.000000
1.000000 0.000000 0.000000
1.000000 0.085106 0.568077
1.000000 0.170213 0.515233
1.000000 0.255319 0.462388
1.000000 0.340426 0.409544
1.000000 0.425532 0.356699
1.000000 0.510638 0.303855
1.000000 0.595745 0.251011
1.000000 0.680851 0.198166
1.000000 0.765957 0.145322
1.000000 0.851064 0.092478
1.000000 0.936170 0.039633
1.000000 1.021277 -0.013211
1.000000 1.106383 -0.066055
1.000000 1.191489 -0.118900
1.000000 1.276596 -0.171744
1.000000 1.361702 -0.224589
1.000000 1.446809 -0.277433
1.000000 1.531915 -0.330277
1.000000 1.617021 -0.383122
1.000000 1.702128 -0.435966
1.000000 1.787234 -0.488810
1.000000 1.872340 -0.541655
1.000000 1.957447 -0.594499
1.000000 2.042553 -0.647344
1.000000 2.127660 -0.700188
1.000000 2.212766 -0.753032
1.000000 2.297872 -0.805877
1.000000 2.382979 -0.858721
1.000000 2.468085 -0.911565
1.000000 2.553191 -0.964410
1.000000 2.638298 -1.017254
1.000000 2.723404 -1.070098
1.000000 2.808511 -1.122943
1.000000 2.893617 -1.175787
1.000000 2.978723 -1.228632
1.000000 3.063830 -1.281476
1.000000 3.148936 -1.334320
1.000000 3.234043 -1.387165
1.000000 3.319149 -1.440009
1.000000 3.404255 -1.492853
1.000000 3.489362 -1.545698
1.000000 3.574468 -1.598542
1.000000 3.659574 -1.651386
1.000000 3.744681 -1.704231
1.000000 3.829787 -1.757075
1.000000 3.914894 -1.809920
1.000000 4.000000 0.000000
1.076923 0.000000 0.000000
1.076923 0.085106 0.615840
1.076923 0.170213 0.562996
1.076923 0.255319 0.510151
1.076923 0.340426 0.457307
1.076923 0.425532 0.404463
1.076923 0.510638 0.351618
1.076923 0.595745 0.298774
1.076923 0.680851 0.245930
1.076923 0.765957 0.193085
1.076923 0.851064 0.140241
1.076923 0.936170 0.087396
1.076923 1.021277 0.034552
1.076923 1.106383 -0.018292
1.076923 1.191489 -0.071137
1.076923 1.276596 -0.123981
1.076923 1.361702 -0.176825
1.076923 1.446809 -0.229670
1.076923 1.531915 -0.282514
1.076923 1.617021 -0.335358
1.076923 1.702128 -0.388203
1.076923 1.787234 -0.441047
1.076923 1.872340 -0.493892
1.076923 1.957447 -0.546736
1.076923 2.042553 -0.599580
1.076923 2.127660 -0.652425
1.076923 2.212766 -0.705269
1.076923 2.297872 -0.758113
1.076923 2.382979 -0.810958
1.076923 2.468085 -0.863802
1.076923 2.553191 -0.916647
1.076923 2.638298 -0.969491
1.076923 2.723404 -1.022335
1.076923 2.808511 -1.075180
1.076923 2.893617 -1.128024
1.076923 2.978723 -1.180868
1.076923 3.063830 -1.233713
1.076923 3.148936 -1.286557
1.076923 3.234043 -1.339401
1.076923 3.319149 -1.392246
1.076923 3.404255 -1.445090
1.076923 3.489362 -1.497935
1.076923 3.574468 -1.550779
1.076923 3.659574 -1.603623
1.076923 3.744681 -1.656468
1.076923 3.829787 -1.709312
1.076923 3.914894 -1.762156
1.076923 4.000000 0.000000
1.153846 0.000000 0.000000
1.153846 0.085106 0.663603
1.153846 0.170213 0.610759
1.153846 0.255319 0.557915
1.153846 0.340426 0.505070
1.153846 0.425532 0.452226
1.153846 0.510638 0.399381
1.153846 0.595745 0.346537
1.153846 0.680851 0.293693
1.153846 0.765957 0.240848
1.153846 0.851064 0.188004
1.153846 0.936170 0.135160
1.153846 1.021277 0.082315
1.153846 1.106383 0.029471
1.153846 1.191489 -0.023373
1.153846 1.276596 -0.076218
1.153846 1.361702 -0.129062
1.153846 1.446809 -0.181907
1.153846 1.531915 -0.234751
1.153846 1.617021 -0.287595
1.153846 1.702128 -0.340440
1.153846 1.787234 -0.393284
1.153846 1.872340 -0.446128
1.153846 1.957447 -0.498973
1.153846 2.042553 -0.551817
1.153846 2.127660 -0.604662
1.153846 2.212766 -0.657506
1.153846 2.297872 -0.710350
1.153846 2.382979 -0.763195
1.153846 2.468085 -0.816039
1.153846 2.553191 -0.868883
1.153846 2.638298 -0.921728
1.153846 2.723404 -0.974572
1.153846 2.808511 -1.027416
1.153846 2.893617 -1.080261
1.153846 2.978723 -1.133105
1.153846 3.063830 -1.185950
1.153846 3.148936 -1.238794
1.153846 3.234043 -1.291638
1.153846 3.319149 -1.344483
1.153846 3.404255 -1.397327
1.153846 3.489362 -1.450171
1.153846 3.574468 -1.503016
1.153846 3.659574 -1.555860
1.153846 3.744681 -1.608705
1.153846 3.829787 -1.661549
1.153846 3.914894 -1.714393
1.153846 4.000000 0.000000
1.230769 0.000000 0.000000
1.230769 0.085106 0.711366
1.230769 0.170213 0.658522
1.230769 0.255319 0.605678
1.230769 0.340426 0.552833
1.230769 0.425532 0.499989
1.230769 0.510638 0.447145
1.230769 0.595745 0.394300
1.230769 0.680851 0.341456
1.230769 0.765957 0.288612
1.230769 0.851064 0.235767
1.230769 0.936170 0.182923
1.230769 1.021277 0.130078
1.230769 1.106383 0.077234
1.230769 1.191489 0.024390
1.230769 1.276596 -0.028455
1.230769 1.361702 -0.081299
1.230769 1.446809 -0.134143
1.230769 1.531915 -0.186988
1.230769 1.617021 -0.239832
1.230769 1.702128 -0.292676
1.230769 1.787234 -0.345521
1.230769 1.872340 -0.398365
1.230769 1.957447 -0.451210
1.230769 2.042553 -0.504054
1.230769 2.127660 -0.556898
1.230769 2.212766 -0.609743
1.230769 2.297872 -0.662587
1.230769 2.382979 -0.715431
1.230769 2.468085 -0.768276
1.230769 2.553191 -0.821120
1.230769 2.638298 -0.873965
1.230769 2.723404 -0.926809
1.230769 2.808511 -0.979653
1.230769 2.893617 -1.032498
1.230769 2.978723 -1.085342
1.230769 3.063830 -1.138186
1.230769 3.148936 -1.191031
1.230769 3.234043 -1.243875
1.230769 3.319149 -1.296719
1.230769 3.404255 -1.349564
1.230769 3.489362 -1.402408
1.230769 3.574468 -1.455253
1.230769 3.659574 -1.508097
1.230769 3.744681 -1.560941
1.230769 3.829787 -1.613786
1.230769 3.914894 -1.666630
1.230769 4.000000 0.000000
1.307692 0.000000 0.000000
1.307692 0.085106 0.759130
1.307692 0.170213 0.706285
1.307692 0.255319 0.653441
1.307692 0.340426 0.600597
1.307692 0.425532 0.547752
1.307692 0.510638 0.494908
1.307692 0.595745 0.442063
1.307692 0.680851 0.389219
1.307692 0.765957 0.336375
1.307692 0.851064 0.283530
1.307692 0.936170 0.230686
1.307692 1.021277 0.177842
1.307692 1.106383 0.124997
1.307692 1.191489 0.072153
1.307692 1.276596 0.019309
1.307692 1.361702 -0.033536
1.307692 1.446809 -0.086380
1.307692 1.531915 -0.139225
1.307692 1.617021 -0.192069
1.307692 1.702128 -0.244913
1.307692 1.787234 -0.297758
1.307692 1.872340 -0.350602
1.307692 1.957447 -0.403446
1.307692 2.042553 -0.456291
1.307692 2.127660 -0.509135
1.307692 2.212766 -0.561980
1.307692 2.297872 -0.614824
1.307692 2.382979 -0.667668
1.307692 2.468085 -0.720513
1.307692 2.553191 -0.773357
1.307692 2.638298 -0.826201
1.307692 2.723404 -0.879046
1.307692 2.808511 -0.931890
1.307692 2.893617 -0.984734
1.307692 2.978723 -1.037579
1.307692 3.063830 -1.090423
1.307692 3.148936 -1.143268
1.307692 3.234043 -1.196112
1.307692 3.319149 -1.248956
1.307692 3.404255 -1.301801
1.307692 3.489362 -1.354645
1.307692 3.574468 -1.407489
1.307692 3.659574 -1.460334
1.307692 3.744681 -1.513178
1.307692 3.829787 -1.566023
1.307692 3.914894 -1.618867
1.307692 4.000000 0.000000
1.384615 0.000000 0.000000
1.384615 0.085106 0.806893
1.384615 0.170213 0.754048
1.384615 0.255319 0.701204
1.384615 0.340426 0.648360
1.384615 0.425532 0.595515
1.384615 0.510638 0.542671
1.384615 0.595745 0.489827
1.384615 0.680851 0.436982
1.384615 0.765957 0.384138
1.384615 0.851064 0.331294
1.384615 0.936170 0.278449
1.384615 1.021277 0.225605
1.384615 1.106383 0.172760
1.384615 1.191489 0.119916
1.384615 1.276596 0.067072
1.384615 1.361702 0.014227
1.384615 1.446809 -0.038617
1.384615 1.531915 -0.091461
1.384615 1.617021 -0.144306
1.384615 1.702128 -0.197150
1.384615 1.787234 -0.249995
1.384615 1.872340 -0.302839
1.384615 1.957447 -0.355683
1.384615 2.042553 -0.408528
1.384615 2.127660 -0.461372
1.384615 2.212766 -0.514216
1.384615 2.297872 -0.567061
1.384615 2.382979 -0.619905
1.384615 2.468085 -0.672749
1.384615 2.553191 -0.725594
1.384615 2.638298 -0.778438
1.384615 2.723404 -0.831283
1.384615 2.808511 -0.884127
1.384615 2.893617 -0.936971
1.384615 2.978723 -0.989816
1.384615 3.063830 -1.042660
1.384615 3.148936 -1.095504
1.384615 3.234043 -1.148349
1.384615 3.319149 -1.201193
1.384615 3.404255 -1.254038
1.384615 3.489362 -1.306882
1.384615 3.574468 -1.359726
1.384615 3.659574 -1.412571
1.384615 3.744681 -1.465415
1.384615 3.829787 -1.518259
1.384615 3.914894 -1.571104
1.384615 4.000000 0.000000
1.461538 0.000000 0.000000
1.461538 0.085106 0.854656
1.461538 0.170213 0.801812
1.461538 0.255319 0.748967
1.461538 0.340426 0.696123
1.461538 0.425532 0.643279
1.461538 0.510638 0.590434
1.461538 0.595745 0.537590
1.461538 0.680851 0.484745
1.461538 0.765957 0.431901
1.461538 0.851064 0.379057
1.461538 0.936170 0.326212
1.461538 1.021277 0.273368
1.461538 1.106383 0.220524
1.461538 1.191489 0.167679
1.461538 1.276596 0.114835
1.461538 1.361702 0.061991
1.461538 1.446809 0.009146
1.461538 1.531915 -0.043698
1.461538 1.617021 -0.096543
1.461538 1.702128 -0.149387
1.461538 1.787234 -0.202231
1.461538 1.872340 -0.255076
1.461538 1.957447 -0.307920
1.461538 2.042553 -0.360764
1.461538 2.127660 -0.413609
1.461538 2.212766 -0.466453
1.461538 2.297872 -0.519298
1.461538 2.382979 -0.572142
1.461538 2.468085 -0.624986
1.461538 2.553191 -0.677831
1.461538 2.638298 -0.730675
1.461538 2.723404 -0.783519
1.461538 2.808511 -0.836364
1.461538 2.893617 -0.889208
1.461538 2.978723 -0.942052
1.461538 3.063830 -0.994897
1.461538 3.148936 -1.047741
1.461538 3.234043 -1.100586
1.461538 3.319149 -1.153430
1.461538 3.404255 -1.206274
1.461538 3.489362 -1.259119
1.461538 3.574468 -1.311963
1.461538 3.659574 -1.364807
1.461538 3.744681 -1.417652
1.461538 3.829787 -1.470496
1.461538 3.914894 -1.523341
1.461538 4.000000 0.000000
1.538462 0.000000 0.000000
1.538462 0.085106 0.902419
1.538462 0.170213 0.849575
1.538462 0.255319 0.796730
1.538462 0.340426 0.743886
1.538462 0.425532 0.691042
1.538462 0.510638 0.638197
1.538462 0.595745 0.585353
1.538462 0.680851 0.532509
1.538462 0.765957 0.479664
1.538462 0.851064 0.426820
1.538462 0.936170 0.373976
1.538462 1.021277 0.321131
1.538462 1.106383 0.268287
1.538462 1.191489 0.215442
1.538462 1.276596 0.162598
1.538462 1.361702 0.109754
1.538462 1.446809 0.056909
1.538462 1.531915 0.004065
1.538462 1.617021 -0.048779
1.538462 1.702128 -0.101624
1.538462 1.787234 -0.154468
1.538462 1.872340 -0.207313
1.538462 1.957447 -0.260157
1.538462 2.042553 -0.313001
1.538462 2.127660 -0.365846
1.538462 2.212766 -0.418690
1.538462 2.297872 -0.471534
1.538462 2.382979 -0.524379
1.538462 2.468085 -0.577223
1.538462 2.553191 -0.630067
1.538462 2.638298 -0.682912
1.538462 2.723404 -0.735756
1.538462 2.808511 -0.788601
1.538462 2.893617 -0.841445
1.538462 2.978723 -0.894289
1.538462 3.063830 -0.947134
1.538462 3.148936 -0.999978
1.538462 3.234043 -1.052822
1.538462 3.319149 -1.105667
1.538462 3.404255 -1.158511
1.538462 3.489362 -1.211356
1.538462 3.574468 -1.264200
1.538462 3.659574 -1.317044
1.538462 3.744681 -1.369889
1.538462 3.829787 -1.422733
1.538462 3.914894 -1.475577
1.538462 4.000000 0.000000
1.615385 0.000000 0.000000
1.615385 0.085106 0.950182
1.615385 0.170213 0.897338
1.615385 0.255319 0.844494
1.615385 0.340426 0.791649
1.615385 0.425532 0.738805
1.615385 0.510638 0.685961
1.615385 0.595745 0.633116
1.615385 0.680851 0.580272
1.615385 0.765957 0.527427
1.615385 0.851064 0.474583
1.615385 0.936170 0.421739
1.615385 1.021277 0.368894
1.615385 1.106383 0.316050
1.615385 1.191489 0.263206
1.615385 1.276596 0.210361
1.615385 1.361702 0.157517
1.615385 1.446809 0.104672
1.615385 1.531915 0.051828
1.615385 1.617021 -0.001016
1.615385 1.702128 -0.053861
1.615385 1.787234 -0.106705
1.615385 1.872340 -0.159549
1.615385 1.957447 -0.212394
1.615385 2.042553 -0.265238
1.615385 2.127660 -0.318082
1.615385 2.212766 -0.370927
1.615385 2.297872 -0.423771
1.615385 2.382979 -0.476616
1.615385 2.468085 -0.529460
1.615385 2.553191 -0.582304
1.615385 2.638298 -0.635149
1.615385 2.723404 -0.687993
1.615385 2.808511 -0.740837
1.615385 2.893617 -0.793682
1.615385 2.978723 -0.846526
1.615385 3.063830 -0.899370
1.615385 3.148936 -0.952215
1.615385 3.234043 -1.005059
1.615385 3.319149 -1.057904
1.615385 3.404255 -1.110748
1.615385 3.489362 -1.163592
1.615385 3.574468 -1.216437
1.615385 3.659574 -1.269281
1.615385 3.744681 -1.322125
1.615385 3.829787 -1.374970
1.615385 3.914894 -1.427814
1.615385 4.000000 0.000000
1.692308 0.000000 0.000000
1.692308 0.085106 0.997946
1.692308 0.170213 0.945101
1.692308 0.255319 0.892257
1.692308 0.340426 0.839412
1.692308 0.425532 0.786568
1.692308 0.510638 0.733724
1.692308 0.595745 0.680879
1.692308 0.680851 0.628035
1.692308 0.765957 0.575191
1.692308 0.851064 0.522346
1.692308 0.936170 0.469502
1.692308 1.021277 0.416658
1.692308 1.106383 0.363813
1.692308 1.191489 0.310969
1.692308 1.276596 0.258124
1.692308 1.361702 0.205280
1.692308 1.446809 0.152436
1.692308 1.531915 0.099591
1.692308 1.617021 0.046747
1.692308 1.702128 -0.006097
1.692308 1.787234 -0.058942
1.692308 1.872340 -0.111786
1.692308 1.957447 -0.164631
1.692308 2.042553 -0.217475
1.692308 2.127660 -0.270319
1.692308 2.212766 -0.323164
1.692308 2.297872 -0.376008
1.692308 2.382979 -0.428852
1.692308 2.468085 -0.481697
1.692308 2.553191 -0.534541
1.692308 2.638298 -0.587385
1.692308 2.723404 -0.640230
1.692308 2.808511 -0.693074
1.692308 2.893617 -0.745919
1.692308 2.978723 -0.798763
1.692308 3.063830 -0.851607
1.692308 3.148936 -0.904452
1.692308 3.234043 -0.957296
1.692308 3.319149 -1.010140
1.692308 3.404255 -1.062985
1.692308 3.489362 -1.115829
1.692308 3.574468 -1.168674
1.692308 3.659574 -1.221518
1.692308 3.744681 -1.274362
1.692308 3.829787 -1.327207
1.692308 3.914894 -1.380051
1.692308 4.000000 0.000000
1.769231 0.000000 0.000000
1.769231 0.085106 1.045709
1.769231 0.170213 0.992864
1.769231 0.255319 0.940020
1.769231 0.340426 0.887176
1.769231 0.425532 0.834331
1.769231 0.510638 0.781487
1.769231 0.595745 0.728643
1.769231 0.680851 0.675798
1.769231 0.765957 0.622954
1.769231 0.851064 0.570109
1.769231 0.936170 0.517265
1.769231 1.021277 0.464421
1.769231 1.106383 0.411576
1.769231 1.191489 0.358732
1.769231 1.276596 0.305888
1.769231 1.361702 0.253043
1.769231 1.446809 0.200199
1.769231 1.531915 0.147354
1.769231 1.617021 0.094510
1.769231 1.702128 0.041666
1.769231 1.787234 -0.011179
1.769231 1.872340 -0.064023
1.769231 1.957447 -0.116867
1.769231 2.042553 -0.169712
1.769231 2.127660 -0.222556
1.769231 2.212766 -0.275400
1.769231 2.297872 -0.328245
1.769231 2.382979 -0.381089
1.769231 2.468085 -0.433934
1.769231 2.553191 -0.486778
1.769231 2.638298 -0.539622
1.769231 2.723404 -0.592467
1.769231 2.808511 -0.645311
1.769231 2.893617 -0.698155
1.769231 2.978723 -0.751000
1.769231 3.063830 -0.803844
1.769231 3.148936 -0.856689
1.769231 3.234043 -0.909533
1.769231 3.319149 -0.962377
1.769231 3.404255 -1.015222
1.769231 3.489362 -1.068066
1.769231 3.574468 -1.120910
1.769231 3.659574 -1.173755
1.769231 3.744681 -1.226599
1.769231 3.829787 -1.279443
1.769231 3.914894 -1.332288
1.769231 4.000000 0.000000
1.846154 0.000000 0.000000
1.846154 0.085106 1.093472
1.846154 0.170213 1.040628
1.846154 0.255319 0.987783
1.846154 0.340426 0.934939
1.846154 0.425532 0.882094
1.846154 0.510638 0.829250
1.846154 0.595745 0.776406
1.846154 0.680851 0.723561
1.846154 0.765957 0.670717
1.846154 0.851064 0.617873
1.846154 0.936170 0.565028
1.846154 1.021277 0.512184
1.846154 1.106383 0.459340
1.846154 1.191489 0.406495
1.846154 1.276596 0.353651
1.846154 1.361702 0.300806
1.846154 1.446809 0.247962
1.846154 1.531915 0.195118
1.846154 1.617021 0.142273
1.846154 1.702128 0.089429
1.846154 1.787234 0.036585
1.846154 1.872340 -0.016260
1.846154 1.957447 -0.069104
1.846154 2.042553 -0.121949
1.846154 2.127660 -0.174793
1.846154 2.212766 -0.227637
1.846154 2.297872 -0.280482
1.846154 2.382979 -0.333326
1.846154 2.468085 -0.386170
1.846154 2.553191 -0.439015
1.846154 2.638298 -0.491859
1.846154 2.723404 -0.544703
1.846154 2.808511 -0.597548
1.846154 2.893617 -0.650392
1.846154 2.978723 -0.703237
1.846154 3.063830 -0.756081
1.846154 3.148936 -0.808925
1.846154 3.234043 -0.861770
1.846154 3.319149 -0.914614
1.846154 3.404255 -0.967458
1.846154 3.489362 -1.020303
1.846154 3.574468 -1.073147
1.846154 3.659574 -1.125992
1.846154 3.744681 -1.178836
1.846154 3.829787 -1.231680
1.846154 3.914894 -1.284525
1.846154 4.000000 0.000000
1.923077 0.000000 0.000000
1.923077 0.085106 1.141235
1.923077 0.170213 1.088391
1.923077 0.255319 1.035546
1.923077 0.340426 0.982702
1.923077 0.425532 0.929858
1.923077 0.510638 0.877013
1.923077 0.595745 0.824169
1.923077 0.680851 0.771325
1.923077 0.765957 0.718480
1.923077 0.851064 0.665636
1.923077 0.936170 0.612791
1.923077 1.021277 0.559947
1.923077 1.106383 0.507103
1.923077 1.191489 0.454258
1.923077 1.276596 0.401414
1.923077 1.361702 0.348570
1.923077 1.446809 0.295725
1.923077 1.531915 0.242881
1.923077 1.617021 0.190036
1.923077 1.702128 0.137192
1.923077 1.787234 0.084348
1.923077 1.872340 0.031503
1.923077 1.957447 -0.021341
1.923077 2.042553 -0.074185
1.923077 2.127660 -0.127030
1.923077 2.212766 -0.179874
1.923077 2.297872 -0.232718
1.923077 2.382979 -0.285563
1.923077 2.468085 -0.338407
1.923077 2.553191 -0.391252
1.923077 2.638298 -0.444096
1.923077 2.723404 -0.496940
1.923077 2.808511 -0.549785
1.923077 2.893617 -0.602629
1.923077 2.978723 -0.655473
1.923077 3.063830 -0.708318
1.923077 3.148936 -0.761162
1.923077 3.234043 -0.814007
1.923077 3.319149 -0.866851
1.923077 3.404255 -0.919695
1.923077 3.489362 -0.972540
1.923077 3.574468 -1.025384
1.923077 3.659574 -1.078228
1.923077 3.744681 -1.131073
1.923077 3.829787 -1.183917
1.923077 3.914894 -1.236761
1.923077 4.000000 0.000000
2.000000 0.000000 0.000000
2.000000 0.085106 1.188998
2.000000 0.170213 1.136154
2.000000 0.255319 1.083310
2.000000 0.340426 1.030465
2.000000 0.425532 0.977621
2.000000 0.510638 0.924776
2.000000 0.595745 0.871932
2.000000 0.680851 0.819088
2.000000 0.765957 0.766243
2.000000 0.851064 0.713399
2.000000 0.936170 0.660555
2.000000 1.021277 0.607710
2.000000 1.106383 0.554866
2.000000 1.191489 0.502021
2.000000 1.276596 0.449177
2.000000 1.361702 0.396333
2.000000 1.446809 0.343488
2.000000 1.531915 0.290644
2.000000 1.617021 0.237800
2.000000 1.702128 0.184955
2.000000 1.787234 0.132111
2.000000 1.872340 0.079267
2.000000 1.957447 0.026422
2.000000 2.042553 -0.026422
2.000000 2.127660 -0.079267
2.000000 2.212766 -0.132111
2.000000 2.297872 -0.184955
2.000000 2.382979 -0.237800
2.000000 2.468085 -0.290644
2.000000 2.553191 -0.343488
2.000000 2.638298 -0.396333
2.000000 2.723404 -0.449177
2.000000 2.808511 -0.502021
2.000000 2.893617 -0.554866
2.000000 2.978723 -0.607710
2.000000 3.063830 -0.660555
2.000000 3.148936 -0.713399
2.000000 3.234043 -0.766243
2.000000 3.319149 -0.819088
2.000000 3.404255 -0.871932
2.000000 3.489362 -0.924776
2.000000 3.574468 -0.977621
2.000000 3.659574 -1.030465
2.000000 3.744681 -1.083310
2.000000 3.829787 -1.136154
2.000000 3.914894 -1.188998
2.000000 4.000000 0.000000
2.076923 0.000000 0.000000
2.076923 0.085106 1.236761
2.076923 0.170213 1.183917
2.076923 0.255319 1.131073
2.076923 0.340426 1.078228
2.076923 0.425532 1.025384
2.076923 0.510638 0.972540
2.076923 0.595745 0.919695
2.076923 0.680851 0.866851
2.076923 0.765957 0.814007
2.076923 0.851064 0.761162
2.076923 0.936170 0.708318
2.076923 1.021277 0.655473
2.076923 1.106383 0.602629
2.076923 1.191489 0.549785
2.076923 1.276596 0.496940
2.076923 1.361702 0.444096
2.076923 1.446809 0.391252
2.076923 1.531915 0.338407
2.076923 1.617021 0.285563
2.076923 1.702128 0.232718
2.076923 1.787234 0.179874
2.076923 1.872340 0.127030
2.076923 1.957447 0.074185
2.076923 2.042553 0.021341
2.076923 2.127660 -0.031503
2.076923 2.212766 -0.084348
2.076923 2.297872 -0.137192
2.076923 2.382979 -0.190036
2.076923 2.468085 -0.242881
2.076923 2.553191 -0.295725
2.076923 2.638298 -0.348570
2.076923 2.723404 -0.401414
2.076923 2.808511 -0.454258
2.076923 2.893617 -0.507103
2.076923 2.978723 -0.559947
2.076923 3.063830 -0.612791
2.076923 3.148936 -0.665636
2.076923 3.234043 -0.718480
2.076923 3.319149 -0.771325
2.076923 3.404255 -0.824169
2.076923 3.489362 -0.877013
2.076923 3.574468 -0.929858
2.076923 3.659574 -0.982702
2.076923 3.744681 -1.035546
2.076923 3.829787 -1.088391
2.076923 3.914894 -1.141235
2.076923 4.000000 0.000000
2.153846 0.000000 0.000000
2.153846 0.085106 1.284525
2.153846 0.170213 1.231680
2.153846 0.255319 1.178836
2.153846 0.340426 1.125992
2.153846 0.425532 1.073147
2.153846 0.510638 1.020303
2.153846 0.595745 0.967458
2.153846 0.680851 0.914614
2.153846 0.765957 0.861770
2.153846 0.851064 0.808925
2.153846 0.936170 0.756081
2.153846 1.021277 0.703237
2.153846 1.106383 0.650392
2.153846 1.191489 0.597548
2.153846 1.276596 0.544703
2.153846 1.361702 0.491859
2.153846 1.446809 0.439015
2.153846 1.531915 0.386170
2.153846 1.617021 0.333326
2.153846 1.702128 0.280482
2.153846 1.787234 0.227637
2.153846 1.872340 0.174793
2.153846 1.957447 0.121949
2.153846 2.042553 0.069104
2.153846 2.127660 0.016260
2.153846 2.212766 -0.036585
2.153846 2.297872 -0.089429
2.153846 2.382979 -0.142273
2.153846 2.468085 -0.195118
2.153846 2.553191 -0.247962
2.153846 2.638298 -0.300806
2.153846 2.723404 -0.353651
2.153846 2.808511 -0.406495
2.153846 2.893617 -0.459340
2.153846 2.978723 -0.512184
2.153846 3.063830 -0.565028
2.153846 3.148936 -0.617873
2.153846 3.234043 -0.670717
2.153846 3.319149 -0.723561
2.153846 3.404255 -0.776406
2.153846 3.489362 -0.829250
2.153846 3.574468 -0.882094
2.153846 3.659574 -0.934939
2.153846 3.744681 -0.987783
2.153846 3.829787 -1.040628
2.153846 3.914894 -1.093472
2.153846 4.000000 0.000000
2.230769 0.000000 0.000000
2.230769 0.085106 1.332288
2.230769 0.170213 1.279443
2.230769 0.255319 1.226599
2.230769 0.340426 1.173755
2.230769 0.425532 1.120910
2.230769 0.510638 1.068066
2.230769 0.595745 1.015222
2.230769 0.680851 0.962377
2.230769 0.765957 0.909533
2.230769 0.851064 0.856689
2.230769 0.936170 0.803844
2.230769 1.021277 0.751000
2.230769 1.106383 0.698155
2.230769 1.191489 0.645311
2.230769 1.276596 0.592467
2.230769 1.361702 0.539622
2.230769 1.446809 0.486778
2.230769 1.531915 0.433934
2.230769 1.617021 0.381089
2.230769 1.702128 0.328245
2.230769 1.787234 0.275400
2.230769 1.872340 0.222556
2.230769 1.957447 0.169712
2.230769 2.042553 0.116867
2.230769 2.127660 0.064023
2.230769 2.212766 0.011179
2.230769 2.297872 -0.041666
2.230769 2.382979 -0.094510
2.230769 2.468085 -0.147354
2.230769 2.553191 -0.200199
2.230769 2.638298 -0.253043
2.230769 2.723404 -0.305888
2.230769 2.808511 -0.358732
2.230769 2.893617 -0.411576
2.230769 2.978723 -0.464421
2.230769 3.063830 -0.517265
2.230769 3.148936 -0.570109
2.230769 3.234043 -0.622954
2.230769 3.319149 -0.675798
2.230769 3.404255 -0.728643
2.230769 3.489362 -0.781487
2.230769 3.574468 -0.834331
2.230769 3.659574 -0.887176
2.230769 3.744681 -0.940020
2.230769 3.829787 -0.992864
2.230769 3.914894 -1.045709
2.230769 4.000000 0.000000
2.307692 0.000000 0.000000
2.307692 0.085106 1.380051
2.307692 0.170213 1.327207
2.307692 0.255319 1.274362
2.307692 0.340426 1.221518
2.307692 0.425532 1.168674
2.307692 0.510638 1.115829
2.307692 0.595745 1.062985
2.307692 0.680851 1.010140
2.307692 0.765957 0.957296
2.307692 0.851064 0.904452
2.307692 0.936170 0.851607
2.307692 1.021277 0.798763
2.307692 1.106383 0.745919
2.307692 1.191489 0.693074
2.307692 1.276596 0.640230
2.307692 1.361702 0.587385
2.307692 1.446809 0.534541
2.307692 1.531915 0.481697
2.307692 1.617021 0.428852
2.307692 1.702128 0.376008
2.307692 1.787234 0.323164
2.307692 1.872340 0.270319
2.307692 1.957447 0.217475
2.307692 2.042553 0.164631
2.307692 2.127660 0.111786
2.307692 2.212766 0.058942
2.307692 2.297872 0.006097
2.307692 2.382979 -0.046747
2.307692 2.468085 -0.099591
2.307692 2.553191 -0.152436
2.307692 2.638298 -0.205280
2.307692 2.723404 -0.258124
2.307692 2.808511 -0.310969
2.307692 2.893617 -0.363813
2.307692 2.978723 -0.416658
2.307692 3.063830 -0.469502
2.307692 3.148936 -0.522346
2.307692 3.234043 -0.575191
2.307692 3.319149 -0.628035
2.307692 3.404255 -0.680879
2.307692 3.489362 -0.733724
2.307692 3.574468 -0.786568
2.307692 3.659574 -0.839412
2.307692 3.744681 -0.892257
2.307692 3.829787 -0.945101
2.307692 3.914894 -0.997946
2.307692 4.000000 0.000000
2.384615 0.000000 0.000000
2.384615 0.085106 1.427814
2.384615 0.170213 1.374970
2.384615 0.255319 1.322125
2.384615 0.340426 1.269281
2.384615 0.425532 1.216437
2.384615 0.510638 1.163592
2.384615 0.595745 1.110748
2.384615 0.680851 1.057904
2.384615 0.765957 1.005059
2.384615 0.851064 0.952215
2.384615 0.936170 0.899370
2.384615 1.021277 0.846526
2.384615 1.106383 0.793682
2.384615 1.191489 0.740837
2.384615 1.276596 0.687993
2.384615 1.361702 0.635149
2.384615 1.446809 0.582304
2.384615 1.531915 0.529460
2.384615 1.617021 0.476616
2.384615 1.702128 0.423771
2.384615 1.787234 0.370927
2.384615 1.872340 0.318082
2.384615 1.957447 0.265238
2.384615 2.042553 0.212394
2.384615 2.127660 0.159549
2.384615 2.212766 0.106705
2.384615 2.297872 0.053861
2.384615 2.382979 0.001016
2.384615 2.468085 -0.051828
2.384615 2.553191 -0.104672
2.384615 2.638298 -0.157517
2.384615 2.723404 -0.210361
2.384615 2.808511 -0.263206
2.384615 2.893617 -0.316050
2.384615 2.978723 -0.368894
2.384615 3.063830 -0.421739
2.384615 3.148936 -0.474583
2.384615 3.234043 -0.527427
2.384615 3.319149 -0.580272
2.384615 3.404255 -0.633116
2.384615 3.489362 -0.685961
2.384615 3.574468 -0.738805
2.384615 3.659574 -0.791649
2.384615 3.744681 -0.844494
2.384615 3.829787 -0.897338
2.384615 3.914894 -0.950182
2.384615 4.000000 0.000000
2.461538 0.000000 0.000000
2.461538 0.085106 1.475577
2.461538 0.170213 1.422733
2.461538 0.255319 1.369889
2.461538 0.340426 1.317044
2.461538 0.425532 1.264200
2.461538 0.510638 1.211356
2.461538 0.595745 1.158511
2.461538 0.680851 1.105667
2.461538 0.765957 1.052822
2.461538 0.851064 0.999978
2.461538 0.936170 0.947134
2.461538 1.021277 0.894289
2.461538 1.106383 0.841445
2.461538 1.191489 0.788601
2.461538 1.276596 0.735756
2.461538 1.361702 0.682912
2.461538 1.446809 0.630067
2.461538 1.531915 0.577223
2.461538 1.617021 0.524379
2.461538 1.702128 0.471534
2.461538 1.787234 0.418690
2.461538 1.872340 0.365846
2.461538 1.957447 0.313001
2.461538 2.042553 0.260157
2.461538 2.127660 0.207313
2.461538 2.212766 0.154468
2.461538 2.297872 0.101624
2.461538 2.382979 0.048779
2.461538 2.468085 -0.004065
2.461538 2.553191 -0.056909
2.461538 2.638298 -0.109754
2.461538 2.723404 -0.162598
2.461538 2.808511 -0.215442
2.461538 2.893617 -0.268287
2.461538 2.978723 -0.321131
2.461538 3.063830 -0.373976
2.461538 3.148936 -0.426820
2.461538 3.234043 -0.479664
2.461538 3.319149 -0.532509
2.461538 3.404255 -0.585353
2.461538 3.489362 -0.638197
2.461538 3.574468 -0.691042
2.461538 3.659574 -0.743886
2.461538 3.744681 -0.796730
2.461538 3.829787 -0.849575
2.461538 3.914894 -0.902419
2.461538 4.000000 0.000000
2.538462 0.000000 0.000000
2.538462 0.085106 1.523341
2.538462 0.170213 1.470496
2.538462 0.255319 1.417652
2.538462 0.340426 1.364807
2.538462 0.425532 1.311963
2.538462 0.510638 1.259119
2.538462 0.595745 1.206274
2.538462 0.680851 1.153430
2.538462 0.765957 1.100586
2.538462 0.851064 1.047741
2.538462 0.936170 0.994897
2.538462 1.021277 0.942052
2.538462 1.106383 0.889208
2.538462 1.191489 0.836364
2.538462 1.276596 0.783519
2.538462 1.361702 0.730675
2.538462 1.446809 0.677831
2.538462 1.531915 0.624986
2.538462 1.617021 0.572142
2.538462 1.702128 0.519298
2.538462 1.787234 0.466453
2.538462 1.872340 0.413609
2.538462 1.957447 0.360764
2.538462 2.042553 0.307920
2.538462 2.127660 0.255076
2.538462 2.212766 0.202231
2.538462 2.297872 0.149387
2.538462 2.382979 0.096543
2.538462 2.468085 0.043698
2.538462 2.553191 -0.009146
2.538462 2.638298 -0.061991
2.538462 2.723404 -0.114835
2.538462 2.808511 -0.167679
2.538462 2.893617 -0.220524
2.538462 2.978723 -0.273368
2.538462 3.063830 -0.326212
2.538462 3.148936 -0.379057
2.538462 3.234043 -0.431901
2.538462 3.319149 -0.484745
2.538462 3.404255 -0.537590
2.538462 3.489362 -0.590434
2.538462 3.574468 -0.643279
2.538462 3.659574 -0.696123
2.538462 3.744681 -0.748967
2.538462 3.829787 -0.801812
2.538462 3.914894 -0.854656
2.538462 4.000000 0.000000
2.615385 0.000000 0.000000
2.615385 0.085106 1.571104
2.615385 0.170213 1.518259
2.615385 0.255319 1.465415
2.615385 0.340426 1.412571
2.615385 0.425532 1.359726
2.615385 0.510638 1.306882
2.615385 0.595745 1.254038
2.615385 0.680851 1.201193
2.615385 0.765957 1.148349
2.615385 0.851064 1.095504
2.615385 0.936170 1.042660
2.615385 1.021277 0.989816
2.615385 1.106383 0.936971
2.615385 1.191489 0.884127
2.615385 1.276596 0.831283
2.615385 1.361702 0.778438
2.615385 1.446809 0.725594
2.615385 1.531915 0.672749
2.615385 1.617021 0.619905
2.615385 1.702128 0.567061
2.615385 1.787234 0.514216
2.615385 1.872340 0.461372
2.615385 1.957447 0.408528
2.615385 2.042553 0.355683
2.615385 2.127660 0.302839
2.615385 2.212766 0.249995
2.615385 2.297872 0.197150
2.615385 2.382979 0.144306
2.615385 2.468085 0.091461
2.615385 2.553191 0.038617
2.615385 2.638298 -0.014227
2.615385 2.723404 -0.067072
2.615385 2.808511 -0.119916
2.615385 2.893617 -0.172760
2.615385 2.978723 -0.225605
2.615385 3.063830 -0.278449
2.615385 3.148936 -0.331294
2.615385 3.234043 -0.384138
2.615385 3.319149 -0.436982
2.615385 3.404255 -0.489827
2.615385 3.489362 -0.542671
2.615385 3.574468 -0.595515
2.615385 3.659574 -0.648360
2.615385 3.744681 -0.701204
2.615385 3.829787 -0.754048
2.615385 3.914894 -0.806893
2.615385 4.000000 0.000000
2.692308 0.000000 0.000000
2.692308 0.085106 1.618867
2.692308 0.170213 1.566023
2.692308 0.255319 1.513178
2.692308 0.340426 1.460334
2.692308 0.425532 1.407489
2.692308 0.510638 1.354645
2.692308 0.595745 1.301801
2.692308 0.680851 1.248956
2.692308 0.765957 1.196112
2.692308 0.851064 1.143268
2.692308 0.936170 1.090423
2.692308 1.021277 1.037579
2.692308 1.106383 0.984734
2.692308 1.191489 0.931890
2.692308 1.276596 0.879046
2.692308 1.361702 0.826201
2.692308 1.446809 0.773357
2.692308 1.531915 0.720513
2.692308 1.617021 0.667668
2.692308 1.702128 0.614824
2.692308 1.787234 0.561980
2.692308 1.872340 0.509135
2.692308 1.957447 0.456291
2.692308 2.042553 0.403446
2.692308 2.127660 0.350602
2.692308 2.212766 0.297758
2.692308 2.297872 0.244913
2.692308 2.382979 0.192069
2.692308 2.468085 0.139225
2.692308 2.553191 0.086380
2.692308 2.638298 0.033536
2.692308 2.723404 -0.019309
2.692308 2.808511 -0.072153
2.692308 2.893617 -0.124997
2.692308 2.978723 -0.177842
2.692308 3.063830 -0.230686
2.692308 3.148936 -0.283530
2.692308 3.234043 -0.336375
2.692308 3.319149 -0.389219
2.692308 3.404255 -0.442063
2.692308 3.489362 -0.494908
2.692308 3.574468 -0.547752
2.692308 3.659574 -0.600597
2.692308 3.744681 -0.653441
2.692308 3.829787 -0.706285
2.692308 3.914894 -0.759130
2.692308 4.000000 0.000000
2.769231 0.000000 0.000000
2.769231 0.085106 1.666630
2.769231 0.170213 1.613786
2.769231 0.255319 1.560941
2.769231 0.340426 1.508097
2.769231 0.425532 1.455253
2.769231 0.510638 1.402408
2.769231 0.595745 1.349564
2.769231 0.680851 1.296719
2.769231 0.765957 1.243875
2.769231 0.851064 1.191031
2.769231 0.936170 1.138186
2.769231 1.021277 1.085342
2.769231 1.106383 1.032498
2.769231 1.191489 0.979653
2.769231 1.276596 0.926809
2.769231 1.361702 0.873965
2.769231 1.446809 0.821120
2.769231 1.531915 0.768276
2.769231 1.617021 0.715431
2.769231 1.702128 0.662587
2.769231 1.787234 0.609743
2.769231 1.872340 0.556898
2.769231 1.957447 0.504054
2.769231 2.042553 0.451210
2.769231 2.127660 0.398365
2.769231 2.212766 0.345521
2.769231 2.297872 0.292676
2.769231 2.382979 0.239832
2.769231 2.468085 0.186988
2.769231 2.553191 0.134143
2.769231 2.638298 0.081299
2.769231 2.723404 0.028455
2.769231 2.808511 -0.024390
2.769231 2.893617 -0.077234
2.769231 2.978723 -0.130078
2.769231 3.063830 -0.182923
2.769231 3.148936 -0.235767
2.769231 3.234043 -0.288612
2.769231 3.319149 -0.341456
2.769231 3.404255 -0.394300
2.769231 3.489362 -0.447145
2.769231 3.574468 -0.499989
2.769231 3.659574 -0.552833
2.769231 3.744681 -0.605678
2.769231 3.829787 -0.658522
2.769231 3.914894 -0.711366
2.769231 4.000000 0.000000
2.846154 0.000000 0.000000
2.846154 0.085106 1.714393
2.846154 0.170213 1.661549
2.846154 0.255319 1.608705
2.846154 0.340426 1.555860
2.846154 0.425532 1.503016
2.846154 0.510638 1.450171
2.846154 0.595745 1.397327
2.846154 0.680851 1.344483
2.846154 0.765957 1.291638
2.846154 0.851064 1.238794
2.846154 0.936170 1.185950
2.846154 1.021277 1.133105
2.846154 1.106383 1.080261
2.846154 1.191489 1.027416
2.846154 1.276596 0.974572
2.846154 1.361702 0.921728
2.846154 1.446809 0.868883
2.846154 1.531915 0.816039
2.846154 1.617021 0.763195
2.846154 1.702128 0.710350
2.846154 1.787234 0.657506
2.846154 1.872340 0.604662
2.846154 1.957447 0.551817
2.846154 2.042553 0.498973
2.846154 2.127660 0.446128
2.846154 2.212766 0.393284
2.846154 2.297872 0.340440
2.846154 2.382979 0.287595
2.846154 2.468085 0.234751
2.846154 2.553191 0.181907
2.846154 2.638298 0.129062
2.846154 2.723404 0.076218
2.846154 2.808511 0.023373
2.846154 2.893617 -0.029471
2.846154 2.978723 -0.082315
2.846154 3.063830 -0.135160
2.846154 3.148936 -0.188004
2.846154 3.234043 -0.240848
2.846154 3.319149 -0.293693
2.846154 3.404255 -0.346537
2.846154 3.489362 -0.399381
2.846154 3.574468 -0.452226
2.846154 3.659574 -0.505070
2.846154 3.744681 -0.557915
2.846154 3.829787 -0.610759
2.846154 3.914894 -0.663603
2.846154 4.000000 0.000000
2.923077 0.000000 0.000000
2.923077 0.085106 1.762156
2.923077 0.170213 1.709312
2.923077 0.255319 1.656468
2.923077 0.340426 1.603623
2.923077 0.425532 1.550779
2.923077 0.510638 1.497935
2.923077 0.595745 1.445090
2.923077 0.680851 1.392246
2.923077 0.765957 1.339401
2.923077 0.851064 1.286557
2.923077 0.936170 1.233713
2.923077 1.021277 1.180868
2.923077 1.106383 1.128024
2.923077 1.191489 1.075180
2.923077 1.276596 1.022335
2.923077 1.361702 0.969491
2.923077 1.446809 0.916647
2.923077 1.531915 0.863802
2.923077 1.617021 0.810958
2.923077 1.702128 0.758113
2.923077 1.787234 0.705269
2.923077 1.872340 0.652425
2.923077 1.957447 0.599580
2.923077 2.042553 0.546736
2.923077 2.127660 0.493892
2.923077 2.212766 0.441047
2.923077 2.297872 0.388203
2.923077 2.382979 0.335358
2.923077 2.468085 0.282514
2.923077 2.553191 0.229670
2.923077 2.638298 0.176825
2.923077 2.723404 0.123981
2.923077 2.808511 0.071137
2.923077 2.893617 0.018292
2.923077 2.978723 -0.034552
2.923077 3.063830 -0.087396
2.923077 3.148936 -0.140241
2.923077 3.234043 -0.193085
2.923077 3.319149 -0.245930
2.923077 3.404255 -0.298774
2.923077 3.489362 -0.351618
2.923077 3.574468 -0.404463
2.923077 3.659574 -0.457307
2.923077 3.744681 -0.510151
2.923077 3.829787 -0.562996
2.923077 3.914894 -0.615840
2.923077 4.000000 0.000000
3.000000 0.000000 0.000000
3.000000 0.085106 0.000000
3.000000 0.170213 0.000000
3.000000 0.255319 0.000000
3.000000 0.340426 0.000000
3.000000 0.425532 0.000000
3.000000 0.510638 0.000000
3.000000 0.595745 0.000000
3.000000 0.680851 0.000000
3.000000 0.765957 0.000000
3.000000 0.851064 0.000000
3.000000 0.936170 0.000000
3.000000 1.021277 0.000000
3.000000 1.106383 0.000000
3.000000 1.191489 0.000000
3.000000 1.276596 0.000000
3.000000 1.361702 0.000000
3.000000 1.446809 0.000000
3.000000 1.531915 0.000000
3.000000 1.617021 0.000000
3.000000 1.702128 0.000000
3.000000 1.787234 0.000000
3.000000 1.872340 0.000000
3.000000 1.957447 0.000000
3.000000 2.042553 0.000000
3.000000 2.127660 0.000000
3.000000 2.212766 0.000000
3.000000 2.297872 0.000000
3.000000 2.382979 0.000000
3.000000 2.468085 0.000000
3.000000 2.553191 0.000000
3.000000 2.638298 0.000000
3.000000 2.723404 0.000000
3.000000 2.808511 0.000000
3.000000 2.893617 0.000000
3.000000 2.978723 0.000000
3.000000 3.063830 0.000000
3.000000 3.148936 0.000000
3.000000 3.234043 0.000000
3.000000 3.319149 0.000000
3.000000 3.404255 0.000000
3.000000 3.489362 0.000000
3.000000 3.574468 0.000000
3.000000 3.659574 0.000000
3.000000 3.744681 0.000000
3.000000 3.829787 0.000000
3.000000 3.914894 0.000000
3.000000 4.000000 0.000000
