0.000000 0.000000 0.000000
0.000000 0.085106 0.000000
0.000000 0.170213 0.000000
0.000000 0.255319 0.000000
0.000000 0.340426 0.000000
0.000000 0.425532 0.000000
0.000000 0.510638 0.000000
0.000000 0.595745 0.000000
0.000000 0.680851 0.000000
0.000000 0.765957 0.000000
0.000000 0.851064 0.000000
0.000000 0.936170 0.000000
0.000000 1.021277 0.000000
0.000000 1.106383 0.000000
0.000000 1.191489 0.000000
0.000000 1.276596 0.000000
0.000000 1.361702 0.000000
0.000000 1.446809 0.000000
0.000000 1.531915 0.000000
0.000000 1.617021 0.000000
0.000000 1.702128 0.000000
0.000000 1.787234 0.000000
0.000000 1.872340 0.000000
0.000000 1.957447 0.000000
0.000000 2.042553 0.000000
0.000000 2.127660 0.000000
0.000000 2.212766 0.000000
0.000000 2.297872 0.000000
0.000000 2.382979 0.000000
0.000000 2.468085 0.000000
0.000000 2.553191 0.000000
0.000000 2.638298 0.000000
0.000000 2.723404 0.000000
0.000000 2.808511 0.000000
0.000000 2.893617 0.000000
0.000000 2.978723 0.000000
0.000000 3.063830 0.000000
0.000000 3.148936 0.000000
0.000000 3.234043 0.000000
0.000000 3.319149 0.000000
0.000000 3.404255 0.000000
0.000000 3.489362 0.000000
0.000000 3.574468 0.000000
0.000000 3.659574 0.000000
0.000000 3.744681 0.000000
0.000000 3.829787 0.000000
0.000000 3.914894 0.000000
0.000000 4.000000 0.000000
0.076923 0.000000 0.000000
0.076923 0.085106 -0.004619
0.076923 0.170213 -0.052660
0.076923 0.255319 -0.100700
0.076923 0.340426 -0.148740
0.076923 0.425532 -0.196781
0.076923 0.510638 -0.244821
0.076923 0.595745 -0.292861
0.076923 0.680851 -0.340902
0.076923 0.765957 -0.388942
0.076923 0.851064 -0.436982
0.076923 0.936170 -0.485023
0.076923 1.021277 -0.533063
0.076923 1.106383 -0.581103
0.076923 1.191489 -0.629144
0.076923 1.276596 -0.677184
0.076923 1.361702 -0.725224
0.076923 1.446809 -0.773265
0.076923 1.531915 -0.821305
0.076923 1.617021 -0.869345
0.076923 1.702128 -0.917386
0.076923 1.787234 -0.965426
0.076923 1.872340 -1.013466
0.076923 1.957447 -1.061507
0.076923 2.042553 -1.109547
0.076923 2.127660 -1.157587
0.076923 2.212766 -1.205628
0.076923 2.297872 -1.253668
0.076923 2.382979 -1.301708
0.076923 2.468085 -1.349749
0.076923 2.553191 -1.397789
0.076923 2.638298 -1.445829
0.076923 2.723404 -1.493870
0.076923 2.808511 -1.541910
0.076923 2.893617 -1.589950
0.076923 2.978723 -1.637991
0.076923 3.063830 -1.686031
0.076923 3.148936 -1.734071
0.076923 3.234043 -1.782112
0.076923 3.319149 -1.830152
0.076923 3.404255 -1.878192
0.076923 3.489362 -1.926233
0.076923 3.574468 -1.974273
0.076923 3.659574 -2.022313
0.076923 3.744681 -2.070354
0.076923 3.829787 -2.118394
0.076923 3.914894 -2.166434
0.076923 4.000000 0.000000
0.153846 0.000000 0.000000
0.153846 0.085106 0.038802
0.153846 0.170213 -0.009239
0.153846 0.255319 -0.057279
0.153846 0.340426 -0.105319
0.153846 0.425532 -0.153360
0.153846 0.510638 -0.201400
0.153846 0.595745 -0.249440
0.153846 0.680851 -0.297481
0.153846 0.765957 -0.345521
0.153846 0.851064 -0.393561
0.153846 0.936170 -0.441602
0.153846 1.021277 -0.489642
0.153846 1.106383 -0.537682
0.153846 1.191489 -0.585723
0.153846 1.276596 -0.633763
0.153846 1.361702 -0.681803
0.153846 1.446809 -0.729844
0.153846 1.531915 -0.777884
0.153846 1.617021 -0.825924
0.153846 1.702128 -0.873965
0.153846 1.787234 -0.922005
0.153846 1.872340 -0.970045
0.153846 1.957447 -1.018086
0.153846 2.042553 -1.066126
0.153846 2.127660 -1.114166
0.153846 2.212766 -1.162207
0.153846 2.297872 -1.210247
0.153846 2.382979 -1.258287
0.153846 2.468085 -1.306328
0.153846 2.553191 -1.354368
0.153846 2.638298 -1.402408
0.153846 2.723404 -1.450449
0.153846 2.808511 -1.498489
0.153846 2.893617 -1.546529
0.153846 2.978723 -1.594570
0.153846 3.063830 -1.642610
0.153846 3.148936 -1.690650
0.153846 3.234043 -1.738691
0.153846 3.319149 -1.786731
0.153846 3.404255 -1.834771
0.153846 3.489362 -1.882812
0.153846 3.574468 -1.930852
0.153846 3.659574 -1.978892
0.153846 3.744681 -2.026933
0.153846 3.829787 -2.074973
0.153846 3.914894 -2.123013
0.153846 4.000000 0.000000
0.230769 0.000000 0.000000
0.230769 0.085106 0.082223
0.230769 0.170213 0.034183
0.230769 0.255319 -0.013858
0.230769 0.340426 -0.061898
0.230769 0.425532 -0.109938
0.230769 0.510638 -0.157979
0.230769 0.595745 -0.206019
0.230769 0.680851 -0.254059
0.230769 0.765957 -0.302100
0.230769 0.851064 -0.350140
0.230769 0.936170 -0.398180
0.230769 1.021277 -0.446221
0.230769 1.106383 -0.494261
0.230769 1.191489 -0.542301
0.230769 1.276596 -0.590342
0.230769 1.361702 -0.638382
0.230769 1.446809 -0.686422
0.230769 1.531915 -0.734463
0.230769 1.617021 -0.782503
0.230769 1.702128 -0.830543
0.230769 1.787234 -0.878584
0.230769 1.872340 -0.926624
0.230769 1.957447 -0.974664
0.230769 2.042553 -1.022705
0.230769 2.127660 -1.070745
0.230769 2.212766 -1.118785
0.230769 2.297872 -1.166826
0.230769 2.382979 -1.214866
0.230769 2.468085 -1.262906
0.230769 2.553191 -1.310947
0.230769 2.638298 -1.358987
0.230769 2.723404 -1.407027
0.230769 2.808511 -1.455068
0.230769 2.893617 -1.503108
0.230769 2.978723 -1.551148
0.230769 3.063830 -1.599189
0.230769 3.148936 -1.647229
0.230769 3.234043 -1.695269
0.230769 3.319149 -1.743310
0.230769 3.404255 -1.791350
0.230769 3.489362 -1.839390
0.230769 3.574468 -1.887431
0.230769 3.659574 -1.935471
0.230769 3.744681 -1.983512
0.230769 3.829787 -2.031552
0.230769 3.914894 -2.079592
0.230769 4.000000 0.000000
0.307692 0.000000 0.000000
0.307692 0.085106 0.125644
0.307692 0.170213 0.077604
0.307692 0.255319 0.029563
0.307692 0.340426 -0.018477
0.307692 0.425532 -0.066517
0.307692 0.510638 -0.114558
0.307692 0.595745 -0.162598
0.307692 0.680851 -0.210638
0.307692 0.765957 -0.258679
0.307692 0.851064 -0.306719
0.307692 0.936170 -0.354759
0.307692 1.021277 -0.402800
0.307692 1.106383 -0.450840
0.307692 1.191489 -0.498880
0.307692 1.276596 -0.546921
0.307692 1.361702 -0.594961
0.307692 1.446809 -0.643001
0.307692 1.531915 -0.691042
0.307692 1.617021 -0.739082
0.307692 1.702128 -0.787122
0.307692 1.787234 -0.835163
0.307692 1.872340 -0.883203
0.307692 1.957447 -0.931243
0.307692 2.042553 -0.979284
0.307692 2.127660 -1.027324
0.307692 2.212766 -1.075364
0.307692 2.297872 -1.123405
0.307692 2.382979 -1.171445
0.307692 2.468085 -1.219485
0.307692 2.553191 -1.267526
0.307692 2.638298 -1.315566
0.307692 2.723404 -1.363606
0.307692 2.808511 -1.411647
0.307692 2.893617 -1.459687
0.307692 2.978723 -1.507727
0.307692 3.063830 -1.555768
0.307692 3.148936 -1.603808
0.307692 3.234043 -1.651848
0.307692 3.319149 -1.699889
0.307692 3.404255 -1.747929
0.307692 3.489362 -1.795969
0.307692 3.574468 -1.844010
0.307692 3.659574 -1.892050
0.307692 3.744681 -1.940090
0.307692 3.829787 -1.988131
0.307692 3.914894 -2.036171
0.307692 4.000000 0.000000
0.384615 0.000000 0.000000
0.384615 0.085106 0.169065
0.384615 0.170213 0.121025
0.384615 0.255319 0.072984
0.384615 0.340426 0.024944
0.384615 0.425532 -0.023096
0.384615 0.510638 -0.071137
0.384615 0.595745 -0.119177
0.384615 0.680851 -0.167217
0.384615 0.765957 -0.215258
0.384615 0.851064 -0.263298
0.384615 0.936170 -0.311338
0.384615 1.021277 -0.359379
0.384615 1.106383 -0.407419
0.384615 1.191489 -0.455459
0.384615 1.276596 -0.503500
0.384615 1.361702 -0.551540
0.384615 1.446809 -0.599580
0.384615 1.531915 -0.647621
0.384615 1.617021 -0.695661
0.384615 1.702128 -0.743701
0.384615 1.787234 -0.791742
0.384615 1.872340 -0.839782
0.384615 1.957447 -0.887822
0.384615 2.042553 -0.935863
0.384615 2.127660 -0.983903
0.384615 2.212766 -1.031943
0.384615 2.297872 -1.079984
0.384615 2.382979 -1.128024
0.384615 2.468085 -1.176064
0.384615 2.553191 -1.224105
0.384615 2.638298 -1.272145
0.384615 2.723404 -1.320185
0.384615 2.808511 -1.368226
0.384615 2.893617 -1.416266
0.384615 2.978723 -1.464306
0.384615 3.063830 -1.512347
0.384615 3.148936 -1.560387
0.384615 3.234043 -1.608427
0.384615 3.319149 -1.656468
0.384615 3.404255 -1.704508
0.384615 3.489362 -1.752548
0.384615 3.574468 -1.800589
0.384615 3.659574 -1.848629
0.384615 3.744681 -1.896669
0.384615 3.829787 -1.944710
0.384615 3.914894 -1.992750
0.384615 4.000000 0.000000
0.461538 0.000000 0.000000
0.461538 0.085106 0.212486
0.461538 0.170213 0.164446
0.461538 0.255319 0.116405
0.461538 0.340426 0.068365
0.461538 0.425532 0.020325
0.461538 0.510638 -0.027716
0.461538 0.595745 -0.075756
0.461538 0.680851 -0.123796
0.461538 0.765957 -0.171837
0.461538 0.851064 -0.219877
0.461538 0.936170 -0.267917
0.461538 1.021277 -0.315958
0.461538 1.106383 -0.363998
0.461538 1.191489 -0.412038
0.461538 1.276596 -0.460079
0.461538 1.361702 -0.508119
0.461538 1.446809 -0.556159
0.461538 1.531915 -0.604200
0.461538 1.617021 -0.652240
0.461538 1.702128 -0.700280
0.461538 1.787234 -0.748321
0.461538 1.872340 -0.796361
0.461538 1.957447 -0.844401
0.461538 2.042553 -0.892442
0.461538 2.127660 -0.940482
0.461538 2.212766 -0.988522
0.461538 2.297872 -1.036563
0.461538 2.382979 -1.084603
0.461538 2.468085 -1.132643
0.461538 2.553191 -1.180684
0.461538 2.638298 -1.228724
0.461538 2.723404 -1.276764
0.461538 2.808511 -1.324805
0.461538 2.893617 -1.372845
0.461538 2.978723 -1.420885
0.461538 3.063830 -1.468926
0.461538 3.148936 -1.516966
0.461538 3.234043 -1.565006
0.461538 3.319149 -1.613047
0.461538 3.404255 -1.661087
0.461538 3.489362 -1.709127
0.461538 3.574468 -1.757168
0.461538 3.659574 -1.805208
0.461538 3.744681 -1.853248
0.461538 3.829787 -1.901289
0.461538 3.914894 -1.949329
0.461538 4.000000 0.000000
0.538462 0.000000 0.000000
0.538462 0.085106 0.255907
0.538462 0.170213 0.207867
0.538462 0.255319 0.159826
0.538462 0.340426 0.111786
0.538462 0.425532 0.063746
0.538462 0.510638 0.015705
0.538462 0.595745 -0.032335
0.538462 0.680851 -0.080375
0.538462 0.765957 -0.128416
0.538462 0.851064 -0.176456
0.538462 0.936170 -0.224496
0.538462 1.021277 -0.272537
0.538462 1.106383 -0.320577
0.538462 1.191489 -0.368617
0.538462 1.276596 -0.416658
0.538462 1.361702 -0.464698
0.538462 1.446809 -0.512738
0.538462 1.531915 -0.560779
0.538462 1.617021 -0.608819
0.538462 1.702128 -0.656859
0.538462 1.787234 -0.704900
0.538462 1.872340 -0.752940
0.538462 1.957447 -0.800980
0.538462 2.042553 -0.849021
0.538462 2.127660 -0.897061
0.538462 2.212766 -0.945101
0.538462 2.297872 -0.993142
0.538462 2.382979 -1.041182
0.538462 2.468085 -1.089222
0.538462 2.553191 -1.137263
0.538462 2.638298 -1.185303
0.538462 2.723404 -1.233343
0.538462 2.808511 -1.281384
0.538462 2.893617 -1.329424
0.538462 2.978723 -1.377464
0.538462 3.063830 -1.425505
0.538462 3.148936 -1.473545
0.538462 3.234043 -1.521585
0.538462 3.319149 -1.569626
0.538462 3.404255 -1.617666
0.538462 3.489362 -1.665706
0.538462 3.574468 -1.713747
0.538462 3.659574 -1.761787
0.538462 3.744681 -1.809827
0.538462 3.829787 -1.857868
0.538462 3.914894 -1.905908
0.538462 4.000000 0.000000
0.615385 0.000000 0.000000
0.615385 0.085106 0.299328
0.615385 0.170213 0.251288
0.615385 0.255319 0.203248
0.615385 0.340426 0.155207
0.615385 0.425532 0.107167
0.615385 0.510638 0.059127
0.615385 0.595745 0.011086
0.615385 0.680851 -0.036954
0.615385 0.765957 -0.084994
0.615385 0.851064 -0.133035
0.615385 0.936170 -0.181075
0.615385 1.021277 -0.229115
0.615385 1.106383 -0.277156
0.615385 1.191489 -0.325196
0.615385 1.276596 -0.373236
0.615385 1.361702 -0.421277
0.615385 1.446809 -0.469317
0.615385 1.531915 -0.517357
0.615385 1.617021 -0.565398
0.615385 1.702128 -0.613438
0.615385 1.787234 -0.661478
0.615385 1.872340 -0.709519
0.615385 1.957447 -0.757559
0.615385 2.042553 -0.805599
0.615385 2.127660 -0.853640
0.615385 2.212766 -0.901680
0.615385 2.297872 -0.949720
0.615385 2.382979 -0.997761
0.615385 2.468085 -1.045801
0.615385 2.553191 -1.093841
0.615385 2.638298 -1.141882
0.615385 2.723404 -1.189922
0.615385 2.808511 -1.237962
0.615385 2.893617 -1.286003
0.615385 2.978723 -1.334043
0.615385 3.063830 -1.382083
0.615385 3.148936 -1.430124
0.615385 3.234043 -1.478164
0.615385 3.319149 -1.526204
0.615385 3.404255 -1.574245
0.615385 3.489362 -1.622285
0.615385 3.574468 -1.670325
0.615385 3.659574 -1.718366
0.615385 3.744681 -1.766406
0.615385 3.829787 -1.814446
0.615385 3.914894 -1.862487
0.615385 4.000000 0.000000
0.692308 0.000000 0.000000
0.692308 0.085106 0.342749
0.692308 0.170213 0.294709
0.692308 0.255319 0.246669
0.692308 0.340426 0.198628
0.692308 0.425532 0.150588
0.692308 0.510638 0.102548
0.692308 0.595745 0.054507
0.692308 0.680851 0.006467
0.692308 0.765957 -0.041573
0.692308 0.851064 -0.089614
0.692308 0.936170 -0.137654
0.692308 1.021277 -0.185694
0.692308 1.106383 -0.233735
0.692308 1.191489 -0.281775
0.692308 1.276596 -0.329815
0.692308 1.361702 -0.377856
0.692308 1.446809 -0.425896
0.692308 1.531915 -0.473936
0.692308 1.617021 -0.521977
0.692308 1.702128 -0.570017
0.692308 1.787234 -0.618057
0.692308 1.872340 -0.666098
0.692308 1.957447 -0.714138
0.692308 2.042553 -0.762178
0.692308 2.127660 -0.810219
0.692308 2.212766 -0.858259
0.692308 2.297872 -0.906299
0.692308 2.382979 -0.954340
0.692308 2.468085 -1.002380
0.692308 2.553191 -1.050420
0.692308 2.638298 -1.098461
0.692308 2.723404 -1.146501
0.692308 2.808511 -1.194541
0.692308 2.893617 -1.242582
0.692308 2.978723 -1.290622
0.692308 3.063830 -1.338662
0.692308 3.148936 -1.386703
0.692308 3.234043 -1.434743
0.692308 3.319149 -1.482783
0.692308 3.404255 -1.530824
0.692308 3.489362 -1.578864
0.692308 3.574468 -1.626904
0.692308 3.659574 -1.674945
0.692308 3.744681 -1.722985
0.692308 3.829787 -1.771025
0.692308 3.914894 -1.819066
0.692308 4.000000 0.000000
0.769231 0.000000 0.000000
0.769231 0.085106 0.386170
0.769231 0.170213 0.338130
0.769231 0.255319 0.290090
0.769231 0.340426 0.242049
0.769231 0.425532 0.194009
0.769231 0.510638 0.145969
0.769231 0.595745 0.097928
0.769231 0.680851 0.049888
0.769231 0.765957 0.001848
0.769231 0.851064 -0.046193
0.769231 0.936170 -0.094233
0.769231 1.021277 -0.142273
0.769231 1.106383 -0.190314
0.769231 1.191489 -0.238354
0.769231 1.276596 -0.286394
0.769231 1.361702 -0.334435
0.769231 1.446809 -0.382475
0.769231 1.531915 -0.430515
0.769231 1.617021 -0.478556
0.769231 1.702128 -0.526596
0.769231 1.787234 -0.574636
0.769231 1.872340 -0.622677
0.769231 1.957447 -0.670717
0.769231 2.042553 -0.718757
0.769231 2.127660 -0.766798
0.769231 2.212766 -0.814838
0.769231 2.297872 -0.862878
0.769231 2.382979 -0.910919
0.769231 2.468085 -0.958959
0.769231 2.553191 -1.006999
0.769231 2.638298 -1.055040
0.769231 2.723404 -1.103080
0.769231 2.808511 -1.151120
0.769231 2.893617 -1.199161
0.769231 2.978723 -1.247201
0.769231 3.063830 -1.295241
0.769231 3.148936 -1.343282
0.769231 3.234043 -1.391322
0.769231 3.319149 -1.439362
0.769231 3.404255 -1.487403
0.769231 3.489362 -1.535443
0.769231 3.574468 -1.583483
0.769231 3.659574 -1.631524
0.769231 3.744681 -1.679564
0.769231 3.829787 -1.727604
0.769231 3.914894 -1.775645
0.769231 4.000000 0.000000
0.846154 0.000000 0.000000
0.846154 0.085106 0.429591
0.846154 0.170213 0.381551
0.846154 0.255319 0.333511
0.846154 0.340426 0.285470
0.846154 0.425532 0.237430
0.846154 0.510638 0.189390
0.846154 0.595745 0.141349
0.846154 0.680851 0.093309
0.846154 0.765957 0.045269
0.846154 0.851064 -0.002772
0.846154 0.936170 -0.050812
0.846154 1.021277 -0.098852
0.846154 1.106383 -0.146893
0.846154 1.191489 -0.194933
0.846154 1.276596 -0.242973
0.846154 1.361702 -0.291014
0.846154 1.446809 -0.339054
0.846154 1.531915 -0.387094
0.846154 1.617021 -0.435135
0.846154 1.702128 -0.483175
0.846154 1.787234 -0.531215
0.846154 1.872340 -0.579256
0.846154 1.957447 -0.627296
0.846154 2.042553 -0.675336
0.846154 2.127660 -0.723377
0.846154 2.212766 -0.771417
0.846154 2.297872 -0.819457
0.846154 2.382979 -0.867498
0.846154 2.468085 -0.915538
0.846154 2.553191 -0.963578
0.846154 2.638298 -1.011619
0.846154 2.723404 -1.059659
0.846154 2.808511 -1.107699
0.846154 2.893617 -1.155740
0.846154 2.978723 -1.203780
0.846154 3.063830 -1.251820
0.846154 3.148936 -1.299861
0.846154 3.234043 -1.347901
0.846154 3.319149 -1.395941
0.846154 3.404255 -1.443982
0.846154 3.489362 -1.492022
0.846154 3.574468 -1.540062
0.846154 3.659574 -1.588103
0.846154 3.744681 -1.636143
0.846154 3.829787 -1.684183
0.846154 3.914894 -1.732224
0.846154 4.000000 0.000000
0.923077 0.000000 0.000000
0.923077 0.085106 0.473013
0.923077 0.170213 0.424972
0.923077 0.255319 0.376932
0.923077 0.340426 0.328892
0.923077 0.425532 0.280851
0.923077 0.510638 0.232811
0.923077 0.595745 0.184771
0.923077 0.680851 0.136730
0.923077 0.765957 0.088690
0.923077 0.851064 0.040650
0.923077 0.936170 -0.007391
0.923077 1.021277 -0.055431
0.923077 1.106383 -0.103471
0.923077 1.191489 -0.151512
0.923077 1.276596 -0.199552
0.923077 1.361702 -0.247592
0.923077 1.446809 -0.295633
0.923077 1.531915 -0.343673
0.923077 1.617021 -0.391713
0.923077 1.702128 -0.439754
0.923077 1.787234 -0.487794
0.923077 1.872340 -0.535834
0.923077 1.957447 -0.583875
0.923077 2.042553 -0.631915
0.923077 2.127660 -0.679956
0.923077 2.212766 -0.727996
0.923077 2.297872 -0.776036
0.923077 2.382979 -0.824077
0.923077 2.468085 -0.872117
0.923077 2.553191 -0.920157
0.923077 2.638298 -0.968198
0.923077 2.723404 -1.016238
0.923077 2.808511 -1.064278
0.923077 2.893617 -1.112319
0.923077 2.978723 -1.160359
0.923077 3.063830 -1.208399
0.923077 3.148936 -1.256440
0.923077 3.234043 -1.304480
0.923077 3.319149 -1.352520
0.923077 3.404255 -1.400561
0.923077 3.489362 -1.448601
0.923077 3.574468 -1.496641
0.923077 3.659574 -1.544682
0.923077 3.744681 -1.592722
0.923077 3.829787 -1.640762
0.923077 3.914894 -1.688803
0.923077 4.000000 0.000000
1.000000 0.000000 0.000000
1.000000 0.085106 0.516434
1.000000 0.170213 0.468393
1.000000 0.255319 0.420353
1.000000 0.340426 0.372313
1.000000 0.425532 0.324272
1.000000 0.510638 0.276232
1.000000 0.595745 0.228192
1.000000 0.680851 0.180151
1.000000 0.765957 0.132111
1.000000 0.851064 0.084071
1.000000 0.936170 0.036030
1.000000 1.021277 -0.012010
1.000000 1.106383 -0.060050
1.000000 1.191489 -0.108091
1.000000 1.276596 -0.156131
1.000000 1.361702 -0.204171
1.000000 1.446809 -0.252212
1.000000 1.531915 -0.300252
1.000000 1.617021 -0.348292
1.000000 1.702128 -0.396333
1.000000 1.787234 -0.444373
1.000000 1.872340 -0.492413
1.000000 1.957447 -0.540454
1.000000 2.042553 -0.588494
1.000000 2.127660 -0.636534
1.000000 2.212766 -0.684575
1.000000 2.297872 -0.732615
1.000000 2.382979 -0.780655
1.000000 2.468085 -0.828696
1.000000 2.553191 -0.876736
1.000000 2.638298 -0.924776
1.000000 2.723404 -0.972817
1.000000 2.808511 -1.020857
1.000000 2.893617 -1.068897
1.000000 2.978723 -1.116938
1.000000 3.063830 -1.164978
1.000000 3.148936 -1.213018
1.000000 3.234043 -1.261059
1.000000 3.319149 -1.309099
1.000000 3.404255 -1.357139
1.000000 3.489362 -1.405180
1.000000 3.574468 -1.453220
1.000000 3.659574 -1.501260
1.000000 3.744681 -1.549301
1.000000 3.829787 -1.597341
1.000000 3.914894 -1.645381
1.000000 4.000000 0.000000
1.076923 0.000000 0.000000
1.076923 0.085106 0.559855
1.076923 0.170213 0.511814
1.076923 0.255319 0.463774
1.076923 0.340426 0.415734
1.076923 0.425532 0.367693
1.076923 0.510638 0.319653
1.076923 0.595745 0.271613
1.076923 0.680851 0.223572
1.076923 0.765957 0.175532
1.076923 0.851064 0.127492
1.076923 0.936170 0.079451
1.076923 1.021277 0.031411
1.076923 1.106383 -0.016629
1.076923 1.191489 -0.064670
1.076923 1.276596 -0.112710
1.076923 1.361702 -0.160750
1.076923 1.446809 -0.208791
1.076923 1.531915 -0.256831
1.076923 1.617021 -0.304871
1.076923 1.702128 -0.352912
1.076923 1.787234 -0.400952
1.076923 1.872340 -0.448992
1.076923 1.957447 -0.497033
1.076923 2.042553 -0.545073
1.076923 2.127660 -0.593113
1.076923 2.212766 -0.641154
1.076923 2.297872 -0.689194
1.076923 2.382979 -0.737234
1.076923 2.468085 -0.785275
1.076923 2.553191 -0.833315
1.076923 2.638298 -0.881355
1.076923 2.723404 -0.929396
1.076923 2.808511 -0.977436
1.076923 2.893617 -1.025476
1.076923 2.978723 -1.073517
1.076923 3.063830 -1.121557
1.076923 3.148936 -1.169597
1.076923 3.234043 -1.217638
1.076923 3.319149 -1.265678
1.076923 3.404255 -1.313718
1.076923 3.489362 -1.361759
1.076923 3.574468 -1.409799
1.076923 3.659574 -1.457839
1.076923 3.744681 -1.505880
1.076923 3.829787 -1.553920
1.076923 3.914894 -1.601960
1.076923 4.000000 0.000000
1.153846 0.000000 0.000000
1.153846 0.085106 0.603276
1.153846 0.170213 0.555235
1.153846 0.255319 0.507195
1.153846 0.340426 0.459155
1.153846 0.425532 0.411114
1.153846 0.510638 0.363074
1.153846 0.595745 0.315034
1.153846 0.680851 0.266993
1.153846 0.765957 0.218953
1.153846 0.851064 0.170913
1.153846 0.936170 0.122872
1.153846 1.021277 0.074832
1.153846 1.106383 0.026792
1.153846 1.191489 -0.021249
1.153846 1.276596 -0.069289
1.153846 1.361702 -0.117329
1.153846 1.446809 -0.165370
1.153846 1.531915 -0.213410
1.153846 1.617021 -0.261450
1.153846 1.702128 -0.309491
1.153846 1.787234 -0.357531
1.153846 1.872340 -0.405571
1.153846 1.957447 -0.453612
1.153846 2.042553 -0.501652
1.153846 2.127660 -0.549692
1.153846 2.212766 -0.597733
1.153846 2.297872 -0.645773
1.153846 2.382979 -0.693813
1.153846 2.468085 -0.741854
1.153846 2.553191 -0.789894
1.153846 2.638298 -0.837934
1.153846 2.723404 -0.885975
1.153846 2.808511 -0.934015
1.153846 2.893617 -0.982055
1.153846 2.978723 -1.030096
1.153846 3.063830 -1.078136
1.153846 3.148936 -1.126176
1.153846 3.234043 -1.174217
1.153846 3.319149 -1.222257
1.153846 3.404255 -1.270297
1.153846 3.489362 -1.318338
1.153846 3.574468 -1.366378
1.153846 3.659574 -1.414418
1.153846 3.744681 -1.462459
1.153846 3.829787 -1.510499
1.153846 3.914894 -1.558539
1.153846 4.000000 0.000000
1.230769 0.000000 0.000000
1.230769 0.085106 0.646697
1.230769 0.170213 0.598656
1.230769 0.255319 0.550616
1.230769 0.340426 0.502576
1.230769 0.425532 0.454535
1.230769 0.510638 0.406495
1.230769 0.595745 0.358455
1.230769 0.680851 0.310414
1.230769 0.765957 0.262374
1.230769 0.851064 0.214334
1.230769 0.936170 0.166293
1.230769 1.021277 0.118253
1.230769 1.106383 0.070213
1.230769 1.191489 0.022172
1.230769 1.276596 -0.025868
1.230769 1.361702 -0.073908
1.230769 1.446809 -0.121949
1.230769 1.531915 -0.169989
1.230769 1.617021 -0.218029
1.230769 1.702128 -0.266070
1.230769 1.787234 -0.314110
1.230769 1.872340 -0.362150
1.230769 1.957447 -0.410191
1.230769 2.042553 -0.458231
1.230769 2.127660 -0.506271
1.230769 2.212766 -0.554312
1.230769 2.297872 -0.602352
1.230769 2.382979 -0.650392
1.230769 2.468085 -0.698433
1.230769 2.553191 -0.746473
1.230769 2.638298 -0.794513
1.230769 2.723404 -0.842554
1.230769 2.808511 -0.890594
1.230769 2.893617 -0.938634
1.230769 2.978723 -0.986675
1.230769 3.063830 -1.034715
1.230769 3.148936 -1.082755
1.230769 3.234043 -1.130796
1.230769 3.319149 -1.178836
1.230769 3.404255 -1.226876
1.230769 3.489362 -1.274917
1.230769 3.574468 -1.322957
1.230769 3.659574 -1.370997
1.230769 3.744681 -1.419038
1.230769 3.829787 -1.467078
1.230769 3.914894 -1.515118
1.230769 4.000000 0.000000
1.307692 0.000000 0.000000
1.307692 0.085106 0.690118
1.307692 0.170213 0.642078
1.307692 0.255319 0.594037
1.307692 0.340426 0.545997
1.307692 0.425532 0.497957
1.307692 0.510638 0.449916
1.307692 0.595745 0.401876
1.307692 0.680851 0.353836
1.307692 0.765957 0.305795
1.307692 0.851064 0.257755
1.307692 0.936170 0.209715
1.307692 1.021277 0.161674
1.307692 1.106383 0.113634
1.307692 1.191489 0.065594
1.307692 1.276596 0.017553
1.307692 1.361702 -0.030487
1.307692 1.446809 -0.078527
1.307692 1.531915 -0.126568
1.307692 1.617021 -0.174608
1.307692 1.702128 -0.222648
1.307692 1.787234 -0.270689
1.307692 1.872340 -0.318729
1.307692 1.957447 -0.366769
1.307692 2.042553 -0.414810
1.307692 2.127660 -0.462850
1.307692 2.212766 -0.510890
1.307692 2.297872 -0.558931
1.307692 2.382979 -0.606971
1.307692 2.468085 -0.655011
1.307692 2.553191 -0.703052
1.307692 2.638298 -0.751092
1.307692 2.723404 -0.799132
1.307692 2.808511 -0.847173
1.307692 2.893617 -0.895213
1.307692 2.978723 -0.943253
1.307692 3.063830 -0.991294
1.307692 3.148936 -1.039334
1.307692 3.234043 -1.087374
1.307692 3.319149 -1.135415
1.307692 3.404255 -1.183455
1.307692 3.489362 -1.231495
1.307692 3.574468 -1.279536
1.307692 3.659574 -1.327576
1.307692 3.744681 -1.375617
1.307692 3.829787 -1.423657
1.307692 3.914894 -1.471697
1.307692 4.000000 0.000000
1.384615 0.000000 0.000000
1.384615 0.085106 0.733539
1.384615 0.170213 0.685499
1.384615 0.255319 0.637458
1.384615 0.340426 0.589418
1.384615 0.425532 0.541378
1.384615 0.510638 0.493337
1.384615 0.595745 0.445297
1.384615 0.680851 0.397257
1.384615 0.765957 0.349216
1.384615 0.851064 0.301176
1.384615 0.936170 0.253136
1.384615 1.021277 0.205095
1.384615 1.106383 0.157055
1.384615 1.191489 0.109015
1.384615 1.276596 0.060974
1.384615 1.361702 0.012934
1.384615 1.446809 -0.035106
1.384615 1.531915 -0.083147
1.384615 1.617021 -0.131187
1.384615 1.702128 -0.179227
1.384615 1.787234 -0.227268
1.384615 1.872340 -0.275308
1.384615 1.957447 -0.323348
1.384615 2.042553 -0.371389
1.384615 2.127660 -0.419429
1.384615 2.212766 -0.467469
1.384615 2.297872 -0.515510
1.384615 2.382979 -0.563550
1.384615 2.468085 -0.611590
1.384615 2.553191 -0.659631
1.384615 2.638298 -0.707671
1.384615 2.723404 -0.755711
1.384615 2.808511 -0.803752
1.384615 2.893617 -0.851792
1.384615 2.978723 -0.899832
1.384615 3.063830 -0.947873
1.384615 3.148936 -0.995913
1.384615 3.234043 -1.043953
1.384615 3.319149 -1.091994
1.384615 3.404255 -1.140034
1.384615 3.489362 -1.188074
1.384615 3.574468 -1.236115
1.384615 3.659574 -1.284155
1.384615 3.744681 -1.332195
1.384615 3.829787 -1.380236
1.384615 3.914894 -1.428276
1.384615 4.000000 0.000000
1.461538 0.000000 0.000000
1.461538 0.085106 0.776960
1.461538 0.170213 0.728920
1.461538 0.255319 0.680879
1.461538 0.340426 0.632839
1.461538 0.425532 0.584799
1.461538 0.510638 0.536758
1.461538 0.595745 0.488718
1.461538 0.680851 0.440678
1.461538 0.765957 0.392637
1.461538 0.851064 0.344597
1.461538 0.936170 0.296557
1.461538 1.021277 0.248516
1.461538 1.106383 0.200476
1.461538 1.191489 0.152436
1.461538 1.276596 0.104395
1.461538 1.361702 0.056355
1.461538 1.446809 0.008315
1.461538 1.531915 -0.039726
1.461538 1.617021 -0.087766
1.461538 1.702128 -0.135806
1.461538 1.787234 -0.183847
1.461538 1.872340 -0.231887
1.461538 1.957447 -0.279927
1.461538 2.042553 -0.327968
1.461538 2.127660 -0.376008
1.461538 2.212766 -0.424048
1.461538 2.297872 -0.472089
1.461538 2.382979 -0.520129
1.461538 2.468085 -0.568169
1.461538 2.553191 -0.616210
1.461538 2.638298 -0.664250
1.461538 2.723404 -0.712290
1.461538 2.808511 -0.760331
1.461538 2.893617 -0.808371
1.461538 2.978723 -0.856411
1.461538 3.063830 -0.904452
1.461538 3.148936 -0.952492
1.461538 3.234043 -1.000532
1.461538 3.319149 -1.048573
1.461538 3.404255 -1.096613
1.461538 3.489362 -1.144653
1.461538 3.574468 -1.192694
1.461538 3.659574 -1.240734
1.461538 3.744681 -1.288774
1.461538 3.829787 -1.336815
1.461538 3.914894 -1.384855
1.461538 4.000000 0.000000
1.538462 0.000000 0.000000
1.538462 0.085106 0.820381
1.538462 0.170213 0.772341
1.538462 0.255319 0.724300
1.538462 0.340426 0.676260
1.538462 0.425532 0.628220
1.538462 0.510638 0.580179
1.538462 0.595745 0.532139
1.538462 0.680851 0.484099
1.538462 0.765957 0.436058
1.538462 0.851064 0.388018
1.538462 0.936170 0.339978
1.538462 1.021277 0.291937
1.538462 1.106383 0.243897
1.538462 1.191489 0.195857
1.538462 1.276596 0.147816
1.538462 1.361702 0.099776
1.538462 1.446809 0.051736
1.538462 1.531915 0.003695
1.538462 1.617021 -0.044345
1.538462 1.702128 -0.092385
1.538462 1.787234 -0.140426
1.538462 1.872340 -0.188466
1.538462 1.957447 -0.236506
1.538462 2.042553 -0.284547
1.538462 2.127660 -0.332587
1.538462 2.212766 -0.380627
1.538462 2.297872 -0.428668
1.538462 2.382979 -0.476708
1.538462 2.468085 -0.524748
1.538462 2.553191 -0.572789
1.538462 2.638298 -0.620829
1.538462 2.723404 -0.668869
1.538462 2.808511 -0.716910
1.538462 2.893617 -0.764950
1.538462 2.978723 -0.812990
1.538462 3.063830 -0.861031
1.538462 3.148936 -0.909071
1.538462 3.234043 -0.957111
1.538462 3.319149 -1.005152
1.538462 3.404255 -1.053192
1.538462 3.489362 -1.101232
1.538462 3.574468 -1.149273
1.538462 3.659574 -1.197313
1.538462 3.744681 -1.245353
1.538462 3.829787 -1.293394
1.538462 3.914894 -1.341434
1.538462 4.000000 0.000000
1.615385 0.000000 0.000000
1.615385 0.085106 0.863802
1.615385 0.170213 0.815762
1.615385 0.255319 0.767721
1.615385 0.340426 0.719681
1.615385 0.425532 0.671641
1.615385 0.510638 0.623600
1.615385 0.595745 0.575560
1.615385 0.680851 0.527520
1.615385 0.765957 0.479479
1.615385 0.851064 0.431439
1.615385 0.936170 0.383399
1.615385 1.021277 0.335358
1.615385 1.106383 0.287318
1.615385 1.191489 0.239278
1.615385 1.276596 0.191237
1.615385 1.361702 0.143197
1.615385 1.446809 0.095157
1.615385 1.531915 0.047116
1.615385 1.617021 -0.000924
1.615385 1.702128 -0.048964
1.615385 1.787234 -0.097005
1.615385 1.872340 -0.145045
1.615385 1.957447 -0.193085
1.615385 2.042553 -0.241126
1.615385 2.127660 -0.289166
1.615385 2.212766 -0.337206
1.615385 2.297872 -0.385247
1.615385 2.382979 -0.433287
1.615385 2.468085 -0.481327
1.615385 2.553191 -0.529368
1.615385 2.638298 -0.577408
1.615385 2.723404 -0.625448
1.615385 2.808511 -0.673489
1.615385 2.893617 -0.721529
1.615385 2.978723 -0.769569
1.615385 3.063830 -0.817610
1.615385 3.148936 -0.865650
1.615385 3.234043 -0.913690
1.615385 3.319149 -0.961731
1.615385 3.404255 -1.009771
1.615385 3.489362 -1.057811
1.615385 3.574468 -1.105852
1.615385 3.659574 -1.153892
1.615385 3.744681 -1.201932
1.615385 3.829787 -1.249973
1.615385 3.914894 -1.298013
1.615385 4.000000 0.000000
1.692308 0.000000 0.000000
1.692308 0.085106 0.907223
1.692308 0.170213 0.859183
1.692308 0.255319 0.811143
1.692308 0.340426 0.763102
1.692308 0.425532 0.715062
1.692308 0.510638 0.667022
1.692308 0.595745 0.618981
1.692308 0.680851 0.570941
1.692308 0.765957 0.522901
1.692308 0.851064 0.474860
1.692308 0.936170 0.426820
1.692308 1.021277 0.378780
1.692308 1.106383 0.330739
1.692308 1.191489 0.282699
1.692308 1.276596 0.234659
1.692308 1.361702 0.186618
1.692308 1.446809 0.138578
1.692308 1.531915 0.090538
1.692308 1.617021 0.042497
1.692308 1.702128 -0.005543
1.692308 1.787234 -0.053583
1.692308 1.872340 -0.101624
1.692308 1.957447 -0.149664
1.692308 2.042553 -0.197704
1.692308 2.127660 -0.245745
1.692308 2.212766 -0.293785
1.692308 2.297872 -0.341825
1.692308 2.382979 -0.389866
1.692308 2.468085 -0.437906
1.692308 2.553191 -0.485946
1.692308 2.638298 -0.533987
1.692308 2.723404 -0.582027
1.692308 2.808511 -0.630067
1.692308 2.893617 -0.678108
1.692308 2.978723 -0.726148
1.692308 3.063830 -0.774188
1.692308 3.148936 -0.822229
1.692308 3.234043 -0.870269
1.692308 3.319149 -0.918309
1.692308 3.404255 -0.966350
1.692308 3.489362 -1.014390
1.692308 3.574468 -1.062430
1.692308 3.659574 -1.110471
1.692308 3.744681 -1.158511
1.692308 3.829787 -1.206551
1.692308 3.914894 -1.254592
1.692308 4.000000 0.000000
1.769231 0.000000 0.000000
1.769231 0.085106 0.950644
1.769231 0.170213 0.902604
1.769231 0.255319 0.854564
1.769231 0.340426 0.806523
1.769231 0.425532 0.758483
1.769231 0.510638 0.710443
1.769231 0.595745 0.662402
1.769231 0.680851 0.614362
1.769231 0.765957 0.566322
1.769231 0.851064 0.518281
1.769231 0.936170 0.470241
1.769231 1.021277 0.422201
1.769231 1.106383 0.374160
1.769231 1.191489 0.326120
1.769231 1.276596 0.278080
1.769231 1.361702 0.230039
1.769231 1.446809 0.181999
1.769231 1.531915 0.133959
1.769231 1.617021 0.085918
1.769231 1.702128 0.037878
1.769231 1.787234 -0.010162
1.769231 1.872340 -0.058203
1.769231 1.957447 -0.106243
1.769231 2.042553 -0.154283
1.769231 2.127660 -0.202324
1.769231 2.212766 -0.250364
1.769231 2.297872 -0.298404
1.769231 2.382979 -0.346445
1.769231 2.468085 -0.394485
1.769231 2.553191 -0.442525
1.769231 2.638298 -0.490566
1.769231 2.723404 -0.538606
1.769231 2.808511 -0.586646
1.769231 2.893617 -0.634687
1.769231 2.978723 -0.682727
1.769231 3.063830 -0.730767
1.769231 3.148936 -0.778808
1.769231 3.234043 -0.826848
1.769231 3.319149 -0.874888
1.769231 3.404255 -0.922929
1.769231 3.489362 -0.970969
1.769231 3.574468 -1.019009
1.769231 3.659574 -1.067050
1.769231 3.744681 -1.115090
1.769231 3.829787 -1.163130
1.769231 3.914894 -1.211171
1.769231 4.000000 0.000000
1.846154 0.000000 0.000000
1.846154 0.085106 0.994065
1.846154 0.170213 0.946025
1.846154 0.255319 0.897985
1.846154 0.340426 0.849944
1.846154 0.425532 0.801904
1.846154 0.510638 0.753864
1.846154 0.595745 0.705823
1.846154 0.680851 0.657783
1.846154 0.765957 0.609743
1.846154 0.851064 0.561702
1.846154 0.936170 0.513662
1.846154 1.021277 0.465622
1.846154 1.106383 0.417581
1.846154 1.191489 0.369541
1.846154 1.276596 0.321501
1.846154 1.361702 0.273460
1.846154 1.446809 0.225420
1.846154 1.531915 0.177380
1.846154 1.617021 0.129339
1.846154 1.702128 0.081299
1.846154 1.787234 0.033259
1.846154 1.872340 -0.014782
1.846154 1.957447 -0.062822
1.846154 2.042553 -0.110862
1.846154 2.127660 -0.158903
1.846154 2.212766 -0.206943
1.846154 2.297872 -0.254983
1.846154 2.382979 -0.303024
1.846154 2.468085 -0.351064
1.846154 2.553191 -0.399104
1.846154 2.638298 -0.447145
1.846154 2.723404 -0.495185
1.846154 2.808511 -0.543225
1.846154 2.893617 -0.591266
1.846154 2.978723 -0.639306
1.846154 3.063830 -0.687346
1.846154 3.148936 -0.735387
1.846154 3.234043 -0.783427
1.846154 3.319149 -0.831467
1.846154 3.404255 -0.879508
1.846154 3.489362 -0.927548
1.846154 3.574468 -0.975588
1.846154 3.659574 -1.023629
1.846154 3.744681 -1.071669
1.846154 3.829787 -1.119709
1.846154 3.914894 -1.167750
1.846154 4.000000 0.000000
1.923077 0.000000 0.000000
1.923077 0.085106 1.037486
1.923077 0.170213 0.989446
1.923077 0.255319 0.941406
1.923077 0.340426 0.893365
1.923077 0.425532 0.845325
1.923077 0.510638 0.797285
1.923077 0.595745 0.749244
1.923077 0.680851 0.701204
1.923077 0.765957 0.653164
1.923077 0.851064 0.605123
1.923077 0.936170 0.557083
1.923077 1.021277 0.509043
1.923077 1.106383 0.461002
1.923077 1.191489 0.412962
1.923077 1.276596 0.364922
1.923077 1.361702 0.316881
1.923077 1.446809 0.268841
1.923077 1.531915 0.220801
1.923077 1.617021 0.172760
1.923077 1.702128 0.124720
1.923077 1.787234 0.076680
1.923077 1.872340 0.028639
1.923077 1.957447 -0.019401
1.923077 2.042553 -0.067441
1.923077 2.127660 -0.115482
1.923077 2.212766 -0.163522
1.923077 2.297872 -0.211562
1.923077 2.382979 -0.259603
1.923077 2.468085 -0.307643
1.923077 2.553191 -0.355683
1.923077 2.638298 -0.403724
1.923077 2.723404 -0.451764
1.923077 2.808511 -0.499804
1.923077 2.893617 -0.547845
1.923077 2.978723 -0.595885
1.923077 3.063830 -0.643925
1.923077 3.148936 -0.691966
1.923077 3.234043 -0.740006
1.923077 3.319149 -0.788046
1.923077 3.404255 -0.836087
1.923077 3.489362 -0.884127
1.923077 3.574468 -0.932167
1.923077 3.659574 -0.980208
1.923077 3.744681 -1.028248
1.923077 3.829787 -1.076288
1.923077 3.914894 -1.124329
1.923077 4.000000 0.000000
2.000000 0.000000 0.000000
2.000000 0.085106 1.080908
2.000000 0.170213 1.032867
2.000000 0.255319 0.984827
2.000000 0.340426 0.936787
2.000000 0.425532 0.888746
2.000000 0.510638 0.840706
2.000000 0.595745 0.792666
2.000000 0.680851 0.744625
2.000000 0.765957 0.696585
2.000000 0.851064 0.648545
2.000000 0.936170 0.600504
2.000000 1.021277 0.552464
2.000000 1.106383 0.504424
2.000000 1.191489 0.456383
2.000000 1.276596 0.408343
2.000000 1.361702 0.360303
2.000000 1.446809 0.312262
2.000000 1.531915 0.264222
2.000000 1.617021 0.216182
2.000000 1.702128 0.168141
2.000000 1.787234 0.120101
2.000000 1.872340 0.072061
2.000000 1.957447 0.024020
2.000000 2.042553 -0.024020
2.000000 2.127660 -0.072061
2.000000 2.212766 -0.120101
2.000000 2.297872 -0.168141
2.000000 2.382979 -0.216182
2.000000 2.468085 -0.264222
2.000000 2.553191 -0.312262
2.000000 2.638298 -0.360303
2.000000 2.723404 -0.408343
2.000000 2.808511 -0.456383
2.000000 2.893617 -0.504424
2.000000 2.978723 -0.552464
2.000000 3.063830 -0.600504
2.000000 3.148936 -0.648545
2.000000 3.234043 -0.696585
2.000000 3.319149 -0.744625
2.000000 3.404255 -0.792666
2.000000 3.489362 -0.840706
2.000000 3.574468 -0.888746
2.000000 3.659574 -0.936787
2.000000 3.744681 -0.984827
2.000000 3.829787 -1.032867
2.000000 3.914894 -1.080908
2.000000 4.000000 0.000000
2.076923 0.000000 0.000000
2.076923 0.085106 1.124329
2.076923 0.170213 1.076288
2.076923 0.255319 1.028248
2.076923 0.340426 0.980208
2.076923 0.425532 0.932167
2.076923 0.510638 0.884127
2.076923 0.595745 0.836087
2.076923 0.680851 0.788046
2.076923 0.765957 0.740006
2.076923 0.851064 0.691966
2.076923 0.936170 0.643925
2.076923 1.021277 0.595885
2.076923 1.106383 0.547845
2.076923 1.191489 0.499804
2.076923 1.276596 0.451764
2.076923 1.361702 0.403724
2.076923 1.446809 0.355683
2.076923 1.531915 0.307643
2.076923 1.617021 0.259603
2.076923 1.702128 0.211562
2.076923 1.787234 0.163522
2.076923 1.872340 0.115482
2.076923 1.957447 0.067441
2.076923 2.042553 0.019401
2.076923 2.127660 -0.028639
2.076923 2.212766 -0.076680
2.076923 2.297872 -0.124720
2.076923 2.382979 -0.172760
2.076923 2.468085 -0.220801
2.076923 2.553191 -0.268841
2.076923 2.638298 -0.316881
2.076923 2.723404 -0.364922
2.076923 2.808511 -0.412962
2.076923 2.893617 -0.461002
2.076923 2.978723 -0.509043
2.076923 3.063830 -0.557083
2.076923 3.148936 -0.605123
2.076923 3.234043 -0.653164
2.076923 3.319149 -0.701204
2.076923 3.404255 -0.749244
2.076923 3.489362 -0.797285
2.076923 3.574468 -0.845325
2.076923 3.659574 -0.893365
2.076923 3.744681 -0.941406
2.076923 3.829787 -0.989446
2.076923 3.914894 -1.037486
2.076923 4.000000 0.000000
2.153846 0.000000 0.000000
2.153846 0.085106 1.167750
2.153846 0.170213 1.119709
2.153846 0.255319 1.071669
2.153846 0.340426 1.023629
2.153846 0.425532 0.975588
2.153846 0.510638 0.927548
2.153846 0.595745 0.879508
2.153846 0.680851 0.831467
2.153846 0.765957 0.783427
2.153846 0.851064 0.735387
2.153846 0.936170 0.687346
2.153846 1.021277 0.639306
2.153846 1.106383 0.591266
2.153846 1.191489 0.543225
2.153846 1.276596 0.495185
2.153846 1.361702 0.447145
2.153846 1.446809 0.399104
2.153846 1.531915 0.351064
2.153846 1.617021 0.303024
2.153846 1.702128 0.254983
2.153846 1.787234 0.206943
2.153846 1.872340 0.158903
2.153846 1.957447 0.110862
2.153846 2.042553 0.062822
2.153846 2.127660 0.014782
2.153846 2.212766 -0.033259
2.153846 2.297872 -0.081299
2.153846 2.382979 -0.129339
2.153846 2.468085 -0.177380
2.153846 2.553191 -0.225420
2.153846 2.638298 -0.273460
2.153846 2.723404 -0.321501
2.153846 2.808511 -0.369541
2.153846 2.893617 -0.417581
2.153846 2.978723 -0.465622
2.153846 3.063830 -0.513662
2.153846 3.148936 -0.561702
2.153846 3.234043 -0.609743
2.153846 3.319149 -0.657783
2.153846 3.404255 -0.705823
2.153846 3.489362 -0.753864
2.153846 3.574468 -0.801904
2.153846 3.659574 -0.849944
2.153846 3.744681 -0.897985
2.153846 3.829787 -0.946025
2.153846 3.914894 -0.994065
2.153846 4.000000 0.000000
2.230769 0.000000 0.000000
2.230769 0.085106 1.211171
2.230769 0.170213 1.163130
2.230769 0.255319 1.115090
2.230769 0.340426 1.067050
2.230769 0.425532 1.019009
2.230769 0.510638 0.970969
2.230769 0.595745 0.922929
2.230769 0.680851 0.874888
2.230769 0.765957 0.826848
2.230769 0.851064 0.778808
2.230769 0.936170 0.730767
2.230769 1.021277 0.682727
2.230769 1.106383 0.634687
2.230769 1.191489 0.586646
2.230769 1.276596 0.538606
2.230769 1.361702 0.490566
2.230769 1.446809 0.442525
2.230769 1.531915 0.394485
2.230769 1.617021 0.346445
2.230769 1.702128 0.298404
2.230769 1.787234 0.250364
2.230769 1.872340 0.202324
2.230769 1.957447 0.154283
2.230769 2.042553 0.106243
2.230769 2.127660 0.058203
2.230769 2.212766 0.010162
2.230769 2.297872 -0.037878
2.230769 2.382979 -0.085918
2.230769 2.468085 -0.133959
2.230769 2.553191 -0.181999
2.230769 2.638298 -0.230039
2.230769 2.723404 -0.278080
2.230769 2.808511 -0.326120
2.230769 2.893617 -0.374160
2.230769 2.978723 -0.422201
2.230769 3.063830 -0.470241
2.230769 3.148936 -0.518281
2.230769 3.234043 -0.566322
2.230769 3.319149 -0.614362
2.230769 3.404255 -0.662402
2.230769 3.489362 -0.710443
2.230769 3.574468 -0.758483
2.230769 3.659574 -0.806523
2.230769 3.744681 -0.854564
2.230769 3.829787 -0.902604
2.230769 3.914894 -0.950644
2.230769 4.000000 0.000000
2.307692 0.000000 0.000000
2.307692 0.085106 1.254592
2.307692 0.170213 1.206551
2.307692 0.255319 1.158511
2.307692 0.340426 1.110471
2.307692 0.425532 1.062430
2.307692 0.510638 1.014390
2.307692 0.595745 0.966350
2.307692 0.680851 0.918309
2.307692 0.765957 0.870269
2.307692 0.851064 0.822229
2.307692 0.936170 0.774188
2.307692 1.021277 0.726148
2.307692 1.106383 0.678108
2.307692 1.191489 0.630067
2.307692 1.276596 0.582027
2.307692 1.361702 0.533987
2.307692 1.446809 0.485946
2.307692 1.531915 0.437906
2.307692 1.617021 0.389866
2.307692 1.702128 0.341825
2.307692 1.787234 0.293785
2.307692 1.872340 0.245745
2.307692 1.957447 0.197704
2.307692 2.042553 0.149664
2.307692 2.127660 0.101624
2.307692 2.212766 0.053583
2.307692 2.297872 0.005543
2.307692 2.382979 -0.042497
2.307692 2.468085 -0.090538
2.307692 2.553191 -0.138578
2.307692 2.638298 -0.186618
2.307692 2.723404 -0.234659
2.307692 2.808511 -0.282699
2.307692 2.893617 -0.330739
2.307692 2.978723 -0.378780
2.307692 3.063830 -0.426820
2.307692 3.148936 -0.474860
2.307692 3.234043 -0.522901
2.307692 3.319149 -0.570941
2.307692 3.404255 -0.618981
2.307692 3.489362 -0.667022
2.307692 3.574468 -0.715062
2.307692 3.659574 -0.763102
2.307692 3.744681 -0.811143
2.307692 3.829787 -0.859183
2.307692 3.914894 -0.907223
2.307692 4.000000 0.000000
2.384615 0.000000 0.000000
2.384615 0.085106 1.298013
2.384615 0.170213 1.249973
2.384615 0.255319 1.201932
2.384615 0.340426 1.153892
2.384615 0.425532 1.105852
2.384615 0.510638 1.057811
2.384615 0.595745 1.009771
2.384615 0.680851 0.961731
2.384615 0.765957 0.913690
2.384615 0.851064 0.865650
2.384615 0.936170 0.817610
2.384615 1.021277 0.769569
2.384615 1.106383 0.721529
2.384615 1.191489 0.673489
2.384615 1.276596 0.625448
2.384615 1.361702 0.577408
2.384615 1.446809 0.529368
2.384615 1.531915 0.481327
2.384615 1.617021 0.433287
2.384615 1.702128 0.385247
2.384615 1.787234 0.337206
2.384615 1.872340 0.289166
2.384615 1.957447 0.241126
2.384615 2.042553 0.193085
2.384615 2.127660 0.145045
2.384615 2.212766 0.097005
2.384615 2.297872 0.048964
2.384615 2.382979 0.000924
2.384615 2.468085 -0.047116
2.384615 2.553191 -0.095157
2.384615 2.638298 -0.143197
2.384615 2.723404 -0.191237
2.384615 2.808511 -0.239278
2.384615 2.893617 -0.287318
2.384615 2.978723 -0.335358
2.384615 3.063830 -0.383399
2.384615 3.148936 -0.431439
2.384615 3.234043 -0.479479
2.384615 3.319149 -0.527520
2.384615 3.404255 -0.575560
2.384615 3.489362 -0.623600
2.384615 3.574468 -0.671641
2.384615 3.659574 -0.719681
2.384615 3.744681 -0.767721
2.384615 3.829787 -0.815762
2.384615 3.914894 -0.863802
2.384615 4.000000 0.000000
2.461538 0.000000 0.000000
2.461538 0.085106 1.341434
2.461538 0.170213 1.293394
2.461538 0.255319 1.245353
2.461538 0.340426 1.197313
2.461538 0.425532 1.149273
2.461538 0.510638 1.101232
2.461538 0.595745 1.053192
2.461538 0.680851 1.005152
2.461538 0.765957 0.957111
2.461538 0.851064 0.909071
2.461538 0.936170 0.861031
2.461538 1.021277 0.812990
2.461538 1.106383 0.764950
2.461538 1.191489 0.716910
2.461538 1.276596 0.668869
2.461538 1.361702 0.620829
2.461538 1.446809 0.572789
2.461538 1.531915 0.524748
2.461538 1.617021 0.476708
2.461538 1.702128 0.428668
2.461538 1.787234 0.380627
2.461538 1.872340 0.332587
2.461538 1.957447 0.284547
2.461538 2.042553 0.236506
2.461538 2.127660 0.188466
2.461538 2.212766 0.140426
2.461538 2.297872 0.092385
2.461538 2.382979 0.044345
2.461538 2.468085 -0.003695
2.461538 2.553191 -0.051736
2.461538 2.638298 -0.099776
2.461538 2.723404 -0.147816
2.461538 2.808511 -0.195857
2.461538 2.893617 -0.243897
2.461538 2.978723 -0.291937
2.461538 3.063830 -0.339978
2.461538 3.148936 -0.388018
2.461538 3.234043 -0.436058
2.461538 3.319149 -0.484099
2.461538 3.404255 -0.532139
2.461538 3.489362 -0.580179
2.461538 3.574468 -0.628220
2.461538 3.659574 -0.676260
2.461538 3.744681 -0.724300
2.461538 3.829787 -0.772341
2.461538 3.914894 -0.820381
2.461538 4.000000 0.000000
2.538462 0.000000 0.000000
2.538462 0.085106 1.384855
2.538462 0.170213 1.336815
2.538462 0.255319 1.288774
2.538462 0.340426 1.240734
2.538462 0.425532 1.192694
2.538462 0.510638 1.144653
2.538462 0.595745 1.096613
2.538462 0.680851 1.048573
2.538462 0.765957 1.000532
2.538462 0.851064 0.952492
2.538462 0.936170 0.904452
2.538462 1.021277 0.856411
2.538462 1.106383 0.808371
2.538462 1.191489 0.760331
2.538462 1.276596 0.712290
2.538462 1.361702 0.664250
2.538462 1.446809 0.616210
2.538462 1.531915 0.568169
2.538462 1.617021 0.520129
2.538462 1.702128 0.472089
2.538462 1.787234 0.424048
2.538462 1.872340 0.376008
2.538462 1.957447 0.327968
2.538462 2.042553 0.279927
2.538462 2.127660 0.231887
2.538462 2.212766 0.183847
2.538462 2.297872 0.135806
2.538462 2.382979 0.087766
2.538462 2.468085 0.039726
2.538462 2.553191 -0.008315
2.538462 2.638298 -0.056355
2.538462 2.723404 -0.104395
2.538462 2.808511 -0.152436
2.538462 2.893617 -0.200476
2.538462 2.978723 -0.248516
2.538462 3.063830 -0.296557
2.538462 3.148936 -0.344597
2.538462 3.234043 -0.392637
2.538462 3.319149 -0.440678
2.538462 3.404255 -0.488718
2.538462 3.489362 -0.536758
2.538462 3.574468 -0.584799
2.538462 3.659574 -0.632839
2.538462 3.744681 -0.680879
2.538462 3.829787 -0.728920
2.538462 3.914894 -0.776960
2.538462 4.000000 0.000000
2.615385 0.000000 0.000000
2.615385 0.085106 1.428276
2.615385 0.170213 1.380236
2.615385 0.255319 1.332195
2.615385 0.340426 1.284155
2.615385 0.425532 1.236115
2.615385 0.510638 1.188074
2.615385 0.595745 1.140034
2.615385 0.680851 1.091994
2.615385 0.765957 1.043953
2.615385 0.851064 0.995913
2.615385 0.936170 0.947873
2.615385 1.021277 0.899832
2.615385 1.106383 0.851792
2.615385 1.191489 0.803752
2.615385 1.276596 0.755711
2.615385 1.361702 0.707671
2.615385 1.446809 0.659631
2.615385 1.531915 0.611590
2.615385 1.617021 0.563550
2.615385 1.702128 0.515510
2.615385 1.787234 0.467469
2.615385 1.872340 0.419429
2.615385 1.957447 0.371389
2.615385 2.042553 0.323348
2.615385 2.127660 0.275308
2.615385 2.212766 0.227268
2.615385 2.297872 0.179227
2.615385 2.382979 0.131187
2.615385 2.468085 0.083147
2.615385 2.553191 0.035106
2.615385 2.638298 -0.012934
2.615385 2.723404 -0.060974
2.615385 2.808511 -0.109015
2.615385 2.893617 -0.157055
2.615385 2.978723 -0.205095
2.615385 3.063830 -0.253136
2.615385 3.148936 -0.301176
2.615385 3.234043 -0.349216
2.615385 3.319149 -0.397257
2.615385 3.404255 -0.445297
2.615385 3.489362 -0.493337
2.615385 3.574468 -0.541378
2.615385 3.659574 -0.589418
2.615385 3.744681 -0.637458
2.615385 3.829787 -0.685499
2.615385 3.914894 -0.733539
2.615385 4.000000 0.000000
2.692308 0.000000 0.000000
2.692308 0.085106 1.471697
2.692308 0.170213 1.423657
2.692308 0.255319 1.375617
2.692308 0.340426 1.327576
2.692308 0.425532 1.279536
2.692308 0.510638 1.231495
2.692308 0.595745 1.183455
2.692308 0.680851 1.135415
2.692308 0.765957 1.087374
2.692308 0.851064 1.039334
2.692308 0.936170 0.991294
2.692308 1.021277 0.943253
2.692308 1.106383 0.895213
2.692308 1.191489 0.847173
2.692308 1.276596 0.799132
2.692308 1.361702 0.751092
2.692308 1.446809 0.703052
2.692308 1.531915 0.655011
2.692308 1.617021 0.606971
2.692308 1.702128 0.558931
2.692308 1.787234 0.510890
2.692308 1.872340 0.462850
2.692308 1.957447 0.414810
2.692308 2.042553 0.366769
2.692308 2.127660 0.318729
2.692308 2.212766 0.270689
2.692308 2.297872 0.222648
2.692308 2.382979 0.174608
2.692308 2.468085 0.126568
2.692308 2.553191 0.078527
2.692308 2.638298 0.030487
2.692308 2.723404 -0.017553
2.692308 2.808511 -0.065594
2.692308 2.893617 -0.113634
2.692308 2.978723 -0.161674
2.692308 3.063830 -0.209715
2.692308 3.148936 -0.257755
2.692308 3.234043 -0.305795
2.692308 3.319149 -0.353836
2.692308 3.404255 -0.401876
2.692308 3.489362 -0.449916
2.692308 3.574468 -0.497957
2.692308 3.659574 -0.545997
2.692308 3.744681 -0.594037
2.692308 3.829787 -0.642078
2.692308 3.914894 -0.690118
2.692308 4.000000 0.000000
2.769231 0.000000 0.000000
2.769231 0.085106 1.515118
2.769231 0.170213 1.467078
2.769231 0.255319 1.419038
2.769231 0.340426 1.370997
2.769231 0.425532 1.322957
2.769231 0.510638 1.274917
2.769231 0.595745 1.226876
2.769231 0.680851 1.178836
2.769231 0.765957 1.130796
2.769231 0.851064 1.082755
2.769231 0.936170 1.034715
2.769231 1.021277 0.986675
2.769231 1.106383 0.938634
2.769231 1.191489 0.890594
2.769231 1.276596 0.842554
2.769231 1.361702 0.794513
2.769231 1.446809 0.746473
2.769231 1.531915 0.698433
2.769231 1.617021 0.650392
2.769231 1.702128 0.602352
2.769231 1.787234 0.554312
2.769231 1.872340 0.506271
2.769231 1.957447 0.458231
2.769231 2.042553 0.410191
2.769231 2.127660 0.362150
2.769231 2.212766 0.314110
2.769231 2.297872 0.266070
2.769231 2.382979 0.218029
2.769231 2.468085 0.169989
2.769231 2.553191 0.121949
2.769231 2.638298 0.073908
2.769231 2.723404 0.025868
2.769231 2.808511 -0.022172
2.769231 2.893617 -0.070213
2.769231 2.978723 -0.118253
2.769231 3.063830 -0.166293
2.769231 3.148936 -0.214334
2.769231 3.234043 -0.262374
2.769231 3.319149 -0.310414
2.769231 3.404255 -0.358455
2.769231 3.489362 -0.406495
2.769231 3.574468 -0.454535
2.769231 3.659574 -0.502576
2.769231 3.744681 -0.550616
2.769231 3.829787 -0.598656
2.769231 3.914894 -0.646697
2.769231 4.000000 0.000000
2.846154 0.000000 0.000000
2.846154 0.085106 1.558539
2.846154 0.170213 1.510499
2.846154 0.255319 1.462459
2.846154 0.340426 1.414418
2.846154 0.425532 1.366378
2.846154 0.510638 1.318338
2.846154 0.595745 1.270297
2.846154 0.680851 1.222257
2.846154 0.765957 1.174217
2.846154 0.851064 1.126176
2.846154 0.936170 1.078136
2.846154 1.021277 1.030096
2.846154 1.106383 0.982055
2.846154 1.191489 0.934015
2.846154 1.276596 0.885975
2.846154 1.361702 0.837934
2.846154 1.446809 0.789894
2.846154 1.531915 0.741854
2.846154 1.617021 0.693813
2.846154 1.702128 0.645773
2.846154 1.787234 0.597733
2.846154 1.872340 0.549692
2.846154 1.957447 0.501652
2.846154 2.042553 0.453612
2.846154 2.127660 0.405571
2.846154 2.212766 0.357531
2.846154 2.297872 0.309491
2.846154 2.382979 0.261450
2.846154 2.468085 0.213410
2.846154 2.553191 0.165370
2.846154 2.638298 0.117329
2.846154 2.723404 0.069289
2.846154 2.808511 0.021249
2.846154 2.893617 -0.026792
2.846154 2.978723 -0.074832
2.846154 3.063830 -0.122872
2.846154 3.148936 -0.170913
2.846154 3.234043 -0.218953
2.846154 3.319149 -0.266993
2.846154 3.404255 -0.315034
2.846154 3.489362 -0.363074
2.846154 3.574468 -0.411114
2.846154 3.659574 -0.459155
2.846154 3.744681 -0.507195
2.846154 3.829787 -0.555235
2.846154 3.914894 -0.603276
2.846154 4.000000 0.000000
2.923077 0.000000 0.000000
2.923077 0.085106 1.601960
2.923077 0.170213 1.553920
2.923077 0.255319 1.505880
2.923077 0.340426 1.457839
2.923077 0.425532 1.409799
2.923077 0.510638 1.361759
2.923077 0.595745 1.313718
2.923077 0.680851 1.265678
2.923077 0.765957 1.217638
2.923077 0.851064 1.169597
2.923077 0.936170 1.121557
2.923077 1.021277 1.073517
2.923077 1.106383 1.025476
2.923077 1.191489 0.977436
2.923077 1.276596 0.929396
2.923077 1.361702 0.881355
2.923077 1.446809 0.833315
2.923077 1.531915 0.785275
2.923077 1.617021 0.737234
2.923077 1.702128 0.689194
2.923077 1.787234 0.641154
2.923077 1.872340 0.593113
2.923077 1.957447 0.545073
2.923077 2.042553 0.497033
2.923077 2.127660 0.448992
2.923077 2.212766 0.400952
2.923077 2.297872 0.352912
2.923077 2.382979 0.304871
2.923077 2.468085 0.256831
2.923077 2.553191 0.208791
2.923077 2.638298 0.160750
2.923077 2.723404 0.112710
2.923077 2.808511 0.064670
2.923077 2.893617 0.016629
2.923077 2.978723 -0.031411
2.923077 3.063830 -0.079451
2.923077 3.148936 -0.127492
2.923077 3.234043 -0.175532
2.923077 3.319149 -0.223572
2.923077 3.404255 -0.271613
2.923077 3.489362 -0.319653
2.923077 3.574468 -0.367693
2.923077 3.659574 -0.415734
2.923077 3.744681 -0.463774
2.923077 3.829787 -0.511814
2.923077 3.914894 -0.559855
2.923077 4.000000 0.000000
3.000000 0.000000 0.000000
3.000000 0.085106 0.000000
3.000000 0.170213 0.000000
3.000000 0.255319 0.000000
3.000000 0.340426 0.000000
3.000000 0.425532 0.000000
3.000000 0.510638 0.000000
3.000000 0.595745 0.000000
3.000000 0.680851 0.000000
3.000000 0.765957 0.000000
3.000000 0.851064 0.000000
3.000000 0.936170 0.000000
3.000000 1.021277 0.000000
3.000000 1.106383 0.000000
3.000000 1.191489 0.000000
3.000000 1.276596 0.000000
3.000000 1.361702 0.000000
3.000000 1.446809 0.000000
3.000000 1.531915 0.000000
3.000000 1.617021 0.000000
3.000000 1.702128 0.000000
3.000000 1.787234 0.000000
3.000000 1.872340 0.000000
3.000000 1.957447 0.000000
3.000000 2.042553 0.000000
3.000000 2.127660 0.000000
3.000000 2.212766 0.000000
3.000000 2.297872 0.000000
3.000000 2.382979 0.000000
3.000000 2.468085 0.000000
3.000000 2.553191 0.000000
3.000000 2.638298 0.000000
3.000000 2.723404 0.000000
3.000000 2.808511 0.000000
3.000000 2.893617 0.000000
3.000000 2.978723 0.000000
3.000000 3.063830 0.000000
3.000000 3.148936 0.000000
3.000000 3.234043 0.000000
3.000000 3.319149 0.000000
3.000000 3.404255 0.000000
3.000000 3.489362 0.000000
3.000000 3.574468 0.000000
3.000000 3.659574 0.000000
3.000000 3.744681 0.000000
3.000000 3.829787 0.000000
3.000000 3.914894 0.000000
3.000000 4.000000 0.000000
