0.000000 0.000000 0.000000
0.000000 0.085106 0.000000
0.000000 0.170213 0.000000
0.000000 0.255319 0.000000
0.000000 0.340426 0.000000
0.000000 0.425532 0.000000
0.000000 0.510638 0.000000
0.000000 0.595745 0.000000
0.000000 0.680851 0.000000
0.000000 0.765957 0.000000
0.000000 0.851064 0.000000
0.000000 0.936170 0.000000
0.000000 1.021277 0.000000
0.000000 1.106383 0.000000
0.000000 1.191489 0.000000
0.000000 1.276596 0.000000
0.000000 1.361702 0.000000
0.000000 1.446809 0.000000
0.000000 1.531915 0.000000
0.000000 1.617021 0.000000
0.000000 1.702128 0.000000
0.000000 1.787234 0.000000
0.000000 1.872340 0.000000
0.000000 1.957447 0.000000
0.000000 2.042553 0.000000
0.000000 2.127660 0.000000
0.000000 2.212766 0.000000
0.000000 2.297872 0.000000
0.000000 2.382979 0.000000
0.000000 2.468085 0.000000
0.000000 2.553191 0.000000
0.000000 2.638298 0.000000
0.000000 2.723404 0.000000
0.000000 2.808511 0.000000
0.000000 2.893617 0.000000
0.000000 2.978723 0.000000
0.000000 3.063830 0.000000
0.000000 3.148936 0.000000
0.000000 3.234043 0.000000
0.000000 3.319149 0.000000
0.000000 3.404255 0.000000
0.000000 3.489362 0.000000
0.000000 3.574468 0.000000
0.000000 3.659574 0.000000
0.000000 3.744681 0.000000
0.000000 3.829787 0.000000
0.000000 3.914894 0.000000
0.000000 4.000000 0.000000
0.076923 0.000000 0.000000
0.076923 0.085106 -0.004199
0.076923 0.170213 -0.047872
0.076923 0.255319 -0.091545
0.076923 0.340426 -0.135218
0.076923 0.425532 -0.178891
0.076923 0.510638 -0.222564
0.076923 0.595745 -0.266238
0.076923 0.680851 -0.309911
0.076923 0.765957 -0.353584
0.076923 0.851064 -0.397257
0.076923 0.936170 -0.440930
0.076923 1.021277 -0.484603
0.076923 1.106383 -0.528276
0.076923 1.191489 -0.571949
0.076923 1.276596 -0.615622
0.076923 1.361702 -0.659295
0.076923 1.446809 -0.702968
0.076923 1.531915 -0.746641
0.076923 1.617021 -0.790314
0.076923 1.702128 -0.833987
0.076923 1.787234 -0.877660
0.076923 1.872340 -0.921333
0.076923 1.957447 -0.965006
0.076923 2.042553 -1.008679
0.076923 2.127660 -1.052352
0.076923 2.212766 -1.096025
0.076923 2.297872 -1.139698
0.076923 2.382979 -1.183371
0.076923 2.468085 -1.227044
0.076923 2.553191 -1.270717
0.076923 2.638298 -1.314390
0.076923 2.723404 -1.358063
0.076923 2.808511 -1.401736
0.076923 2.893617 -1.445409
0.076923 2.978723 -1.489082
0.076923 3.063830 -1.532755
0.076923 3.148936 -1.576428
0.076923 3.234043 -1.620101
0.076923 3.319149 -1.663775
0.076923 3.404255 -1.707448
0.076923 3.489362 -1.751121
0.076923 3.574468 -1.794794
0.076923 3.659574 -1.838467
0.076923 3.744681 -1.882140
0.076923 3.829787 -1.925813
0.076923 3.914894 -1.969486
0.076923 4.000000 0.000000
0.153846 0.000000 0.000000
0.153846 0.085106 0.035274
0.153846 0.170213 -0.008399
0.153846 0.255319 -0.052072
0.153846 0.340426 -0.095745
0.153846 0.425532 -0.139418
0.153846 0.510638 -0.183091
0.153846 0.595745 -0.226764
0.153846 0.680851 -0.270437
0.153846 0.765957 -0.314110
0.153846 0.851064 -0.357783
0.153846 0.936170 -0.401456
0.153846 1.021277 -0.445129
0.153846 1.106383 -0.488802
0.153846 1.191489 -0.532475
0.153846 1.276596 -0.576148
0.153846 1.361702 -0.619821
0.153846 1.446809 -0.663494
0.153846 1.531915 -0.707167
0.153846 1.617021 -0.750840
0.153846 1.702128 -0.794513
0.153846 1.787234 -0.838186
0.153846 1.872340 -0.881859
0.153846 1.957447 -0.925532
0.153846 2.042553 -0.969205
0.153846 2.127660 -1.012878
0.153846 2.212766 -1.056551
0.153846 2.297872 -1.100224
0.153846 2.382979 -1.143897
0.153846 2.468085 -1.187571
0.153846 2.553191 -1.231244
0.153846 2.638298 -1.274917
0.153846 2.723404 -1.318590
0.153846 2.808511 -1.362263
0.153846 2.893617 -1.405936
0.153846 2.978723 -1.449609
0.153846 3.063830 -1.493282
0.153846 3.148936 -1.536955
0.153846 3.234043 -1.580628
0.153846 3.319149 -1.624301
0.153846 3.404255 -1.667974
0.153846 3.489362 -1.711647
0.153846 3.574468 -1.755320
0.153846 3.659574 -1.798993
0.153846 3.744681 -1.842666
0.153846 3.829787 -1.886339
0.153846 3.914894 -1.930012
0.153846 4.000000 0.000000
0.230769 0.000000 0.000000
0.230769 0.085106 0.074748
0.230769 0.170213 0.031075
0.230769 0.255319 -0.012598
0.230769 0.340426 -0.056271
0.230769 0.425532 -0.099944
0.230769 0.510638 -0.143617
0.230769 0.595745 -0.187290
0.230769 0.680851 -0.230963
0.230769 0.765957 -0.274636
0.230769 0.851064 -0.318309
0.230769 0.936170 -0.361982
0.230769 1.021277 -0.405655
0.230769 1.106383 -0.449328
0.230769 1.191489 -0.493001
0.230769 1.276596 -0.536674
0.230769 1.361702 -0.580347
0.230769 1.446809 -0.624020
0.230769 1.531915 -0.667693
0.230769 1.617021 -0.711366
0.230769 1.702128 -0.755040
0.230769 1.787234 -0.798713
0.230769 1.872340 -0.842386
0.230769 1.957447 -0.886059
0.230769 2.042553 -0.929732
0.230769 2.127660 -0.973405
0.230769 2.212766 -1.017078
0.230769 2.297872 -1.060751
0.230769 2.382979 -1.104424
0.230769 2.468085 -1.148097
0.230769 2.553191 -1.191770
0.230769 2.638298 -1.235443
0.230769 2.723404 -1.279116
0.230769 2.808511 -1.322789
0.230769 2.893617 -1.366462
0.230769 2.978723 -1.410135
0.230769 3.063830 -1.453808
0.230769 3.148936 -1.497481
0.230769 3.234043 -1.541154
0.230769 3.319149 -1.584827
0.230769 3.404255 -1.628500
0.230769 3.489362 -1.672173
0.230769 3.574468 -1.715846
0.230769 3.659574 -1.759519
0.230769 3.744681 -1.803192
0.230769 3.829787 -1.846865
0.230769 3.914894 -1.890538
0.230769 4.000000 0.000000
0.307692 0.000000 0.000000
0.307692 0.085106 0.114222
0.307692 0.170213 0.070549
0.307692 0.255319 0.026876
0.307692 0.340426 -0.016797
0.307692 0.425532 -0.060470
0.307692 0.510638 -0.104143
0.307692 0.595745 -0.147816
0.307692 0.680851 -0.191489
0.307692 0.765957 -0.235162
0.307692 0.851064 -0.278836
0.307692 0.936170 -0.322509
0.307692 1.021277 -0.366182
0.307692 1.106383 -0.409855
0.307692 1.191489 -0.453528
0.307692 1.276596 -0.497201
0.307692 1.361702 -0.540874
0.307692 1.446809 -0.584547
0.307692 1.531915 -0.628220
0.307692 1.617021 -0.671893
0.307692 1.702128 -0.715566
0.307692 1.787234 -0.759239
0.307692 1.872340 -0.802912
0.307692 1.957447 -0.846585
0.307692 2.042553 -0.890258
0.307692 2.127660 -0.933931
0.307692 2.212766 -0.977604
0.307692 2.297872 -1.021277
0.307692 2.382979 -1.064950
0.307692 2.468085 -1.108623
0.307692 2.553191 -1.152296
0.307692 2.638298 -1.195969
0.307692 2.723404 -1.239642
0.307692 2.808511 -1.283315
0.307692 2.893617 -1.326988
0.307692 2.978723 -1.370661
0.307692 3.063830 -1.414334
0.307692 3.148936 -1.458007
0.307692 3.234043 -1.501680
0.307692 3.319149 -1.545353
0.307692 3.404255 -1.589026
0.307692 3.489362 -1.632699
0.307692 3.574468 -1.676373
0.307692 3.659574 -1.720046
0.307692 3.744681 -1.763719
0.307692 3.829787 -1.807392
0.307692 3.914894 -1.851065
0.307692 4.000000 0.000000
0.384615 0.000000 0.000000
0.384615 0.085106 0.153695
0.384615 0.170213 0.110022
0.384615 0.255319 0.066349
0.384615 0.340426 0.022676
0.384615 0.425532 -0.020997
0.384615 0.510638 -0.064670
0.384615 0.595745 -0.108343
0.384615 0.680851 -0.152016
0.384615 0.765957 -0.195689
0.384615 0.851064 -0.239362
0.384615 0.936170 -0.283035
0.384615 1.021277 -0.326708
0.384615 1.106383 -0.370381
0.384615 1.191489 -0.414054
0.384615 1.276596 -0.457727
0.384615 1.361702 -0.501400
0.384615 1.446809 -0.545073
0.384615 1.531915 -0.588746
0.384615 1.617021 -0.632419
0.384615 1.702128 -0.676092
0.384615 1.787234 -0.719765
0.384615 1.872340 -0.763438
0.384615 1.957447 -0.807111
0.384615 2.042553 -0.850784
0.384615 2.127660 -0.894457
0.384615 2.212766 -0.938130
0.384615 2.297872 -0.981803
0.384615 2.382979 -1.025476
0.384615 2.468085 -1.069149
0.384615 2.553191 -1.112822
0.384615 2.638298 -1.156495
0.384615 2.723404 -1.200168
0.384615 2.808511 -1.243842
0.384615 2.893617 -1.287515
0.384615 2.978723 -1.331188
0.384615 3.063830 -1.374861
0.384615 3.148936 -1.418534
0.384615 3.234043 -1.462207
0.384615 3.319149 -1.505880
0.384615 3.404255 -1.549553
0.384615 3.489362 -1.593226
0.384615 3.574468 -1.636899
0.384615 3.659574 -1.680572
0.384615 3.744681 -1.724245
0.384615 3.829787 -1.767918
0.384615 3.914894 -1.811591
0.384615 4.000000 0.000000
0.461538 0.000000 0.000000
0.461538 0.085106 0.193169
0.461538 0.170213 0.149496
0.461538 0.255319 0.105823
0.461538 0.340426 0.062150
0.461538 0.425532 0.018477
0.461538 0.510638 -0.025196
0.461538 0.595745 -0.068869
0.461538 0.680851 -0.112542
0.461538 0.765957 -0.156215
0.461538 0.851064 -0.199888
0.461538 0.936170 -0.243561
0.461538 1.021277 -0.287234
0.461538 1.106383 -0.330907
0.461538 1.191489 -0.374580
0.461538 1.276596 -0.418253
0.461538 1.361702 -0.461926
0.461538 1.446809 -0.505599
0.461538 1.531915 -0.549272
0.461538 1.617021 -0.592945
0.461538 1.702128 -0.636618
0.461538 1.787234 -0.680291
0.461538 1.872340 -0.723964
0.461538 1.957447 -0.767638
0.461538 2.042553 -0.811311
0.461538 2.127660 -0.854984
0.461538 2.212766 -0.898657
0.461538 2.297872 -0.942330
0.461538 2.382979 -0.986003
0.461538 2.468085 -1.029676
0.461538 2.553191 -1.073349
0.461538 2.638298 -1.117022
0.461538 2.723404 -1.160695
0.461538 2.808511 -1.204368
0.461538 2.893617 -1.248041
0.461538 2.978723 -1.291714
0.461538 3.063830 -1.335387
0.461538 3.148936 -1.379060
0.461538 3.234043 -1.422733
0.461538 3.319149 -1.466406
0.461538 3.404255 -1.510079
0.461538 3.489362 -1.553752
0.461538 3.574468 -1.597425
0.461538 3.659574 -1.641098
0.461538 3.744681 -1.684771
0.461538 3.829787 -1.728444
0.461538 3.914894 -1.772117
0.461538 4.000000 0.000000
0.538462 0.000000 0.000000
0.538462 0.085106 0.232643
0.538462 0.170213 0.188970
0.538462 0.255319 0.145297
0.538462 0.340426 0.101624
0.538462 0.425532 0.057951
0.538462 0.510638 0.014278
0.538462 0.595745 -0.029395
0.538462 0.680851 -0.073068
0.538462 0.765957 -0.116741
0.538462 0.851064 -0.160414
0.538462 0.936170 -0.204087
0.538462 1.021277 -0.247760
0.538462 1.106383 -0.291433
0.538462 1.191489 -0.335107
0.538462 1.276596 -0.378780
0.538462 1.361702 -0.422453
0.538462 1.446809 -0.466126
0.538462 1.531915 -0.509799
0.538462 1.617021 -0.553472
0.538462 1.702128 -0.597145
0.538462 1.787234 -0.640818
0.538462 1.872340 -0.684491
0.538462 1.957447 -0.728164
0.538462 2.042553 -0.771837
0.538462 2.127660 -0.815510
0.538462 2.212766 -0.859183
0.538462 2.297872 -0.902856
0.538462 2.382979 -0.946529
0.538462 2.468085 -0.990202
0.538462 2.553191 -1.033875
0.538462 2.638298 -1.077548
0.538462 2.723404 -1.121221
0.538462 2.808511 -1.164894
0.538462 2.893617 -1.208567
0.538462 2.978723 -1.252240
0.538462 3.063830 -1.295913
0.538462 3.148936 -1.339586
0.538462 3.234043 -1.383259
0.538462 3.319149 -1.426932
0.538462 3.404255 -1.470605
0.538462 3.489362 -1.514278
0.538462 3.574468 -1.557951
0.538462 3.659574 -1.601624
0.538462 3.744681 -1.645297
0.538462 3.829787 -1.688971
0.538462 3.914894 -1.732644
0.538462 4.000000 0.000000
0.615385 0.000000 0.000000
0.615385 0.085106 0.272117
0.615385 0.170213 0.228444
0.615385 0.255319 0.184771
0.615385 0.340426 0.141097
0.615385 0.425532 0.097424
0.615385 0.510638 0.053751
0.615385 0.595745 0.010078
0.615385 0.680851 -0.033595
0.615385 0.765957 -0.077268
0.615385 0.851064 -0.120941
0.615385 0.936170 -0.164614
0.615385 1.021277 -0.208287
0.615385 1.106383 -0.251960
0.615385 1.191489 -0.295633
0.615385 1.276596 -0.339306
0.615385 1.361702 -0.382979
0.615385 1.446809 -0.426652
0.615385 1.531915 -0.470325
0.615385 1.617021 -0.513998
0.615385 1.702128 -0.557671
0.615385 1.787234 -0.601344
0.615385 1.872340 -0.645017
0.615385 1.957447 -0.688690
0.615385 2.042553 -0.732363
0.615385 2.127660 -0.776036
0.615385 2.212766 -0.819709
0.615385 2.297872 -0.863382
0.615385 2.382979 -0.907055
0.615385 2.468085 -0.950728
0.615385 2.553191 -0.994401
0.615385 2.638298 -1.038074
0.615385 2.723404 -1.081747
0.615385 2.808511 -1.125420
0.615385 2.893617 -1.169093
0.615385 2.978723 -1.212766
0.615385 3.063830 -1.256440
0.615385 3.148936 -1.300113
0.615385 3.234043 -1.343786
0.615385 3.319149 -1.387459
0.615385 3.404255 -1.431132
0.615385 3.489362 -1.474805
0.615385 3.574468 -1.518478
0.615385 3.659574 -1.562151
0.615385 3.744681 -1.605824
0.615385 3.829787 -1.649497
0.615385 3.914894 -1.693170
0.615385 4.000000 0.000000
0.692308 0.000000 0.000000
0.692308 0.085106 0.311590
0.692308 0.170213 0.267917
0.692308 0.255319 0.224244
0.692308 0.340426 0.180571
0.692308 0.425532 0.136898
0.692308 0.510638 0.093225
0.692308 0.595745 0.049552
0.692308 0.680851 0.005879
0.692308 0.765957 -0.037794
0.692308 0.851064 -0.081467
0.692308 0.936170 -0.125140
0.692308 1.021277 -0.168813
0.692308 1.106383 -0.212486
0.692308 1.191489 -0.256159
0.692308 1.276596 -0.299832
0.692308 1.361702 -0.343505
0.692308 1.446809 -0.387178
0.692308 1.531915 -0.430851
0.692308 1.617021 -0.474524
0.692308 1.702128 -0.518197
0.692308 1.787234 -0.561870
0.692308 1.872340 -0.605543
0.692308 1.957447 -0.649216
0.692308 2.042553 -0.692889
0.692308 2.127660 -0.736562
0.692308 2.212766 -0.780236
0.692308 2.297872 -0.823909
0.692308 2.382979 -0.867582
0.692308 2.468085 -0.911255
0.692308 2.553191 -0.954928
0.692308 2.638298 -0.998601
0.692308 2.723404 -1.042274
0.692308 2.808511 -1.085947
0.692308 2.893617 -1.129620
0.692308 2.978723 -1.173293
0.692308 3.063830 -1.216966
0.692308 3.148936 -1.260639
0.692308 3.234043 -1.304312
0.692308 3.319149 -1.347985
0.692308 3.404255 -1.391658
0.692308 3.489362 -1.435331
0.692308 3.574468 -1.479004
0.692308 3.659574 -1.522677
0.692308 3.744681 -1.566350
0.692308 3.829787 -1.610023
0.692308 3.914894 -1.653696
0.692308 4.000000 0.000000
0.769231 0.000000 0.000000
0.769231 0.085106 0.351064
0.769231 0.170213 0.307391
0.769231 0.255319 0.263718
0.769231 0.340426 0.220045
0.769231 0.425532 0.176372
0.769231 0.510638 0.132699
0.769231 0.595745 0.089026
0.769231 0.680851 0.045353
0.769231 0.765957 0.001680
0.769231 0.851064 -0.041993
0.769231 0.936170 -0.085666
0.769231 1.021277 -0.129339
0.769231 1.106383 -0.173012
0.769231 1.191489 -0.216685
0.769231 1.276596 -0.260358
0.769231 1.361702 -0.304031
0.769231 1.446809 -0.347705
0.769231 1.531915 -0.391378
0.769231 1.617021 -0.435051
0.769231 1.702128 -0.478724
0.769231 1.787234 -0.522397
0.769231 1.872340 -0.566070
0.769231 1.957447 -0.609743
0.769231 2.042553 -0.653416
0.769231 2.127660 -0.697089
0.769231 2.212766 -0.740762
0.769231 2.297872 -0.784435
0.769231 2.382979 -0.828108
0.769231 2.468085 -0.871781
0.769231 2.553191 -0.915454
0.769231 2.638298 -0.959127
0.769231 2.723404 -1.002800
0.769231 2.808511 -1.046473
0.769231 2.893617 -1.090146
0.769231 2.978723 -1.133819
0.769231 3.063830 -1.177492
0.769231 3.148936 -1.221165
0.769231 3.234043 -1.264838
0.769231 3.319149 -1.308511
0.769231 3.404255 -1.352184
0.769231 3.489362 -1.395857
0.769231 3.574468 -1.439530
0.769231 3.659574 -1.483203
0.769231 3.744681 -1.526876
0.769231 3.829787 -1.570549
0.769231 3.914894 -1.614222
0.769231 4.000000 0.000000
0.846154 0.000000 0.000000
0.846154 0.085106 0.390538
0.846154 0.170213 0.346865
0.846154 0.255319 0.303192
0.846154 0.340426 0.259519
0.846154 0.425532 0.215846
0.846154 0.510638 0.172173
0.846154 0.595745 0.128499
0.846154 0.680851 0.084826
0.846154 0.765957 0.041153
0.846154 0.851064 -0.002520
0.846154 0.936170 -0.046193
0.846154 1.021277 -0.089866
0.846154 1.106383 -0.133539
0.846154 1.191489 -0.177212
0.846154 1.276596 -0.220885
0.846154 1.361702 -0.264558
0.846154 1.446809 -0.308231
0.846154 1.531915 -0.351904
0.846154 1.617021 -0.395577
0.846154 1.702128 -0.439250
0.846154 1.787234 -0.482923
0.846154 1.872340 -0.526596
0.846154 1.957447 -0.570269
0.846154 2.042553 -0.613942
0.846154 2.127660 -0.657615
0.846154 2.212766 -0.701288
0.846154 2.297872 -0.744961
0.846154 2.382979 -0.788634
0.846154 2.468085 -0.832307
0.846154 2.553191 -0.875980
0.846154 2.638298 -0.919653
0.846154 2.723404 -0.963326
0.846154 2.808511 -1.006999
0.846154 2.893617 -1.050672
0.846154 2.978723 -1.094345
0.846154 3.063830 -1.138018
0.846154 3.148936 -1.181691
0.846154 3.234043 -1.225364
0.846154 3.319149 -1.269038
0.846154 3.404255 -1.312711
0.846154 3.489362 -1.356384
0.846154 3.574468 -1.400057
0.846154 3.659574 -1.443730
0.846154 3.744681 -1.487403
0.846154 3.829787 -1.531076
0.846154 3.914894 -1.574749
0.846154 4.000000 0.000000
0.923077 0.000000 0.000000
0.923077 0.085106 0.430011
0.923077 0.170213 0.386338
0.923077 0.255319 0.342665
0.923077 0.340426 0.298992
0.923077 0.425532 0.255319
0.923077 0.510638 0.211646
0.923077 0.595745 0.167973
0.923077 0.680851 0.124300
0.923077 0.765957 0.080627
0.923077 0.851064 0.036954
0.923077 0.936170 -0.006719
0.923077 1.021277 -0.050392
0.923077 1.106383 -0.094065
0.923077 1.191489 -0.137738
0.923077 1.276596 -0.181411
0.923077 1.361702 -0.225084
0.923077 1.446809 -0.268757
0.923077 1.531915 -0.312430
0.923077 1.617021 -0.356103
0.923077 1.702128 -0.399776
0.923077 1.787234 -0.443449
0.923077 1.872340 -0.487122
0.923077 1.957447 -0.530795
0.923077 2.042553 -0.574468
0.923077 2.127660 -0.618141
0.923077 2.212766 -0.661814
0.923077 2.297872 -0.705487
0.923077 2.382979 -0.749160
0.923077 2.468085 -0.792833
0.923077 2.553191 -0.836507
0.923077 2.638298 -0.880180
0.923077 2.723404 -0.923853
0.923077 2.808511 -0.967526
0.923077 2.893617 -1.011199
0.923077 2.978723 -1.054872
0.923077 3.063830 -1.098545
0.923077 3.148936 -1.142218
0.923077 3.234043 -1.185891
0.923077 3.319149 -1.229564
0.923077 3.404255 -1.273237
0.923077 3.489362 -1.316910
0.923077 3.574468 -1.360583
0.923077 3.659574 -1.404256
0.923077 3.744681 -1.447929
0.923077 3.829787 -1.491602
0.923077 3.914894 -1.535275
0.923077 4.000000 0.000000
1.000000 0.000000 0.000000
1.000000 0.085106 0.469485
1.000000 0.170213 0.425812
1.000000 0.255319 0.382139
1.000000 0.340426 0.338466
1.000000 0.425532 0.294793
1.000000 0.510638 0.251120
1.000000 0.595745 0.207447
1.000000 0.680851 0.163774
1.000000 0.765957 0.120101
1.000000 0.851064 0.076428
1.000000 0.936170 0.032755
1.000000 1.021277 -0.010918
1.000000 1.106383 -0.054591
1.000000 1.191489 -0.098264
1.000000 1.276596 -0.141937
1.000000 1.361702 -0.185610
1.000000 1.446809 -0.229283
1.000000 1.531915 -0.272956
1.000000 1.617021 -0.316629
1.000000 1.702128 -0.360303
1.000000 1.787234 -0.403976
1.000000 1.872340 -0.447649
1.000000 1.957447 -0.491322
1.000000 2.042553 -0.534995
1.000000 2.127660 -0.578668
1.000000 2.212766 -0.622341
1.000000 2.297872 -0.666014
1.000000 2.382979 -0.709687
1.000000 2.468085 -0.753360
1.000000 2.553191 -0.797033
1.000000 2.638298 -0.840706
1.000000 2.723404 -0.884379
1.000000 2.808511 -0.928052
1.000000 2.893617 -0.971725
1.000000 2.978723 -1.015398
1.000000 3.063830 -1.059071
1.000000 3.148936 -1.102744
1.000000 3.234043 -1.146417
1.000000 3.319149 -1.190090
1.000000 3.404255 -1.233763
1.000000 3.489362 -1.277436
1.000000 3.574468 -1.321109
1.000000 3.659574 -1.364782
1.000000 3.744681 -1.408455
1.000000 3.829787 -1.452128
1.000000 3.914894 -1.495801
1.000000 4.000000 0.000000
1.076923 0.000000 0.000000
1.076923 0.085106 0.508959
1.076923 0.170213 0.465286
1.076923 0.255319 0.421613
1.076923 0.340426 0.377940
1.076923 0.425532 0.334267
1.076923 0.510638 0.290594
1.076923 0.595745 0.246921
1.076923 0.680851 0.203248
1.076923 0.765957 0.159575
1.076923 0.851064 0.115902
1.076923 0.936170 0.072228
1.076923 1.021277 0.028555
1.076923 1.106383 -0.015118
1.076923 1.191489 -0.058791
1.076923 1.276596 -0.102464
1.076923 1.361702 -0.146137
1.076923 1.446809 -0.189810
1.076923 1.531915 -0.233483
1.076923 1.617021 -0.277156
1.076923 1.702128 -0.320829
1.076923 1.787234 -0.364502
1.076923 1.872340 -0.408175
1.076923 1.957447 -0.451848
1.076923 2.042553 -0.495521
1.076923 2.127660 -0.539194
1.076923 2.212766 -0.582867
1.076923 2.297872 -0.626540
1.076923 2.382979 -0.670213
1.076923 2.468085 -0.713886
1.076923 2.553191 -0.757559
1.076923 2.638298 -0.801232
1.076923 2.723404 -0.844905
1.076923 2.808511 -0.888578
1.076923 2.893617 -0.932251
1.076923 2.978723 -0.975924
1.076923 3.063830 -1.019597
1.076923 3.148936 -1.063270
1.076923 3.234043 -1.106943
1.076923 3.319149 -1.150616
1.076923 3.404255 -1.194289
1.076923 3.489362 -1.237962
1.076923 3.574468 -1.281635
1.076923 3.659574 -1.325309
1.076923 3.744681 -1.368982
1.076923 3.829787 -1.412655
1.076923 3.914894 -1.456328
1.076923 4.000000 0.000000
1.153846 0.000000 0.000000
1.153846 0.085106 0.548432
1.153846 0.170213 0.504759
1.153846 0.255319 0.461086
1.153846 0.340426 0.417413
1.153846 0.425532 0.373740
1.153846 0.510638 0.330067
1.153846 0.595745 0.286394
1.153846 0.680851 0.242721
1.153846 0.765957 0.199048
1.153846 0.851064 0.155375
1.153846 0.936170 0.111702
1.153846 1.021277 0.068029
1.153846 1.106383 0.024356
1.153846 1.191489 -0.019317
1.153846 1.276596 -0.062990
1.153846 1.361702 -0.106663
1.153846 1.446809 -0.150336
1.153846 1.531915 -0.194009
1.153846 1.617021 -0.237682
1.153846 1.702128 -0.281355
1.153846 1.787234 -0.325028
1.153846 1.872340 -0.368701
1.153846 1.957447 -0.412374
1.153846 2.042553 -0.456047
1.153846 2.127660 -0.499720
1.153846 2.212766 -0.543393
1.153846 2.297872 -0.587066
1.153846 2.382979 -0.630739
1.153846 2.468085 -0.674412
1.153846 2.553191 -0.718085
1.153846 2.638298 -0.761758
1.153846 2.723404 -0.805431
1.153846 2.808511 -0.849105
1.153846 2.893617 -0.892778
1.153846 2.978723 -0.936451
1.153846 3.063830 -0.980124
1.153846 3.148936 -1.023797
1.153846 3.234043 -1.067470
1.153846 3.319149 -1.111143
1.153846 3.404255 -1.154816
1.153846 3.489362 -1.198489
1.153846 3.574468 -1.242162
1.153846 3.659574 -1.285835
1.153846 3.744681 -1.329508
1.153846 3.829787 -1.373181
1.153846 3.914894 -1.416854
1.153846 4.000000 0.000000
1.230769 0.000000 0.000000
1.230769 0.085106 0.587906
1.230769 0.170213 0.544233
1.230769 0.255319 0.500560
1.230769 0.340426 0.456887
1.230769 0.425532 0.413214
1.230769 0.510638 0.369541
1.230769 0.595745 0.325868
1.230769 0.680851 0.282195
1.230769 0.765957 0.238522
1.230769 0.851064 0.194849
1.230769 0.936170 0.151176
1.230769 1.021277 0.107503
1.230769 1.106383 0.063830
1.230769 1.191489 0.020157
1.230769 1.276596 -0.023516
1.230769 1.361702 -0.067189
1.230769 1.446809 -0.110862
1.230769 1.531915 -0.154535
1.230769 1.617021 -0.198208
1.230769 1.702128 -0.241881
1.230769 1.787234 -0.285554
1.230769 1.872340 -0.329227
1.230769 1.957447 -0.372900
1.230769 2.042553 -0.416574
1.230769 2.127660 -0.460247
1.230769 2.212766 -0.503920
1.230769 2.297872 -0.547593
1.230769 2.382979 -0.591266
1.230769 2.468085 -0.634939
1.230769 2.553191 -0.678612
1.230769 2.638298 -0.722285
1.230769 2.723404 -0.765958
1.230769 2.808511 -0.809631
1.230769 2.893617 -0.853304
1.230769 2.978723 -0.896977
1.230769 3.063830 -0.940650
1.230769 3.148936 -0.984323
1.230769 3.234043 -1.027996
1.230769 3.319149 -1.071669
1.230769 3.404255 -1.115342
1.230769 3.489362 -1.159015
1.230769 3.574468 -1.202688
1.230769 3.659574 -1.246361
1.230769 3.744681 -1.290034
1.230769 3.829787 -1.333707
1.230769 3.914894 -1.377380
1.230769 4.000000 0.000000
1.307692 0.000000 0.000000
1.307692 0.085106 0.627380
1.307692 0.170213 0.583707
1.307692 0.255319 0.540034
1.307692 0.340426 0.496361
1.307692 0.425532 0.452688
1.307692 0.510638 0.409015
1.307692 0.595745 0.365342
1.307692 0.680851 0.321669
1.307692 0.765957 0.277996
1.307692 0.851064 0.234323
1.307692 0.936170 0.190650
1.307692 1.021277 0.146977
1.307692 1.106383 0.103304
1.307692 1.191489 0.059630
1.307692 1.276596 0.015957
1.307692 1.361702 -0.027716
1.307692 1.446809 -0.071389
1.307692 1.531915 -0.115062
1.307692 1.617021 -0.158735
1.307692 1.702128 -0.202408
1.307692 1.787234 -0.246081
1.307692 1.872340 -0.289754
1.307692 1.957447 -0.333427
1.307692 2.042553 -0.377100
1.307692 2.127660 -0.420773
1.307692 2.212766 -0.464446
1.307692 2.297872 -0.508119
1.307692 2.382979 -0.551792
1.307692 2.468085 -0.595465
1.307692 2.553191 -0.639138
1.307692 2.638298 -0.682811
1.307692 2.723404 -0.726484
1.307692 2.808511 -0.770157
1.307692 2.893617 -0.813830
1.307692 2.978723 -0.857503
1.307692 3.063830 -0.901176
1.307692 3.148936 -0.944849
1.307692 3.234043 -0.988522
1.307692 3.319149 -1.032195
1.307692 3.404255 -1.075868
1.307692 3.489362 -1.119541
1.307692 3.574468 -1.163214
1.307692 3.659574 -1.206887
1.307692 3.744681 -1.250560
1.307692 3.829787 -1.294233
1.307692 3.914894 -1.337907
1.307692 4.000000 0.000000
1.384615 0.000000 0.000000
1.384615 0.085106 0.666854
1.384615 0.170213 0.623181
1.384615 0.255319 0.579508
1.384615 0.340426 0.535834
1.384615 0.425532 0.492161
1.384615 0.510638 0.448488
1.384615 0.595745 0.404815
1.384615 0.680851 0.361142
1.384615 0.765957 0.317469
1.384615 0.851064 0.273796
1.384615 0.936170 0.230123
1.384615 1.021277 0.186450
1.384615 1.106383 0.142777
1.384615 1.191489 0.099104
1.384615 1.276596 0.055431
1.384615 1.361702 0.011758
1.384615 1.446809 -0.031915
1.384615 1.531915 -0.075588
1.384615 1.617021 -0.119261
1.384615 1.702128 -0.162934
1.384615 1.787234 -0.206607
1.384615 1.872340 -0.250280
1.384615 1.957447 -0.293953
1.384615 2.042553 -0.337626
1.384615 2.127660 -0.381299
1.384615 2.212766 -0.424972
1.384615 2.297872 -0.468645
1.384615 2.382979 -0.512318
1.384615 2.468085 -0.555991
1.384615 2.553191 -0.599664
1.384615 2.638298 -0.643337
1.384615 2.723404 -0.687010
1.384615 2.808511 -0.730683
1.384615 2.893617 -0.774356
1.384615 2.978723 -0.818029
1.384615 3.063830 -0.861703
1.384615 3.148936 -0.905376
1.384615 3.234043 -0.949049
1.384615 3.319149 -0.992722
1.384615 3.404255 -1.036395
1.384615 3.489362 -1.080068
1.384615 3.574468 -1.123741
1.384615 3.659574 -1.167414
1.384615 3.744681 -1.211087
1.384615 3.829787 -1.254760
1.384615 3.914894 -1.298433
1.384615 4.000000 0.000000
1.461538 0.000000 0.000000
1.461538 0.085106 0.706327
1.461538 0.170213 0.662654
1.461538 0.255319 0.618981
1.461538 0.340426 0.575308
1.461538 0.425532 0.531635
1.461538 0.510638 0.487962
1.461538 0.595745 0.444289
1.461538 0.680851 0.400616
1.461538 0.765957 0.356943
1.461538 0.851064 0.313270
1.461538 0.936170 0.269597
1.461538 1.021277 0.225924
1.461538 1.106383 0.182251
1.461538 1.191489 0.138578
1.461538 1.276596 0.094905
1.461538 1.361702 0.051232
1.461538 1.446809 0.007559
1.461538 1.531915 -0.036114
1.461538 1.617021 -0.079787
1.461538 1.702128 -0.123460
1.461538 1.787234 -0.167133
1.461538 1.872340 -0.210806
1.461538 1.957447 -0.254479
1.461538 2.042553 -0.298152
1.461538 2.127660 -0.341825
1.461538 2.212766 -0.385498
1.461538 2.297872 -0.429172
1.461538 2.382979 -0.472845
1.461538 2.468085 -0.516518
1.461538 2.553191 -0.560191
1.461538 2.638298 -0.603864
1.461538 2.723404 -0.647537
1.461538 2.808511 -0.691210
1.461538 2.893617 -0.734883
1.461538 2.978723 -0.778556
1.461538 3.063830 -0.822229
1.461538 3.148936 -0.865902
1.461538 3.234043 -0.909575
1.461538 3.319149 -0.953248
1.461538 3.404255 -0.996921
1.461538 3.489362 -1.040594
1.461538 3.574468 -1.084267
1.461538 3.659574 -1.127940
1.461538 3.744681 -1.171613
1.461538 3.829787 -1.215286
1.461538 3.914894 -1.258959
1.461538 4.000000 0.000000
1.538462 0.000000 0.000000
1.538462 0.085106 0.745801
1.538462 0.170213 0.702128
1.538462 0.255319 0.658455
1.538462 0.340426 0.614782
1.538462 0.425532 0.571109
1.538462 0.510638 0.527436
1.538462 0.595745 0.483763
1.538462 0.680851 0.440090
1.538462 0.765957 0.396417
1.538462 0.851064 0.352744
1.538462 0.936170 0.309071
1.538462 1.021277 0.265398
1.538462 1.106383 0.221725
1.538462 1.191489 0.178052
1.538462 1.276596 0.134379
1.538462 1.361702 0.090706
1.538462 1.446809 0.047032
1.538462 1.531915 0.003359
1.538462 1.617021 -0.040314
1.538462 1.702128 -0.083987
1.538462 1.787234 -0.127660
1.538462 1.872340 -0.171333
1.538462 1.957447 -0.215006
1.538462 2.042553 -0.258679
1.538462 2.127660 -0.302352
1.538462 2.212766 -0.346025
1.538462 2.297872 -0.389698
1.538462 2.382979 -0.433371
1.538462 2.468085 -0.477044
1.538462 2.553191 -0.520717
1.538462 2.638298 -0.564390
1.538462 2.723404 -0.608063
1.538462 2.808511 -0.651736
1.538462 2.893617 -0.695409
1.538462 2.978723 -0.739082
1.538462 3.063830 -0.782755
1.538462 3.148936 -0.826428
1.538462 3.234043 -0.870101
1.538462 3.319149 -0.913774
1.538462 3.404255 -0.957447
1.538462 3.489362 -1.001120
1.538462 3.574468 -1.044793
1.538462 3.659574 -1.088466
1.538462 3.744681 -1.132139
1.538462 3.829787 -1.175812
1.538462 3.914894 -1.219485
1.538462 4.000000 0.000000
1.615385 0.000000 0.000000
1.615385 0.085106 0.785275
1.615385 0.170213 0.741602
1.615385 0.255319 0.697929
1.615385 0.340426 0.654256
1.615385 0.425532 0.610583
1.615385 0.510638 0.566910
1.615385 0.595745 0.523237
1.615385 0.680851 0.479563
1.615385 0.765957 0.435890
1.615385 0.851064 0.392217
1.615385 0.936170 0.348544
1.615385 1.021277 0.304871
1.615385 1.106383 0.261198
1.615385 1.191489 0.217525
1.615385 1.276596 0.173852
1.615385 1.361702 0.130179
1.615385 1.446809 0.086506
1.615385 1.531915 0.042833
1.615385 1.617021 -0.000840
1.615385 1.702128 -0.044513
1.615385 1.787234 -0.088186
1.615385 1.872340 -0.131859
1.615385 1.957447 -0.175532
1.615385 2.042553 -0.219205
1.615385 2.127660 -0.262878
1.615385 2.212766 -0.306551
1.615385 2.297872 -0.350224
1.615385 2.382979 -0.393897
1.615385 2.468085 -0.437570
1.615385 2.553191 -0.481243
1.615385 2.638298 -0.524916
1.615385 2.723404 -0.568589
1.615385 2.808511 -0.612262
1.615385 2.893617 -0.655935
1.615385 2.978723 -0.699608
1.615385 3.063830 -0.743281
1.615385 3.148936 -0.786954
1.615385 3.234043 -0.830627
1.615385 3.319149 -0.874300
1.615385 3.404255 -0.917974
1.615385 3.489362 -0.961647
1.615385 3.574468 -1.005320
1.615385 3.659574 -1.048993
1.615385 3.744681 -1.092666
1.615385 3.829787 -1.136339
1.615385 3.914894 -1.180012
1.615385 4.000000 0.000000
1.692308 0.000000 0.000000
1.692308 0.085106 0.824748
1.692308 0.170213 0.781075
1.692308 0.255319 0.737402
1.692308 0.340426 0.693729
1.692308 0.425532 0.650056
1.692308 0.510638 0.606383
1.692308 0.595745 0.562710
1.692308 0.680851 0.519037
1.692308 0.765957 0.475364
1.692308 0.851064 0.431691
1.692308 0.936170 0.388018
1.692308 1.021277 0.344345
1.692308 1.106383 0.300672
1.692308 1.191489 0.256999
1.692308 1.276596 0.213326
1.692308 1.361702 0.169653
1.692308 1.446809 0.125980
1.692308 1.531915 0.082307
1.692308 1.617021 0.038634
1.692308 1.702128 -0.005039
1.692308 1.787234 -0.048712
1.692308 1.872340 -0.092385
1.692308 1.957447 -0.136058
1.692308 2.042553 -0.179731
1.692308 2.127660 -0.223404
1.692308 2.212766 -0.267077
1.692308 2.297872 -0.310750
1.692308 2.382979 -0.354423
1.692308 2.468085 -0.398096
1.692308 2.553191 -0.441770
1.692308 2.638298 -0.485443
1.692308 2.723404 -0.529116
1.692308 2.808511 -0.572789
1.692308 2.893617 -0.616462
1.692308 2.978723 -0.660135
1.692308 3.063830 -0.703808
1.692308 3.148936 -0.747481
1.692308 3.234043 -0.791154
1.692308 3.319149 -0.834827
1.692308 3.404255 -0.878500
1.692308 3.489362 -0.922173
1.692308 3.574468 -0.965846
1.692308 3.659574 -1.009519
1.692308 3.744681 -1.053192
1.692308 3.829787 -1.096865
1.692308 3.914894 -1.140538
1.692308 4.000000 0.000000
1.769231 0.000000 0.000000
1.769231 0.085106 0.864222
1.769231 0.170213 0.820549
1.769231 0.255319 0.776876
1.769231 0.340426 0.733203
1.769231 0.425532 0.689530
1.769231 0.510638 0.645857
1.769231 0.595745 0.602184
1.769231 0.680851 0.558511
1.769231 0.765957 0.514838
1.769231 0.851064 0.471165
1.769231 0.936170 0.427492
1.769231 1.021277 0.383819
1.769231 1.106383 0.340146
1.769231 1.191489 0.296473
1.769231 1.276596 0.252800
1.769231 1.361702 0.209127
1.769231 1.446809 0.165454
1.769231 1.531915 0.121781
1.769231 1.617021 0.078108
1.769231 1.702128 0.034435
1.769231 1.787234 -0.009239
1.769231 1.872340 -0.052912
1.769231 1.957447 -0.096585
1.769231 2.042553 -0.140258
1.769231 2.127660 -0.183931
1.769231 2.212766 -0.227604
1.769231 2.297872 -0.271277
1.769231 2.382979 -0.314950
1.769231 2.468085 -0.358623
1.769231 2.553191 -0.402296
1.769231 2.638298 -0.445969
1.769231 2.723404 -0.489642
1.769231 2.808511 -0.533315
1.769231 2.893617 -0.576988
1.769231 2.978723 -0.620661
1.769231 3.063830 -0.664334
1.769231 3.148936 -0.708007
1.769231 3.234043 -0.751680
1.769231 3.319149 -0.795353
1.769231 3.404255 -0.839026
1.769231 3.489362 -0.882699
1.769231 3.574468 -0.926372
1.769231 3.659574 -0.970045
1.769231 3.744681 -1.013718
1.769231 3.829787 -1.057391
1.769231 3.914894 -1.101064
1.769231 4.000000 0.000000
1.846154 0.000000 0.000000
1.846154 0.085106 0.903696
1.846154 0.170213 0.860023
1.846154 0.255319 0.816350
1.846154 0.340426 0.772677
1.846154 0.425532 0.729004
1.846154 0.510638 0.685331
1.846154 0.595745 0.641658
1.846154 0.680851 0.597985
1.846154 0.765957 0.554312
1.846154 0.851064 0.510639
1.846154 0.936170 0.466965
1.846154 1.021277 0.423292
1.846154 1.106383 0.379619
1.846154 1.191489 0.335946
1.846154 1.276596 0.292273
1.846154 1.361702 0.248600
1.846154 1.446809 0.204927
1.846154 1.531915 0.161254
1.846154 1.617021 0.117581
1.846154 1.702128 0.073908
1.846154 1.787234 0.030235
1.846154 1.872340 -0.013438
1.846154 1.957447 -0.057111
1.846154 2.042553 -0.100784
1.846154 2.127660 -0.144457
1.846154 2.212766 -0.188130
1.846154 2.297872 -0.231803
1.846154 2.382979 -0.275476
1.846154 2.468085 -0.319149
1.846154 2.553191 -0.362822
1.846154 2.638298 -0.406495
1.846154 2.723404 -0.450168
1.846154 2.808511 -0.493841
1.846154 2.893617 -0.537514
1.846154 2.978723 -0.581187
1.846154 3.063830 -0.624860
1.846154 3.148936 -0.668533
1.846154 3.234043 -0.712206
1.846154 3.319149 -0.755879
1.846154 3.404255 -0.799552
1.846154 3.489362 -0.843225
1.846154 3.574468 -0.886898
1.846154 3.659574 -0.930572
1.846154 3.744681 -0.974245
1.846154 3.829787 -1.017918
1.846154 3.914894 -1.061591
1.846154 4.000000 0.000000
1.923077 0.000000 0.000000
1.923077 0.085106 0.943170
1.923077 0.170213 0.899496
1.923077 0.255319 0.855823
1.923077 0.340426 0.812150
1.923077 0.425532 0.768477
1.923077 0.510638 0.724804
1.923077 0.595745 0.681131
1.923077 0.680851 0.637458
1.923077 0.765957 0.593785
1.923077 0.851064 0.550112
1.923077 0.936170 0.506439
1.923077 1.021277 0.462766
1.923077 1.106383 0.419093
1.923077 1.191489 0.375420
1.923077 1.276596 0.331747
1.923077 1.361702 0.288074
1.923077 1.446809 0.244401
1.923077 1.531915 0.200728
1.923077 1.617021 0.157055
1.923077 1.702128 0.113382
1.923077 1.787234 0.069709
1.923077 1.872340 0.026036
1.923077 1.957447 -0.017637
1.923077 2.042553 -0.061310
1.923077 2.127660 -0.104983
1.923077 2.212766 -0.148656
1.923077 2.297872 -0.192329
1.923077 2.382979 -0.236002
1.923077 2.468085 -0.279675
1.923077 2.553191 -0.323348
1.923077 2.638298 -0.367021
1.923077 2.723404 -0.410694
1.923077 2.808511 -0.454367
1.923077 2.893617 -0.498041
1.923077 2.978723 -0.541714
1.923077 3.063830 -0.585387
1.923077 3.148936 -0.629060
1.923077 3.234043 -0.672733
1.923077 3.319149 -0.716406
1.923077 3.404255 -0.760079
1.923077 3.489362 -0.803752
1.923077 3.574468 -0.847425
1.923077 3.659574 -0.891098
1.923077 3.744681 -0.934771
1.923077 3.829787 -0.978444
1.923077 3.914894 -1.022117
1.923077 4.000000 0.000000
2.000000 0.000000 0.000000
2.000000 0.085106 0.982643
2.000000 0.170213 0.938970
2.000000 0.255319 0.895297
2.000000 0.340426 0.851624
2.000000 0.425532 0.807951
2.000000 0.510638 0.764278
2.000000 0.595745 0.720605
2.000000 0.680851 0.676932
2.000000 0.765957 0.633259
2.000000 0.851064 0.589586
2.000000 0.936170 0.545913
2.000000 1.021277 0.502240
2.000000 1.106383 0.458567
2.000000 1.191489 0.414894
2.000000 1.276596 0.371221
2.000000 1.361702 0.327548
2.000000 1.446809 0.283875
2.000000 1.531915 0.240202
2.000000 1.617021 0.196529
2.000000 1.702128 0.152856
2.000000 1.787234 0.109183
2.000000 1.872340 0.065510
2.000000 1.957447 0.021837
2.000000 2.042553 -0.021837
2.000000 2.127660 -0.065510
2.000000 2.212766 -0.109183
2.000000 2.297872 -0.152856
2.000000 2.382979 -0.196529
2.000000 2.468085 -0.240202
2.000000 2.553191 -0.283875
2.000000 2.638298 -0.327548
2.000000 2.723404 -0.371221
2.000000 2.808511 -0.414894
2.000000 2.893617 -0.458567
2.000000 2.978723 -0.502240
2.000000 3.063830 -0.545913
2.000000 3.148936 -0.589586
2.000000 3.234043 -0.633259
2.000000 3.319149 -0.676932
2.000000 3.404255 -0.720605
2.000000 3.489362 -0.764278
2.000000 3.574468 -0.807951
2.000000 3.659574 -0.851624
2.000000 3.744681 -0.895297
2.000000 3.829787 -0.938970
2.000000 3.914894 -0.982643
2.000000 4.000000 0.000000
2.076923 0.000000 0.000000
2.076923 0.085106 1.022117
2.076923 0.170213 0.978444
2.076923 0.255319 0.934771
2.076923 0.340426 0.891098
2.076923 0.425532 0.847425
2.076923 0.510638 0.803752
2.076923 0.595745 0.760079
2.076923 0.680851 0.716406
2.076923 0.765957 0.672733
2.076923 0.851064 0.629060
2.076923 0.936170 0.585387
2.076923 1.021277 0.541714
2.076923 1.106383 0.498041
2.076923 1.191489 0.454367
2.076923 1.276596 0.410694
2.076923 1.361702 0.367021
2.076923 1.446809 0.323348
2.076923 1.531915 0.279675
2.076923 1.617021 0.236002
2.076923 1.702128 0.192329
2.076923 1.787234 0.148656
2.076923 1.872340 0.104983
2.076923 1.957447 0.061310
2.076923 2.042553 0.017637
2.076923 2.127660 -0.026036
2.076923 2.212766 -0.069709
2.076923 2.297872 -0.113382
2.076923 2.382979 -0.157055
2.076923 2.468085 -0.200728
2.076923 2.553191 -0.244401
2.076923 2.638298 -0.288074
2.076923 2.723404 -0.331747
2.076923 2.808511 -0.375420
2.076923 2.893617 -0.419093
2.076923 2.978723 -0.462766
2.076923 3.063830 -0.506439
2.076923 3.148936 -0.550112
2.076923 3.234043 -0.593785
2.076923 3.319149 -0.637458
2.076923 3.404255 -0.681131
2.076923 3.489362 -0.724804
2.076923 3.574468 -0.768477
2.076923 3.659574 -0.812150
2.076923 3.744681 -0.855823
2.076923 3.829787 -0.899496
2.076923 3.914894 -0.943170
2.076923 4.000000 0.000000
2.153846 0.000000 0.000000
2.153846 0.085106 1.061591
2.153846 0.170213 1.017918
2.153846 0.255319 0.974245
2.153846 0.340426 0.930572
2.153846 0.425532 0.886898
2.153846 0.510638 0.843225
2.153846 0.595745 0.799552
2.153846 0.680851 0.755879
2.153846 0.765957 0.712206
2.153846 0.851064 0.668533
2.153846 0.936170 0.624860
2.153846 1.021277 0.581187
2.153846 1.106383 0.537514
2.153846 1.191489 0.493841
2.153846 1.276596 0.450168
2.153846 1.361702 0.406495
2.153846 1.446809 0.362822
2.153846 1.531915 0.319149
2.153846 1.617021 0.275476
2.153846 1.702128 0.231803
2.153846 1.787234 0.188130
2.153846 1.872340 0.144457
2.153846 1.957447 0.100784
2.153846 2.042553 0.057111
2.153846 2.127660 0.013438
2.153846 2.212766 -0.030235
2.153846 2.297872 -0.073908
2.153846 2.382979 -0.117581
2.153846 2.468085 -0.161254
2.153846 2.553191 -0.204927
2.153846 2.638298 -0.248600
2.153846 2.723404 -0.292273
2.153846 2.808511 -0.335946
2.153846 2.893617 -0.379619
2.153846 2.978723 -0.423292
2.153846 3.063830 -0.466965
2.153846 3.148936 -0.510639
2.153846 3.234043 -0.554312
2.153846 3.319149 -0.597985
2.153846 3.404255 -0.641658
2.153846 3.489362 -0.685331
2.153846 3.574468 -0.729004
2.153846 3.659574 -0.772677
2.153846 3.744681 -0.816350
2.153846 3.829787 -0.860023
2.153846 3.914894 -0.903696
2.153846 4.000000 0.000000
2.230769 0.000000 0.000000
2.230769 0.085106 1.101064
2.230769 0.170213 1.057391
2.230769 0.255319 1.013718
2.230769 0.340426 0.970045
2.230769 0.425532 0.926372
2.230769 0.510638 0.882699
2.230769 0.595745 0.839026
2.230769 0.680851 0.795353
2.230769 0.765957 0.751680
2.230769 0.851064 0.708007
2.230769 0.936170 0.664334
2.230769 1.021277 0.620661
2.230769 1.106383 0.576988
2.230769 1.191489 0.533315
2.230769 1.276596 0.489642
2.230769 1.361702 0.445969
2.230769 1.446809 0.402296
2.230769 1.531915 0.358623
2.230769 1.617021 0.314950
2.230769 1.702128 0.271277
2.230769 1.787234 0.227604
2.230769 1.872340 0.183931
2.230769 1.957447 0.140258
2.230769 2.042553 0.096585
2.230769 2.127660 0.052912
2.230769 2.212766 0.009239
2.230769 2.297872 -0.034435
2.230769 2.382979 -0.078108
2.230769 2.468085 -0.121781
2.230769 2.553191 -0.165454
2.230769 2.638298 -0.209127
2.230769 2.723404 -0.252800
2.230769 2.808511 -0.296473
2.230769 2.893617 -0.340146
2.230769 2.978723 -0.383819
2.230769 3.063830 -0.427492
2.230769 3.148936 -0.471165
2.230769 3.234043 -0.514838
2.230769 3.319149 -0.558511
2.230769 3.404255 -0.602184
2.230769 3.489362 -0.645857
2.230769 3.574468 -0.689530
2.230769 3.659574 -0.733203
2.230769 3.744681 -0.776876
2.230769 3.829787 -0.820549
2.230769 3.914894 -0.864222
2.230769 4.000000 0.000000
2.307692 0.000000 0.000000
2.307692 0.085106 1.140538
2.307692 0.170213 1.096865
2.307692 0.255319 1.053192
2.307692 0.340426 1.009519
2.307692 0.425532 0.965846
2.307692 0.510638 0.922173
2.307692 0.595745 0.878500
2.307692 0.680851 0.834827
2.307692 0.765957 0.791154
2.307692 0.851064 0.747481
2.307692 0.936170 0.703808
2.307692 1.021277 0.660135
2.307692 1.106383 0.616462
2.307692 1.191489 0.572789
2.307692 1.276596 0.529116
2.307692 1.361702 0.485443
2.307692 1.446809 0.441770
2.307692 1.531915 0.398096
2.307692 1.617021 0.354423
2.307692 1.702128 0.310750
2.307692 1.787234 0.267077
2.307692 1.872340 0.223404
2.307692 1.957447 0.179731
2.307692 2.042553 0.136058
2.307692 2.127660 0.092385
2.307692 2.212766 0.048712
2.307692 2.297872 0.005039
2.307692 2.382979 -0.038634
2.307692 2.468085 -0.082307
2.307692 2.553191 -0.125980
2.307692 2.638298 -0.169653
2.307692 2.723404 -0.213326
2.307692 2.808511 -0.256999
2.307692 2.893617 -0.300672
2.307692 2.978723 -0.344345
2.307692 3.063830 -0.388018
2.307692 3.148936 -0.431691
2.307692 3.234043 -0.475364
2.307692 3.319149 -0.519037
2.307692 3.404255 -0.562710
2.307692 3.489362 -0.606383
2.307692 3.574468 -0.650056
2.307692 3.659574 -0.693729
2.307692 3.744681 -0.737402
2.307692 3.829787 -0.781075
2.307692 3.914894 -0.824748
2.307692 4.000000 0.000000
2.384615 0.000000 0.000000
2.384615 0.085106 1.180012
2.384615 0.170213 1.136339
2.384615 0.255319 1.092666
2.384615 0.340426 1.048993
2.384615 0.425532 1.005320
2.384615 0.510638 0.961647
2.384615 0.595745 0.917974
2.384615 0.680851 0.874300
2.384615 0.765957 0.830627
2.384615 0.851064 0.786954
2.384615 0.936170 0.743281
2.384615 1.021277 0.699608
2.384615 1.106383 0.655935
2.384615 1.191489 0.612262
2.384615 1.276596 0.568589
2.384615 1.361702 0.524916
2.384615 1.446809 0.481243
2.384615 1.531915 0.437570
2.384615 1.617021 0.393897
2.384615 1.702128 0.350224
2.384615 1.787234 0.306551
2.384615 1.872340 0.262878
2.384615 1.957447 0.219205
2.384615 2.042553 0.175532
2.384615 2.127660 0.131859
2.384615 2.212766 0.088186
2.384615 2.297872 0.044513
2.384615 2.382979 0.000840
2.384615 2.468085 -0.042833
2.384615 2.553191 -0.086506
2.384615 2.638298 -0.130179
2.384615 2.723404 -0.173852
2.384615 2.808511 -0.217525
2.384615 2.893617 -0.261198
2.384615 2.978723 -0.304871
2.384615 3.063830 -0.348544
2.384615 3.148936 -0.392217
2.384615 3.234043 -0.435890
2.384615 3.319149 -0.479563
2.384615 3.404255 -0.523237
2.384615 3.489362 -0.566910
2.384615 3.574468 -0.610583
2.384615 3.659574 -0.654256
2.384615 3.744681 -0.697929
2.384615 3.829787 -0.741602
2.384615 3.914894 -0.785275
2.384615 4.000000 0.000000
2.461538 0.000000 0.000000
2.461538 0.085106 1.219485
2.461538 0.170213 1.175812
2.461538 0.255319 1.132139
2.461538 0.340426 1.088466
2.461538 0.425532 1.044793
2.461538 0.510638 1.001120
2.461538 0.595745 0.957447
2.461538 0.680851 0.913774
2.461538 0.765957 0.870101
2.461538 0.851064 0.826428
2.461538 0.936170 0.782755
2.461538 1.021277 0.739082
2.461538 1.106383 0.695409
2.461538 1.191489 0.651736
2.461538 1.276596 0.608063
2.461538 1.361702 0.564390
2.461538 1.446809 0.520717
2.461538 1.531915 0.477044
2.461538 1.617021 0.433371
2.461538 1.702128 0.389698
2.461538 1.787234 0.346025
2.461538 1.872340 0.302352
2.461538 1.957447 0.258679
2.461538 2.042553 0.215006
2.461538 2.127660 0.171333
2.461538 2.212766 0.127660
2.461538 2.297872 0.083987
2.461538 2.382979 0.040314
2.461538 2.468085 -0.003359
2.461538 2.553191 -0.047032
2.461538 2.638298 -0.090706
2.461538 2.723404 -0.134379
2.461538 2.808511 -0.178052
2.461538 2.893617 -0.221725
2.461538 2.978723 -0.265398
2.461538 3.063830 -0.309071
2.461538 3.148936 -0.352744
2.461538 3.234043 -0.396417
2.461538 3.319149 -0.440090
2.461538 3.404255 -0.483763
2.461538 3.489362 -0.527436
2.461538 3.574468 -0.571109
2.461538 3.659574 -0.614782
2.461538 3.744681 -0.658455
2.461538 3.829787 -0.702128
2.461538 3.914894 -0.745801
2.461538 4.000000 0.000000
2.538462 0.000000 0.000000
2.538462 0.085106 1.258959
2.538462 0.170213 1.215286
2.538462 0.255319 1.171613
2.538462 0.340426 1.127940
2.538462 0.425532 1.084267
2.538462 0.510638 1.040594
2.538462 0.595745 0.996921
2.538462 0.680851 0.953248
2.538462 0.765957 0.909575
2.538462 0.851064 0.865902
2.538462 0.936170 0.822229
2.538462 1.021277 0.778556
2.538462 1.106383 0.734883
2.538462 1.191489 0.691210
2.538462 1.276596 0.647537
2.538462 1.361702 0.603864
2.538462 1.446809 0.560191
2.538462 1.531915 0.516518
2.538462 1.617021 0.472845
2.538462 1.702128 0.429172
2.538462 1.787234 0.385498
2.538462 1.872340 0.341825
2.538462 1.957447 0.298152
2.538462 2.042553 0.254479
2.538462 2.127660 0.210806
2.538462 2.212766 0.167133
2.538462 2.297872 0.123460
2.538462 2.382979 0.079787
2.538462 2.468085 0.036114
2.538462 2.553191 -0.007559
2.538462 2.638298 -0.051232
2.538462 2.723404 -0.094905
2.538462 2.808511 -0.138578
2.538462 2.893617 -0.182251
2.538462 2.978723 -0.225924
2.538462 3.063830 -0.269597
2.538462 3.148936 -0.313270
2.538462 3.234043 -0.356943
2.538462 3.319149 -0.400616
2.538462 3.404255 -0.444289
2.538462 3.489362 -0.487962
2.538462 3.574468 -0.531635
2.538462 3.659574 -0.575308
2.538462 3.744681 -0.618981
2.538462 3.829787 -0.662654
2.538462 3.914894 -0.706327
2.538462 4.000000 0.000000
2.615385 0.000000 0.000000
2.615385 0.085106 1.298433
2.615385 0.170213 1.254760
2.615385 0.255319 1.211087
2.615385 0.340426 1.167414
2.615385 0.425532 1.123741
2.615385 0.510638 1.080068
2.615385 0.595745 1.036395
2.615385 0.680851 0.992722
2.615385 0.765957 0.949049
2.615385 0.851064 0.905376
2.615385 0.936170 0.861703
2.615385 1.021277 0.818029
2.615385 1.106383 0.774356
2.615385 1.191489 0.730683
2.615385 1.276596 0.687010
2.615385 1.361702 0.643337
2.615385 1.446809 0.599664
2.615385 1.531915 0.555991
2.615385 1.617021 0.512318
2.615385 1.702128 0.468645
2.615385 1.787234 0.424972
2.615385 1.872340 0.381299
2.615385 1.957447 0.337626
2.615385 2.042553 0.293953
2.615385 2.127660 0.250280
2.615385 2.212766 0.206607
2.615385 2.297872 0.162934
2.615385 2.382979 0.119261
2.615385 2.468085 0.075588
2.615385 2.553191 0.031915
2.615385 2.638298 -0.011758
2.615385 2.723404 -0.055431
2.615385 2.808511 -0.099104
2.615385 2.893617 -0.142777
2.615385 2.978723 -0.186450
2.615385 3.063830 -0.230123
2.615385 3.148936 -0.273796
2.615385 3.234043 -0.317469
2.615385 3.319149 -0.361142
2.615385 3.404255 -0.404815
2.615385 3.489362 -0.448488
2.615385 3.574468 -0.492161
2.615385 3.659574 -0.535834
2.615385 3.744681 -0.579508
2.615385 3.829787 -0.623181
2.615385 3.914894 -0.666854
2.615385 4.000000 0.000000
2.692308 0.000000 0.000000
2.692308 0.085106 1.337907
2.692308 0.170213 1.294233
2.692308 0.255319 1.250560
2.692308 0.340426 1.206887
2.692308 0.425532 1.163214
2.692308 0.510638 1.119541
2.692308 0.595745 1.075868
2.692308 0.680851 1.032195
2.692308 0.765957 0.988522
2.692308 0.851064 0.944849
2.692308 0.936170 0.901176
2.692308 1.021277 0.857503
2.692308 1.106383 0.813830
2.692308 1.191489 0.770157
2.692308 1.276596 0.726484
2.692308 1.361702 0.682811
2.692308 1.446809 0.639138
2.692308 1.531915 0.595465
2.692308 1.617021 0.551792
2.692308 1.702128 0.508119
2.692308 1.787234 0.464446
2.692308 1.872340 0.420773
2.692308 1.957447 0.377100
2.692308 2.042553 0.333427
2.692308 2.127660 0.289754
2.692308 2.212766 0.246081
2.692308 2.297872 0.202408
2.692308 2.382979 0.158735
2.692308 2.468085 0.115062
2.692308 2.553191 0.071389
2.692308 2.638298 0.027716
2.692308 2.723404 -0.015957
2.692308 2.808511 -0.059630
2.692308 2.893617 -0.103304
2.692308 2.978723 -0.146977
2.692308 3.063830 -0.190650
2.692308 3.148936 -0.234323
2.692308 3.234043 -0.277996
2.692308 3.319149 -0.321669
2.692308 3.404255 -0.365342
2.692308 3.489362 -0.409015
2.692308 3.574468 -0.452688
2.692308 3.659574 -0.496361
2.692308 3.744681 -0.540034
2.692308 3.829787 -0.583707
2.692308 3.914894 -0.627380
2.692308 4.000000 0.000000
2.769231 0.000000 0.000000
2.769231 0.085106 1.377380
2.769231 0.170213 1.333707
2.769231 0.255319 1.290034
2.769231 0.340426 1.246361
2.769231 0.425532 1.202688
2.769231 0.510638 1.159015
2.769231 0.595745 1.115342
2.769231 0.680851 1.071669
2.769231 0.765957 1.027996
2.769231 0.851064 0.984323
2.769231 0.936170 0.940650
2.769231 1.021277 0.896977
2.769231 1.106383 0.853304
2.769231 1.191489 0.809631
2.769231 1.276596 0.765958
2.769231 1.361702 0.722285
2.769231 1.446809 0.678612
2.769231 1.531915 0.634939
2.769231 1.617021 0.591266
2.769231 1.702128 0.547593
2.769231 1.787234 0.503920
2.769231 1.872340 0.460247
2.769231 1.957447 0.416574
2.769231 2.042553 0.372900
2.769231 2.127660 0.329227
2.769231 2.212766 0.285554
2.769231 2.297872 0.241881
2.769231 2.382979 0.198208
2.769231 2.468085 0.154535
2.769231 2.553191 0.110862
2.769231 2.638298 0.067189
2.769231 2.723404 0.023516
2.769231 2.808511 -0.020157
2.769231 2.893617 -0.063830
2.769231 2.978723 -0.107503
2.769231 3.063830 -0.151176
2.769231 3.148936 -0.194849
2.769231 3.234043 -0.238522
2.769231 3.319149 -0.282195
2.769231 3.404255 -0.325868
2.769231 3.489362 -0.369541
2.769231 3.574468 -0.413214
2.769231 3.659574 -0.456887
2.769231 3.744681 -0.500560
2.769231 3.829787 -0.544233
2.769231 3.914894 -0.587906
2.769231 4.000000 0.000000
2.846154 0.000000 0.000000
2.846154 0.085106 1.416854
2.846154 0.170213 1.373181
2.846154 0.255319 1.329508
2.846154 0.340426 1.285835
2.846154 0.425532 1.242162
2.846154 0.510638 1.198489
2.846154 0.595745 1.154816
2.846154 0.680851 1.111143
2.846154 0.765957 1.067470
2.846154 0.851064 1.023797
2.846154 0.936170 0.980124
2.846154 1.021277 0.936451
2.846154 1.106383 0.892778
2.846154 1.191489 0.849105
2.846154 1.276596 0.805431
2.846154 1.361702 0.761758
2.846154 1.446809 0.718085
2.846154 1.531915 0.674412
2.846154 1.617021 0.630739
2.846154 1.702128 0.587066
2.846154 1.787234 0.543393
2.846154 1.872340 0.499720
2.846154 1.957447 0.456047
2.846154 2.042553 0.412374
2.846154 2.127660 0.368701
2.846154 2.212766 0.325028
2.846154 2.297872 0.281355
2.846154 2.382979 0.237682
2.846154 2.468085 0.194009
2.846154 2.553191 0.150336
2.846154 2.638298 0.106663
2.846154 2.723404 0.062990
2.846154 2.808511 0.019317
2.846154 2.893617 -0.024356
2.846154 2.978723 -0.068029
2.846154 3.063830 -0.111702
2.846154 3.148936 -0.155375
2.846154 3.234043 -0.199048
2.846154 3.319149 -0.242721
2.846154 3.404255 -0.286394
2.846154 3.489362 -0.330067
2.846154 3.574468 -0.373740
2.846154 3.659574 -0.417413
2.846154 3.744681 -0.461086
2.846154 3.829787 -0.504759
2.846154 3.914894 -0.548432
2.846154 4.000000 0.000000
2.923077 0.000000 0.000000
2.923077 0.085106 1.456328
2.923077 0.170213 1.412655
2.923077 0.255319 1.368982
2.923077 0.340426 1.325309
2.923077 0.425532 1.281635
2.923077 0.510638 1.237962
2.923077 0.595745 1.194289
2.923077 0.680851 1.150616
2.923077 0.765957 1.106943
2.923077 0.851064 1.063270
2.923077 0.936170 1.019597
2.923077 1.021277 0.975924
2.923077 1.106383 0.932251
2.923077 1.191489 0.888578
2.923077 1.276596 0.844905
2.923077 1.361702 0.801232
2.923077 1.446809 0.757559
2.923077 1.531915 0.713886
2.923077 1.617021 0.670213
2.923077 1.702128 0.626540
2.923077 1.787234 0.582867
2.923077 1.872340 0.539194
2.923077 1.957447 0.495521
2.923077 2.042553 0.451848
2.923077 2.127660 0.408175
2.923077 2.212766 0.364502
2.923077 2.297872 0.320829
2.923077 2.382979 0.277156
2.923077 2.468085 0.233483
2.923077 2.553191 0.189810
2.923077 2.638298 0.146137
2.923077 2.723404 0.102464
2.923077 2.808511 0.058791
2.923077 2.893617 0.015118
2.923077 2.978723 -0.028555
2.923077 3.063830 -0.072228
2.923077 3.148936 -0.115902
2.923077 3.234043 -0.159575
2.923077 3.319149 -0.203248
2.923077 3.404255 -0.246921
2.923077 3.489362 -0.290594
2.923077 3.574468 -0.334267
2.923077 3.659574 -0.377940
2.923077 3.744681 -0.421613
2.923077 3.829787 -0.465286
2.923077 3.914894 -0.508959
2.923077 4.000000 0.000000
3.000000 0.000000 0.000000
3.000000 0.085106 0.000000
3.000000 0.170213 0.000000
3.000000 0.255319 0.000000
3.000000 0.340426 0.000000
3.000000 0.425532 0.000000
3.000000 0.510638 0.000000
3.000000 0.595745 0.000000
3.000000 0.680851 0.000000
3.000000 0.765957 0.000000
3.000000 0.851064 0.000000
3.000000 0.936170 0.000000
3.000000 1.021277 0.000000
3.000000 1.106383 0.000000
3.000000 1.191489 0.000000
3.000000 1.276596 0.000000
3.000000 1.361702 0.000000
3.000000 1.446809 0.000000
3.000000 1.531915 0.000000
3.000000 1.617021 0.000000
3.000000 1.702128 0.000000
3.000000 1.787234 0.000000
3.000000 1.872340 0.000000
3.000000 1.957447 0.000000
3.000000 2.042553 0.000000
3.000000 2.127660 0.000000
3.000000 2.212766 0.000000
3.000000 2.297872 0.000000
3.000000 2.382979 0.000000
3.000000 2.468085 0.000000
3.000000 2.553191 0.000000
3.000000 2.638298 0.000000
3.000000 2.723404 0.000000
3.000000 2.808511 0.000000
3.000000 2.893617 0.000000
3.000000 2.978723 0.000000
3.000000 3.063830 0.000000
3.000000 3.148936 0.000000
3.000000 3.234043 0.000000
3.000000 3.319149 0.000000
3.000000 3.404255 0.000000
3.000000 3.489362 0.000000
3.000000 3.574468 0.000000
3.000000 3.659574 0.000000
3.000000 3.744681 0.000000
3.000000 3.829787 0.000000
3.000000 3.914894 0.000000
3.000000 4.000000 0.000000
