0.000000 0.000000 0.000000
0.000000 0.500000 -0.233254
0.000000 1.000000 -0.466507
0.000000 1.500000 -0.699761
0.000000 2.000000 -0.933015
0.081081 0.000000 0.037825
0.081081 0.500000 -0.195429
0.081081 1.000000 -0.428682
0.081081 1.500000 -0.661936
0.081081 2.000000 -0.895190
0.162162 0.000000 0.075650
0.162162 0.500000 -0.157604
0.162162 1.000000 -0.390858
0.162162 1.500000 -0.624111
0.162162 2.000000 -0.857365
0.243243 0.000000 0.113475
0.243243 0.500000 -0.119779
0.243243 1.000000 -0.353033
0.243243 1.500000 -0.586286
0.243243 2.000000 -0.819540
0.324324 0.000000 0.151300
0.324324 0.500000 -0.081954
0.324324 1.000000 -0.315208
0.324324 1.500000 -0.548461
0.324324 2.000000 -0.781715
0.405405 0.000000 0.189125
0.405405 0.500000 -0.044129
0.405405 1.000000 -0.277383
0.405405 1.500000 -0.510636
0.405405 2.000000 -0.743890
0.486486 0.000000 0.226950
0.486486 0.500000 -0.006304
0.486486 1.000000 -0.239558
0.486486 1.500000 -0.472812
0.486486 2.000000 -0.706065
0.567568 0.000000 0.264774
0.567568 0.500000 0.031521
0.567568 1.000000 -0.201733
0.567568 1.500000 -0.434987
0.567568 2.000000 -0.668240
0.648649 0.000000 0.302599
0.648649 0.500000 0.069346
0.648649 1.000000 -0.163908
0.648649 1.500000 -0.397162
0.648649 2.000000 -0.630415
0.729730 0.000000 0.340424
0.729730 0.500000 0.107171
0.729730 1.000000 -0.126083
0.729730 1.500000 -0.359337
0.729730 2.000000 -0.592590
0.810811 0.000000 0.378249
0.810811 0.500000 0.144996
0.810811 1.000000 -0.088258
0.810811 1.500000 -0.321512
0.810811 2.000000 -0.554766
0.891892 0.000000 0.416074
0.891892 0.500000 0.182820
0.891892 1.000000 -0.050433
0.891892 1.500000 -0.283687
0.891892 2.000000 -0.516941
0.972973 0.000000 0.453899
0.972973 0.500000 0.220645
0.972973 1.000000 -0.012608
0.972973 1.500000 -0.245862
0.972973 2.000000 -0.479116
1.054054 0.000000 0.491724
1.054054 0.500000 0.258470
1.054054 1.000000 0.025217
1.054054 1.500000 -0.208037
1.054054 2.000000 -0.441291
1.135135 0.000000 0.529549
1.135135 0.500000 0.296295
1.135135 1.000000 0.063042
1.135135 1.500000 -0.170212
1.135135 2.000000 -0.403466
1.216216 0.000000 0.567374
1.216216 0.500000 0.334120
1.216216 1.000000 0.100866
1.216216 1.500000 -0.132387
1.216216 2.000000 -0.365641
1.297297 0.000000 0.605199
1.297297 0.500000 0.371945
1.297297 1.000000 0.138691
1.297297 1.500000 -0.094562
1.297297 2.000000 -0.327816
1.378378 0.000000 0.643024
1.378378 0.500000 0.409770
1.378378 1.000000 0.176516
1.378378 1.500000 -0.056737
1.378378 2.000000 -0.289991
1.459459 0.000000 0.680849
1.459459 0.500000 0.447595
1.459459 1.000000 0.214341
1.459459 1.500000 -0.018912
1.459459 2.000000 -0.252166
1.540541 0.000000 0.718674
1.540541 0.500000 0.485420
1.540541 1.000000 0.252166
1.540541 1.500000 0.018912
1.540541 2.000000 -0.214341
1.621622 0.000000 0.756498
1.621622 0.500000 0.523245
1.621622 1.000000 0.289991
1.621622 1.500000 0.056737
1.621622 2.000000 -0.176516
1.702703 0.000000 0.794323
1.702703 0.500000 0.561070
1.702703 1.000000 0.327816
1.702703 1.500000 0.094562
1.702703 2.000000 -0.138691
1.783784 0.000000 0.832148
1.783784 0.500000 0.598895
1.783784 1.000000 0.365641
1.783784 1.500000 0.132387
1.783784 2.000000 -0.100866
1.864865 0.000000 0.869973
1.864865 0.500000 0.636720
1.864865 1.000000 0.403466
1.864865 1.500000 0.170212
1.864865 2.000000 -0.063042
1.945946 0.000000 0.907798
1.945946 0.500000 0.674544
1.945946 1.000000 0.441291
1.945946 1.500000 0.208037
1.945946 2.000000 -0.025217
2.027027 0.000000 0.945623
2.027027 0.500000 0.712369
2.027027 1.000000 0.479116
2.027027 1.500000 0.245862
2.027027 2.000000 0.012608
2.108108 0.000000 0.983448
2.108108 0.500000 0.750194
2.108108 1.000000 0.516941
2.108108 1.500000 0.283687
2.108108 2.000000 0.050433
2.189189 0.000000 1.021273
2.189189 0.500000 0.788019
2.189189 1.000000 0.554766
2.189189 1.500000 0.321512
2.189189 2.000000 0.088258
2.270270 0.000000 1.059098
2.270270 0.500000 0.825844
2.270270 1.000000 0.592590
2.270270 1.500000 0.359337
2.270270 2.000000 0.126083
2.351351 0.000000 1.096923
2.351351 0.500000 0.863669
2.351351 1.000000 0.630415
2.351351 1.500000 0.397162
2.351351 2.000000 0.163908
2.432432 0.000000 1.134748
2.432432 0.500000 0.901494
2.432432 1.000000 0.668240
2.432432 1.500000 0.434987
2.432432 2.000000 0.201733
2.513514 0.000000 1.172573
2.513514 0.500000 0.939319
2.513514 1.000000 0.706065
2.513514 1.500000 0.472812
2.513514 2.000000 0.239558
2.594595 0.000000 1.210398
2.594595 0.500000 0.977144
2.594595 1.000000 0.743890
2.594595 1.500000 0.510636
2.594595 2.000000 0.277383
2.675676 0.000000 1.248222
2.675676 0.500000 1.014969
2.675676 1.000000 0.781715
2.675676 1.500000 0.548461
2.675676 2.000000 0.315208
2.756757 0.000000 1.286047
2.756757 0.500000 1.052794
2.756757 1.000000 0.819540
2.756757 1.500000 0.586286
2.756757 2.000000 0.353033
2.837838 0.000000 1.323872
2.837838 0.500000 1.090619
2.837838 1.000000 0.857365
2.837838 1.500000 0.624111
2.837838 2.000000 0.390858
2.918919 0.000000 1.361697
2.918919 0.500000 1.128444
2.918919 1.000000 0.895190
2.918919 1.500000 0.661936
2.918919 2.000000 0.428682
3.000000 0.000000 1.399522
3.000000 0.500000 1.166268
3.000000 1.000000 0.933015
3.000000 1.500000 0.699761
3.000000 2.000000 0.466507
