0.000000 0.000000 0.000000
0.000000 0.085106 0.000000
0.000000 0.170213 0.000000
0.000000 0.255319 0.000000
0.000000 0.340426 0.000000
0.000000 0.425532 0.000000
0.000000 0.510638 0.000000
0.000000 0.595745 0.000000
0.000000 0.680851 0.000000
0.000000 0.765957 0.000000
0.000000 0.851064 0.000000
0.000000 0.936170 0.000000
0.000000 1.021277 0.000000
0.000000 1.106383 0.000000
0.000000 1.191489 0.000000
0.000000 1.276596 0.000000
0.000000 1.361702 0.000000
0.000000 1.446809 0.000000
0.000000 1.531915 0.000000
0.000000 1.617021 0.000000
0.000000 1.702128 0.000000
0.000000 1.787234 0.000000
0.000000 1.872340 0.000000
0.000000 1.957447 0.000000
0.000000 2.042553 0.000000
0.000000 2.127660 0.000000
0.000000 2.212766 0.000000
0.000000 2.297872 0.000000
0.000000 2.382979 0.000000
0.000000 2.468085 0.000000
0.000000 2.553191 0.000000
0.000000 2.638298 0.000000
0.000000 2.723404 0.000000
0.000000 2.808511 0.000000
0.000000 2.893617 0.000000
0.000000 2.978723 0.000000
0.000000 3.063830 0.000000
0.000000 3.148936 0.000000
0.000000 3.234043 0.000000
0.000000 3.319149 0.000000
0.000000 3.404255 0.000000
0.000000 3.489362 0.000000
0.000000 3.574468 0.000000
0.000000 3.659574 0.000000
0.000000 3.744681 0.000000
0.000000 3.829787 0.000000
0.000000 3.914894 0.000000
0.000000 4.000000 0.000000
0.076923 0.000000 0.000000
0.076923 0.085106 -0.003471
0.076923 0.170213 -0.039564
0.076923 0.255319 -0.075657
0.076923 0.340426 -0.111751
0.076923 0.425532 -0.147844
0.076923 0.510638 -0.183938
0.076923 0.595745 -0.220031
0.076923 0.680851 -0.256124
0.076923 0.765957 -0.292218
0.076923 0.851064 -0.328311
0.076923 0.936170 -0.364405
0.076923 1.021277 -0.400498
0.076923 1.106383 -0.436591
0.076923 1.191489 -0.472685
0.076923 1.276596 -0.508778
0.076923 1.361702 -0.544872
0.076923 1.446809 -0.580965
0.076923 1.531915 -0.617059
0.076923 1.617021 -0.653152
0.076923 1.702128 -0.689245
0.076923 1.787234 -0.725339
0.076923 1.872340 -0.761432
0.076923 1.957447 -0.797526
0.076923 2.042553 -0.833619
0.076923 2.127660 -0.869712
0.076923 2.212766 -0.905806
0.076923 2.297872 -0.941899
0.076923 2.382979 -0.977993
0.076923 2.468085 -1.014086
0.076923 2.553191 -1.050180
0.076923 2.638298 -1.086273
0.076923 2.723404 -1.122366
0.076923 2.808511 -1.158460
0.076923 2.893617 -1.194553
0.076923 2.978723 -1.230647
0.076923 3.063830 -1.266740
0.076923 3.148936 -1.302833
0.076923 3.234043 -1.338927
0.076923 3.319149 -1.375020
0.076923 3.404255 -1.411114
0.076923 3.489362 -1.447207
0.076923 3.574468 -1.483301
0.076923 3.659574 -1.519394
0.076923 3.744681 -1.555487
0.076923 3.829787 -1.591581
0.076923 3.914894 -1.627674
0.076923 4.000000 0.000000
0.153846 0.000000 0.000000
0.153846 0.085106 0.029152
0.153846 0.170213 -0.006941
0.153846 0.255319 -0.043034
0.153846 0.340426 -0.079128
0.153846 0.425532 -0.115221
0.153846 0.510638 -0.151315
0.153846 0.595745 -0.187408
0.153846 0.680851 -0.223502
0.153846 0.765957 -0.259595
0.153846 0.851064 -0.295688
0.153846 0.936170 -0.331782
0.153846 1.021277 -0.367875
0.153846 1.106383 -0.403969
0.153846 1.191489 -0.440062
0.153846 1.276596 -0.476155
0.153846 1.361702 -0.512249
0.153846 1.446809 -0.548342
0.153846 1.531915 -0.584436
0.153846 1.617021 -0.620529
0.153846 1.702128 -0.656622
0.153846 1.787234 -0.692716
0.153846 1.872340 -0.728809
0.153846 1.957447 -0.764903
0.153846 2.042553 -0.800996
0.153846 2.127660 -0.837090
0.153846 2.212766 -0.873183
0.153846 2.297872 -0.909276
0.153846 2.382979 -0.945370
0.153846 2.468085 -0.981463
0.153846 2.553191 -1.017557
0.153846 2.638298 -1.053650
0.153846 2.723404 -1.089743
0.153846 2.808511 -1.125837
0.153846 2.893617 -1.161930
0.153846 2.978723 -1.198024
0.153846 3.063830 -1.234117
0.153846 3.148936 -1.270211
0.153846 3.234043 -1.306304
0.153846 3.319149 -1.342397
0.153846 3.404255 -1.378491
0.153846 3.489362 -1.414584
0.153846 3.574468 -1.450678
0.153846 3.659574 -1.486771
0.153846 3.744681 -1.522864
0.153846 3.829787 -1.558958
0.153846 3.914894 -1.595051
0.153846 4.000000 0.000000
0.230769 0.000000 0.000000
0.230769 0.085106 0.061775
0.230769 0.170213 0.025682
0.230769 0.255319 -0.010412
0.230769 0.340426 -0.046505
0.230769 0.425532 -0.082598
0.230769 0.510638 -0.118692
0.230769 0.595745 -0.154785
0.230769 0.680851 -0.190879
0.230769 0.765957 -0.226972
0.230769 0.851064 -0.263065
0.230769 0.936170 -0.299159
0.230769 1.021277 -0.335252
0.230769 1.106383 -0.371346
0.230769 1.191489 -0.407439
0.230769 1.276596 -0.443533
0.230769 1.361702 -0.479626
0.230769 1.446809 -0.515719
0.230769 1.531915 -0.551813
0.230769 1.617021 -0.587906
0.230769 1.702128 -0.624000
0.230769 1.787234 -0.660093
0.230769 1.872340 -0.696186
0.230769 1.957447 -0.732280
0.230769 2.042553 -0.768373
0.230769 2.127660 -0.804467
0.230769 2.212766 -0.840560
0.230769 2.297872 -0.876654
0.230769 2.382979 -0.912747
0.230769 2.468085 -0.948840
0.230769 2.553191 -0.984934
0.230769 2.638298 -1.021027
0.230769 2.723404 -1.057121
0.230769 2.808511 -1.093214
0.230769 2.893617 -1.129307
0.230769 2.978723 -1.165401
0.230769 3.063830 -1.201494
0.230769 3.148936 -1.237588
0.230769 3.234043 -1.273681
0.230769 3.319149 -1.309774
0.230769 3.404255 -1.345868
0.230769 3.489362 -1.381961
0.230769 3.574468 -1.418055
0.230769 3.659574 -1.454148
0.230769 3.744681 -1.490242
0.230769 3.829787 -1.526335
0.230769 3.914894 -1.562428
0.230769 4.000000 0.000000
0.307692 0.000000 0.000000
0.307692 0.085106 0.094398
0.307692 0.170213 0.058305
0.307692 0.255319 0.022211
0.307692 0.340426 -0.013882
0.307692 0.425532 -0.049975
0.307692 0.510638 -0.086069
0.307692 0.595745 -0.122162
0.307692 0.680851 -0.158256
0.307692 0.765957 -0.194349
0.307692 0.851064 -0.230443
0.307692 0.936170 -0.266536
0.307692 1.021277 -0.302629
0.307692 1.106383 -0.338723
0.307692 1.191489 -0.374816
0.307692 1.276596 -0.410910
0.307692 1.361702 -0.447003
0.307692 1.446809 -0.483096
0.307692 1.531915 -0.519190
0.307692 1.617021 -0.555283
0.307692 1.702128 -0.591377
0.307692 1.787234 -0.627470
0.307692 1.872340 -0.663564
0.307692 1.957447 -0.699657
0.307692 2.042553 -0.735750
0.307692 2.127660 -0.771844
0.307692 2.212766 -0.807937
0.307692 2.297872 -0.844031
0.307692 2.382979 -0.880124
0.307692 2.468085 -0.916217
0.307692 2.553191 -0.952311
0.307692 2.638298 -0.988404
0.307692 2.723404 -1.024498
0.307692 2.808511 -1.060591
0.307692 2.893617 -1.096685
0.307692 2.978723 -1.132778
0.307692 3.063830 -1.168871
0.307692 3.148936 -1.204965
0.307692 3.234043 -1.241058
0.307692 3.319149 -1.277152
0.307692 3.404255 -1.313245
0.307692 3.489362 -1.349338
0.307692 3.574468 -1.385432
0.307692 3.659574 -1.421525
0.307692 3.744681 -1.457619
0.307692 3.829787 -1.493712
0.307692 3.914894 -1.529805
0.307692 4.000000 0.000000
0.384615 0.000000 0.000000
0.384615 0.085106 0.127021
0.384615 0.170213 0.090928
0.384615 0.255319 0.054834
0.384615 0.340426 0.018741
0.384615 0.425532 -0.017353
0.384615 0.510638 -0.053446
0.384615 0.595745 -0.089539
0.384615 0.680851 -0.125633
0.384615 0.765957 -0.161726
0.384615 0.851064 -0.197820
0.384615 0.936170 -0.233913
0.384615 1.021277 -0.270007
0.384615 1.106383 -0.306100
0.384615 1.191489 -0.342193
0.384615 1.276596 -0.378287
0.384615 1.361702 -0.414380
0.384615 1.446809 -0.450474
0.384615 1.531915 -0.486567
0.384615 1.617021 -0.522660
0.384615 1.702128 -0.558754
0.384615 1.787234 -0.594847
0.384615 1.872340 -0.630941
0.384615 1.957447 -0.667034
0.384615 2.042553 -0.703127
0.384615 2.127660 -0.739221
0.384615 2.212766 -0.775314
0.384615 2.297872 -0.811408
0.384615 2.382979 -0.847501
0.384615 2.468085 -0.883595
0.384615 2.553191 -0.919688
0.384615 2.638298 -0.955781
0.384615 2.723404 -0.991875
0.384615 2.808511 -1.027968
0.384615 2.893617 -1.064062
0.384615 2.978723 -1.100155
0.384615 3.063830 -1.136248
0.384615 3.148936 -1.172342
0.384615 3.234043 -1.208435
0.384615 3.319149 -1.244529
0.384615 3.404255 -1.280622
0.384615 3.489362 -1.316716
0.384615 3.574468 -1.352809
0.384615 3.659574 -1.388902
0.384615 3.744681 -1.424996
0.384615 3.829787 -1.461089
0.384615 3.914894 -1.497183
0.384615 4.000000 0.000000
0.461538 0.000000 0.000000
0.461538 0.085106 0.159644
0.461538 0.170213 0.123551
0.461538 0.255319 0.087457
0.461538 0.340426 0.051364
0.461538 0.425532 0.015270
0.461538 0.510638 -0.020823
0.461538 0.595745 -0.056917
0.461538 0.680851 -0.093010
0.461538 0.765957 -0.129103
0.461538 0.851064 -0.165197
0.461538 0.936170 -0.201290
0.461538 1.021277 -0.237384
0.461538 1.106383 -0.273477
0.461538 1.191489 -0.309570
0.461538 1.276596 -0.345664
0.461538 1.361702 -0.381757
0.461538 1.446809 -0.417851
0.461538 1.531915 -0.453944
0.461538 1.617021 -0.490038
0.461538 1.702128 -0.526131
0.461538 1.787234 -0.562224
0.461538 1.872340 -0.598318
0.461538 1.957447 -0.634411
0.461538 2.042553 -0.670505
0.461538 2.127660 -0.706598
0.461538 2.212766 -0.742691
0.461538 2.297872 -0.778785
0.461538 2.382979 -0.814878
0.461538 2.468085 -0.850972
0.461538 2.553191 -0.887065
0.461538 2.638298 -0.923158
0.461538 2.723404 -0.959252
0.461538 2.808511 -0.995345
0.461538 2.893617 -1.031439
0.461538 2.978723 -1.067532
0.461538 3.063830 -1.103626
0.461538 3.148936 -1.139719
0.461538 3.234043 -1.175812
0.461538 3.319149 -1.211906
0.461538 3.404255 -1.247999
0.461538 3.489362 -1.284093
0.461538 3.574468 -1.320186
0.461538 3.659574 -1.356279
0.461538 3.744681 -1.392373
0.461538 3.829787 -1.428466
0.461538 3.914894 -1.464560
0.461538 4.000000 0.000000
0.538462 0.000000 0.000000
0.538462 0.085106 0.192267
0.538462 0.170213 0.156173
0.538462 0.255319 0.120080
0.538462 0.340426 0.083987
0.538462 0.425532 0.047893
0.538462 0.510638 0.011800
0.538462 0.595745 -0.024294
0.538462 0.680851 -0.060387
0.538462 0.765957 -0.096480
0.538462 0.851064 -0.132574
0.538462 0.936170 -0.168667
0.538462 1.021277 -0.204761
0.538462 1.106383 -0.240854
0.538462 1.191489 -0.276948
0.538462 1.276596 -0.313041
0.538462 1.361702 -0.349134
0.538462 1.446809 -0.385228
0.538462 1.531915 -0.421321
0.538462 1.617021 -0.457415
0.538462 1.702128 -0.493508
0.538462 1.787234 -0.529601
0.538462 1.872340 -0.565695
0.538462 1.957447 -0.601788
0.538462 2.042553 -0.637882
0.538462 2.127660 -0.673975
0.538462 2.212766 -0.710069
0.538462 2.297872 -0.746162
0.538462 2.382979 -0.782255
0.538462 2.468085 -0.818349
0.538462 2.553191 -0.854442
0.538462 2.638298 -0.890536
0.538462 2.723404 -0.926629
0.538462 2.808511 -0.962722
0.538462 2.893617 -0.998816
0.538462 2.978723 -1.034909
0.538462 3.063830 -1.071003
0.538462 3.148936 -1.107096
0.538462 3.234043 -1.143189
0.538462 3.319149 -1.179283
0.538462 3.404255 -1.215376
0.538462 3.489362 -1.251470
0.538462 3.574468 -1.287563
0.538462 3.659574 -1.323657
0.538462 3.744681 -1.359750
0.538462 3.829787 -1.395843
0.538462 3.914894 -1.431937
0.538462 4.000000 0.000000
0.615385 0.000000 0.000000
0.615385 0.085106 0.224890
0.615385 0.170213 0.188796
0.615385 0.255319 0.152703
0.615385 0.340426 0.116609
0.615385 0.425532 0.080516
0.615385 0.510638 0.044423
0.615385 0.595745 0.008329
0.615385 0.680851 -0.027764
0.615385 0.765957 -0.063858
0.615385 0.851064 -0.099951
0.615385 0.936170 -0.136044
0.615385 1.021277 -0.172138
0.615385 1.106383 -0.208231
0.615385 1.191489 -0.244325
0.615385 1.276596 -0.280418
0.615385 1.361702 -0.316511
0.615385 1.446809 -0.352605
0.615385 1.531915 -0.388698
0.615385 1.617021 -0.424792
0.615385 1.702128 -0.460885
0.615385 1.787234 -0.496979
0.615385 1.872340 -0.533072
0.615385 1.957447 -0.569165
0.615385 2.042553 -0.605259
0.615385 2.127660 -0.641352
0.615385 2.212766 -0.677446
0.615385 2.297872 -0.713539
0.615385 2.382979 -0.749632
0.615385 2.468085 -0.785726
0.615385 2.553191 -0.821819
0.615385 2.638298 -0.857913
0.615385 2.723404 -0.894006
0.615385 2.808511 -0.930100
0.615385 2.893617 -0.966193
0.615385 2.978723 -1.002286
0.615385 3.063830 -1.038380
0.615385 3.148936 -1.074473
0.615385 3.234043 -1.110567
0.615385 3.319149 -1.146660
0.615385 3.404255 -1.182753
0.615385 3.489362 -1.218847
0.615385 3.574468 -1.254940
0.615385 3.659574 -1.291034
0.615385 3.744681 -1.327127
0.615385 3.829787 -1.363220
0.615385 3.914894 -1.399314
0.615385 4.000000 0.000000
0.692308 0.000000 0.000000
0.692308 0.085106 0.257513
0.692308 0.170213 0.221419
0.692308 0.255319 0.185326
0.692308 0.340426 0.149232
0.692308 0.425532 0.113139
0.692308 0.510638 0.077046
0.692308 0.595745 0.040952
0.692308 0.680851 0.004859
0.692308 0.765957 -0.031235
0.692308 0.851064 -0.067328
0.692308 0.936170 -0.103422
0.692308 1.021277 -0.139515
0.692308 1.106383 -0.175608
0.692308 1.191489 -0.211702
0.692308 1.276596 -0.247795
0.692308 1.361702 -0.283889
0.692308 1.446809 -0.319982
0.692308 1.531915 -0.356075
0.692308 1.617021 -0.392169
0.692308 1.702128 -0.428262
0.692308 1.787234 -0.464356
0.692308 1.872340 -0.500449
0.692308 1.957447 -0.536542
0.692308 2.042553 -0.572636
0.692308 2.127660 -0.608729
0.692308 2.212766 -0.644823
0.692308 2.297872 -0.680916
0.692308 2.382979 -0.717010
0.692308 2.468085 -0.753103
0.692308 2.553191 -0.789196
0.692308 2.638298 -0.825290
0.692308 2.723404 -0.861383
0.692308 2.808511 -0.897477
0.692308 2.893617 -0.933570
0.692308 2.978723 -0.969663
0.692308 3.063830 -1.005757
0.692308 3.148936 -1.041850
0.692308 3.234043 -1.077944
0.692308 3.319149 -1.114037
0.692308 3.404255 -1.150131
0.692308 3.489362 -1.186224
0.692308 3.574468 -1.222317
0.692308 3.659574 -1.258411
0.692308 3.744681 -1.294504
0.692308 3.829787 -1.330598
0.692308 3.914894 -1.366691
0.692308 4.000000 0.000000
0.769231 0.000000 0.000000
0.769231 0.085106 0.290136
0.769231 0.170213 0.254042
0.769231 0.255319 0.217949
0.769231 0.340426 0.181855
0.769231 0.425532 0.145762
0.769231 0.510638 0.109668
0.769231 0.595745 0.073575
0.769231 0.680851 0.037482
0.769231 0.765957 0.001388
0.769231 0.851064 -0.034705
0.769231 0.936170 -0.070799
0.769231 1.021277 -0.106892
0.769231 1.106383 -0.142985
0.769231 1.191489 -0.179079
0.769231 1.276596 -0.215172
0.769231 1.361702 -0.251266
0.769231 1.446809 -0.287359
0.769231 1.531915 -0.323453
0.769231 1.617021 -0.359546
0.769231 1.702128 -0.395639
0.769231 1.787234 -0.431733
0.769231 1.872340 -0.467826
0.769231 1.957447 -0.503920
0.769231 2.042553 -0.540013
0.769231 2.127660 -0.576106
0.769231 2.212766 -0.612200
0.769231 2.297872 -0.648293
0.769231 2.382979 -0.684387
0.769231 2.468085 -0.720480
0.769231 2.553191 -0.756573
0.769231 2.638298 -0.792667
0.769231 2.723404 -0.828760
0.769231 2.808511 -0.864854
0.769231 2.893617 -0.900947
0.769231 2.978723 -0.937041
0.769231 3.063830 -0.973134
0.769231 3.148936 -1.009227
0.769231 3.234043 -1.045321
0.769231 3.319149 -1.081414
0.769231 3.404255 -1.117508
0.769231 3.489362 -1.153601
0.769231 3.574468 -1.189694
0.769231 3.659574 -1.225788
0.769231 3.744681 -1.261881
0.769231 3.829787 -1.297975
0.769231 3.914894 -1.334068
0.769231 4.000000 0.000000
0.846154 0.000000 0.000000
0.846154 0.085106 0.322758
0.846154 0.170213 0.286665
0.846154 0.255319 0.250572
0.846154 0.340426 0.214478
0.846154 0.425532 0.178385
0.846154 0.510638 0.142291
0.846154 0.595745 0.106198
0.846154 0.680851 0.070105
0.846154 0.765957 0.034011
0.846154 0.851064 -0.002082
0.846154 0.936170 -0.038176
0.846154 1.021277 -0.074269
0.846154 1.106383 -0.110363
0.846154 1.191489 -0.146456
0.846154 1.276596 -0.182549
0.846154 1.361702 -0.218643
0.846154 1.446809 -0.254736
0.846154 1.531915 -0.290830
0.846154 1.617021 -0.326923
0.846154 1.702128 -0.363016
0.846154 1.787234 -0.399110
0.846154 1.872340 -0.435203
0.846154 1.957447 -0.471297
0.846154 2.042553 -0.507390
0.846154 2.127660 -0.543484
0.846154 2.212766 -0.579577
0.846154 2.297872 -0.615670
0.846154 2.382979 -0.651764
0.846154 2.468085 -0.687857
0.846154 2.553191 -0.723951
0.846154 2.638298 -0.760044
0.846154 2.723404 -0.796137
0.846154 2.808511 -0.832231
0.846154 2.893617 -0.868324
0.846154 2.978723 -0.904418
0.846154 3.063830 -0.940511
0.846154 3.148936 -0.976604
0.846154 3.234043 -1.012698
0.846154 3.319149 -1.048791
0.846154 3.404255 -1.084885
0.846154 3.489362 -1.120978
0.846154 3.574468 -1.157072
0.846154 3.659574 -1.193165
0.846154 3.744681 -1.229258
0.846154 3.829787 -1.265352
0.846154 3.914894 -1.301445
0.846154 4.000000 0.000000
0.923077 0.000000 0.000000
0.923077 0.085106 0.355381
0.923077 0.170213 0.319288
0.923077 0.255319 0.283194
0.923077 0.340426 0.247101
0.923077 0.425532 0.211008
0.923077 0.510638 0.174914
0.923077 0.595745 0.138821
0.923077 0.680851 0.102727
0.923077 0.765957 0.066634
0.923077 0.851064 0.030541
0.923077 0.936170 -0.005553
0.923077 1.021277 -0.041646
0.923077 1.106383 -0.077740
0.923077 1.191489 -0.113833
0.923077 1.276596 -0.149926
0.923077 1.361702 -0.186020
0.923077 1.446809 -0.222113
0.923077 1.531915 -0.258207
0.923077 1.617021 -0.294300
0.923077 1.702128 -0.330394
0.923077 1.787234 -0.366487
0.923077 1.872340 -0.402580
0.923077 1.957447 -0.438674
0.923077 2.042553 -0.474767
0.923077 2.127660 -0.510861
0.923077 2.212766 -0.546954
0.923077 2.297872 -0.583047
0.923077 2.382979 -0.619141
0.923077 2.468085 -0.655234
0.923077 2.553191 -0.691328
0.923077 2.638298 -0.727421
0.923077 2.723404 -0.763515
0.923077 2.808511 -0.799608
0.923077 2.893617 -0.835701
0.923077 2.978723 -0.871795
0.923077 3.063830 -0.907888
0.923077 3.148936 -0.943982
0.923077 3.234043 -0.980075
0.923077 3.319149 -1.016168
0.923077 3.404255 -1.052262
0.923077 3.489362 -1.088355
0.923077 3.574468 -1.124449
0.923077 3.659574 -1.160542
0.923077 3.744681 -1.196636
0.923077 3.829787 -1.232729
0.923077 3.914894 -1.268822
0.923077 4.000000 0.000000
1.000000 0.000000 0.000000
1.000000 0.085106 0.388004
1.000000 0.170213 0.351911
1.000000 0.255319 0.315817
1.000000 0.340426 0.279724
1.000000 0.425532 0.243631
1.000000 0.510638 0.207537
1.000000 0.595745 0.171444
1.000000 0.680851 0.135350
1.000000 0.765957 0.099257
1.000000 0.851064 0.063163
1.000000 0.936170 0.027070
1.000000 1.021277 -0.009023
1.000000 1.106383 -0.045117
1.000000 1.191489 -0.081210
1.000000 1.276596 -0.117304
1.000000 1.361702 -0.153397
1.000000 1.446809 -0.189490
1.000000 1.531915 -0.225584
1.000000 1.617021 -0.261677
1.000000 1.702128 -0.297771
1.000000 1.787234 -0.333864
1.000000 1.872340 -0.369957
1.000000 1.957447 -0.406051
1.000000 2.042553 -0.442144
1.000000 2.127660 -0.478238
1.000000 2.212766 -0.514331
1.000000 2.297872 -0.550425
1.000000 2.382979 -0.586518
1.000000 2.468085 -0.622611
1.000000 2.553191 -0.658705
1.000000 2.638298 -0.694798
1.000000 2.723404 -0.730892
1.000000 2.808511 -0.766985
1.000000 2.893617 -0.803078
1.000000 2.978723 -0.839172
1.000000 3.063830 -0.875265
1.000000 3.148936 -0.911359
1.000000 3.234043 -0.947452
1.000000 3.319149 -0.983546
1.000000 3.404255 -1.019639
1.000000 3.489362 -1.055732
1.000000 3.574468 -1.091826
1.000000 3.659574 -1.127919
1.000000 3.744681 -1.164013
1.000000 3.829787 -1.200106
1.000000 3.914894 -1.236199
1.000000 4.000000 0.000000
1.076923 0.000000 0.000000
1.076923 0.085106 0.420627
1.076923 0.170213 0.384534
1.076923 0.255319 0.348440
1.076923 0.340426 0.312347
1.076923 0.425532 0.276253
1.076923 0.510638 0.240160
1.076923 0.595745 0.204067
1.076923 0.680851 0.167973
1.076923 0.765957 0.131880
1.076923 0.851064 0.095786
1.076923 0.936170 0.059693
1.076923 1.021277 0.023600
1.076923 1.106383 -0.012494
1.076923 1.191489 -0.048587
1.076923 1.276596 -0.084681
1.076923 1.361702 -0.120774
1.076923 1.446809 -0.156868
1.076923 1.531915 -0.192961
1.076923 1.617021 -0.229054
1.076923 1.702128 -0.265148
1.076923 1.787234 -0.301241
1.076923 1.872340 -0.337335
1.076923 1.957447 -0.373428
1.076923 2.042553 -0.409521
1.076923 2.127660 -0.445615
1.076923 2.212766 -0.481708
1.076923 2.297872 -0.517802
1.076923 2.382979 -0.553895
1.076923 2.468085 -0.589989
1.076923 2.553191 -0.626082
1.076923 2.638298 -0.662175
1.076923 2.723404 -0.698269
1.076923 2.808511 -0.734362
1.076923 2.893617 -0.770456
1.076923 2.978723 -0.806549
1.076923 3.063830 -0.842642
1.076923 3.148936 -0.878736
1.076923 3.234043 -0.914829
1.076923 3.319149 -0.950923
1.076923 3.404255 -0.987016
1.076923 3.489362 -1.023109
1.076923 3.574468 -1.059203
1.076923 3.659574 -1.095296
1.076923 3.744681 -1.131390
1.076923 3.829787 -1.167483
1.076923 3.914894 -1.203577
1.076923 4.000000 0.000000
1.153846 0.000000 0.000000
1.153846 0.085106 0.453250
1.153846 0.170213 0.417157
1.153846 0.255319 0.381063
1.153846 0.340426 0.344970
1.153846 0.425532 0.308876
1.153846 0.510638 0.272783
1.153846 0.595745 0.236690
1.153846 0.680851 0.200596
1.153846 0.765957 0.164503
1.153846 0.851064 0.128409
1.153846 0.936170 0.092316
1.153846 1.021277 0.056222
1.153846 1.106383 0.020129
1.153846 1.191489 -0.015964
1.153846 1.276596 -0.052058
1.153846 1.361702 -0.088151
1.153846 1.446809 -0.124245
1.153846 1.531915 -0.160338
1.153846 1.617021 -0.196431
1.153846 1.702128 -0.232525
1.153846 1.787234 -0.268618
1.153846 1.872340 -0.304712
1.153846 1.957447 -0.340805
1.153846 2.042553 -0.376899
1.153846 2.127660 -0.412992
1.153846 2.212766 -0.449085
1.153846 2.297872 -0.485179
1.153846 2.382979 -0.521272
1.153846 2.468085 -0.557366
1.153846 2.553191 -0.593459
1.153846 2.638298 -0.629552
1.153846 2.723404 -0.665646
1.153846 2.808511 -0.701739
1.153846 2.893617 -0.737833
1.153846 2.978723 -0.773926
1.153846 3.063830 -0.810020
1.153846 3.148936 -0.846113
1.153846 3.234043 -0.882206
1.153846 3.319149 -0.918300
1.153846 3.404255 -0.954393
1.153846 3.489362 -0.990487
1.153846 3.574468 -1.026580
1.153846 3.659574 -1.062673
1.153846 3.744681 -1.098767
1.153846 3.829787 -1.134860
1.153846 3.914894 -1.170954
1.153846 4.000000 0.000000
1.230769 0.000000 0.000000
1.230769 0.085106 0.485873
1.230769 0.170213 0.449779
1.230769 0.255319 0.413686
1.230769 0.340426 0.377593
1.230769 0.425532 0.341499
1.230769 0.510638 0.305406
1.230769 0.595745 0.269312
1.230769 0.680851 0.233219
1.230769 0.765957 0.197126
1.230769 0.851064 0.161032
1.230769 0.936170 0.124939
1.230769 1.021277 0.088845
1.230769 1.106383 0.052752
1.230769 1.191489 0.016658
1.230769 1.276596 -0.019435
1.230769 1.361702 -0.055528
1.230769 1.446809 -0.091622
1.230769 1.531915 -0.127715
1.230769 1.617021 -0.163809
1.230769 1.702128 -0.199902
1.230769 1.787234 -0.235995
1.230769 1.872340 -0.272089
1.230769 1.957447 -0.308182
1.230769 2.042553 -0.344276
1.230769 2.127660 -0.380369
1.230769 2.212766 -0.416462
1.230769 2.297872 -0.452556
1.230769 2.382979 -0.488649
1.230769 2.468085 -0.524743
1.230769 2.553191 -0.560836
1.230769 2.638298 -0.596930
1.230769 2.723404 -0.633023
1.230769 2.808511 -0.669116
1.230769 2.893617 -0.705210
1.230769 2.978723 -0.741303
1.230769 3.063830 -0.777397
1.230769 3.148936 -0.813490
1.230769 3.234043 -0.849583
1.230769 3.319149 -0.885677
1.230769 3.404255 -0.921770
1.230769 3.489362 -0.957864
1.230769 3.574468 -0.993957
1.230769 3.659574 -1.030051
1.230769 3.744681 -1.066144
1.230769 3.829787 -1.102237
1.230769 3.914894 -1.138331
1.230769 4.000000 0.000000
1.307692 0.000000 0.000000
1.307692 0.085106 0.518496
1.307692 0.170213 0.482402
1.307692 0.255319 0.446309
1.307692 0.340426 0.410216
1.307692 0.425532 0.374122
1.307692 0.510638 0.338029
1.307692 0.595745 0.301935
1.307692 0.680851 0.265842
1.307692 0.765957 0.229748
1.307692 0.851064 0.193655
1.307692 0.936170 0.157562
1.307692 1.021277 0.121468
1.307692 1.106383 0.085375
1.307692 1.191489 0.049281
1.307692 1.276596 0.013188
1.307692 1.361702 -0.022905
1.307692 1.446809 -0.058999
1.307692 1.531915 -0.095092
1.307692 1.617021 -0.131186
1.307692 1.702128 -0.167279
1.307692 1.787234 -0.203373
1.307692 1.872340 -0.239466
1.307692 1.957447 -0.275559
1.307692 2.042553 -0.311653
1.307692 2.127660 -0.347746
1.307692 2.212766 -0.383840
1.307692 2.297872 -0.419933
1.307692 2.382979 -0.456026
1.307692 2.468085 -0.492120
1.307692 2.553191 -0.528213
1.307692 2.638298 -0.564307
1.307692 2.723404 -0.600400
1.307692 2.808511 -0.636493
1.307692 2.893617 -0.672587
1.307692 2.978723 -0.708680
1.307692 3.063830 -0.744774
1.307692 3.148936 -0.780867
1.307692 3.234043 -0.816961
1.307692 3.319149 -0.853054
1.307692 3.404255 -0.889147
1.307692 3.489362 -0.925241
1.307692 3.574468 -0.961334
1.307692 3.659574 -0.997428
1.307692 3.744681 -1.033521
1.307692 3.829787 -1.069614
1.307692 3.914894 -1.105708
1.307692 4.000000 0.000000
1.384615 0.000000 0.000000
1.384615 0.085106 0.551119
1.384615 0.170213 0.515025
1.384615 0.255319 0.478932
1.384615 0.340426 0.442838
1.384615 0.425532 0.406745
1.384615 0.510638 0.370652
1.384615 0.595745 0.334558
1.384615 0.680851 0.298465
1.384615 0.765957 0.262371
1.384615 0.851064 0.226278
1.384615 0.936170 0.190185
1.384615 1.021277 0.154091
1.384615 1.106383 0.117998
1.384615 1.191489 0.081904
1.384615 1.276596 0.045811
1.384615 1.361702 0.009717
1.384615 1.446809 -0.026376
1.384615 1.531915 -0.062469
1.384615 1.617021 -0.098563
1.384615 1.702128 -0.134656
1.384615 1.787234 -0.170750
1.384615 1.872340 -0.206843
1.384615 1.957447 -0.242936
1.384615 2.042553 -0.279030
1.384615 2.127660 -0.315123
1.384615 2.212766 -0.351217
1.384615 2.297872 -0.387310
1.384615 2.382979 -0.423404
1.384615 2.468085 -0.459497
1.384615 2.553191 -0.495590
1.384615 2.638298 -0.531684
1.384615 2.723404 -0.567777
1.384615 2.808511 -0.603871
1.384615 2.893617 -0.639964
1.384615 2.978723 -0.676057
1.384615 3.063830 -0.712151
1.384615 3.148936 -0.748244
1.384615 3.234043 -0.784338
1.384615 3.319149 -0.820431
1.384615 3.404255 -0.856524
1.384615 3.489362 -0.892618
1.384615 3.574468 -0.928711
1.384615 3.659574 -0.964805
1.384615 3.744681 -1.000898
1.384615 3.829787 -1.036992
1.384615 3.914894 -1.073085
1.384615 4.000000 0.000000
1.461538 0.000000 0.000000
1.461538 0.085106 0.583742
1.461538 0.170213 0.547648
1.461538 0.255319 0.511555
1.461538 0.340426 0.475461
1.461538 0.425532 0.439368
1.461538 0.510638 0.403274
1.461538 0.595745 0.367181
1.461538 0.680851 0.331088
1.461538 0.765957 0.294994
1.461538 0.851064 0.258901
1.461538 0.936170 0.222807
1.461538 1.021277 0.186714
1.461538 1.106383 0.150621
1.461538 1.191489 0.114527
1.461538 1.276596 0.078434
1.461538 1.361702 0.042340
1.461538 1.446809 0.006247
1.461538 1.531915 -0.029846
1.461538 1.617021 -0.065940
1.461538 1.702128 -0.102033
1.461538 1.787234 -0.138127
1.461538 1.872340 -0.174220
1.461538 1.957447 -0.210314
1.461538 2.042553 -0.246407
1.461538 2.127660 -0.282500
1.461538 2.212766 -0.318594
1.461538 2.297872 -0.354687
1.461538 2.382979 -0.390781
1.461538 2.468085 -0.426874
1.461538 2.553191 -0.462967
1.461538 2.638298 -0.499061
1.461538 2.723404 -0.535154
1.461538 2.808511 -0.571248
1.461538 2.893617 -0.607341
1.461538 2.978723 -0.643435
1.461538 3.063830 -0.679528
1.461538 3.148936 -0.715621
1.461538 3.234043 -0.751715
1.461538 3.319149 -0.787808
1.461538 3.404255 -0.823902
1.461538 3.489362 -0.859995
1.461538 3.574468 -0.896088
1.461538 3.659574 -0.932182
1.461538 3.744681 -0.968275
1.461538 3.829787 -1.004369
1.461538 3.914894 -1.040462
1.461538 4.000000 0.000000
1.538462 0.000000 0.000000
1.538462 0.085106 0.616364
1.538462 0.170213 0.580271
1.538462 0.255319 0.544178
1.538462 0.340426 0.508084
1.538462 0.425532 0.471991
1.538462 0.510638 0.435897
1.538462 0.595745 0.399804
1.538462 0.680851 0.363711
1.538462 0.765957 0.327617
1.538462 0.851064 0.291524
1.538462 0.936170 0.255430
1.538462 1.021277 0.219337
1.538462 1.106383 0.183243
1.538462 1.191489 0.147150
1.538462 1.276596 0.111057
1.538462 1.361702 0.074963
1.538462 1.446809 0.038870
1.538462 1.531915 0.002776
1.538462 1.617021 -0.033317
1.538462 1.702128 -0.069410
1.538462 1.787234 -0.105504
1.538462 1.872340 -0.141597
1.538462 1.957447 -0.177691
1.538462 2.042553 -0.213784
1.538462 2.127660 -0.249877
1.538462 2.212766 -0.285971
1.538462 2.297872 -0.322064
1.538462 2.382979 -0.358158
1.538462 2.468085 -0.394251
1.538462 2.553191 -0.430345
1.538462 2.638298 -0.466438
1.538462 2.723404 -0.502531
1.538462 2.808511 -0.538625
1.538462 2.893617 -0.574718
1.538462 2.978723 -0.610812
1.538462 3.063830 -0.646905
1.538462 3.148936 -0.682998
1.538462 3.234043 -0.719092
1.538462 3.319149 -0.755185
1.538462 3.404255 -0.791279
1.538462 3.489362 -0.827372
1.538462 3.574468 -0.863466
1.538462 3.659574 -0.899559
1.538462 3.744681 -0.935652
1.538462 3.829787 -0.971746
1.538462 3.914894 -1.007839
1.538462 4.000000 0.000000
1.615385 0.000000 0.000000
1.615385 0.085106 0.648987
1.615385 0.170213 0.612894
1.615385 0.255319 0.576801
1.615385 0.340426 0.540707
1.615385 0.425532 0.504614
1.615385 0.510638 0.468520
1.615385 0.595745 0.432427
1.615385 0.680851 0.396333
1.615385 0.765957 0.360240
1.615385 0.851064 0.324147
1.615385 0.936170 0.288053
1.615385 1.021277 0.251960
1.615385 1.106383 0.215866
1.615385 1.191489 0.179773
1.615385 1.276596 0.143680
1.615385 1.361702 0.107586
1.615385 1.446809 0.071493
1.615385 1.531915 0.035399
1.615385 1.617021 -0.000694
1.615385 1.702128 -0.036788
1.615385 1.787234 -0.072881
1.615385 1.872340 -0.108974
1.615385 1.957447 -0.145068
1.615385 2.042553 -0.181161
1.615385 2.127660 -0.217255
1.615385 2.212766 -0.253348
1.615385 2.297872 -0.289441
1.615385 2.382979 -0.325535
1.615385 2.468085 -0.361628
1.615385 2.553191 -0.397722
1.615385 2.638298 -0.433815
1.615385 2.723404 -0.469908
1.615385 2.808511 -0.506002
1.615385 2.893617 -0.542095
1.615385 2.978723 -0.578189
1.615385 3.063830 -0.614282
1.615385 3.148936 -0.650376
1.615385 3.234043 -0.686469
1.615385 3.319149 -0.722562
1.615385 3.404255 -0.758656
1.615385 3.489362 -0.794749
1.615385 3.574468 -0.830843
1.615385 3.659574 -0.866936
1.615385 3.744681 -0.903029
1.615385 3.829787 -0.939123
1.615385 3.914894 -0.975216
1.615385 4.000000 0.000000
1.692308 0.000000 0.000000
1.692308 0.085106 0.681610
1.692308 0.170213 0.645517
1.692308 0.255319 0.609423
1.692308 0.340426 0.573330
1.692308 0.425532 0.537237
1.692308 0.510638 0.501143
1.692308 0.595745 0.465050
1.692308 0.680851 0.428956
1.692308 0.765957 0.392863
1.692308 0.851064 0.356770
1.692308 0.936170 0.320676
1.692308 1.021277 0.284583
1.692308 1.106383 0.248489
1.692308 1.191489 0.212396
1.692308 1.276596 0.176302
1.692308 1.361702 0.140209
1.692308 1.446809 0.104116
1.692308 1.531915 0.068022
1.692308 1.617021 0.031929
1.692308 1.702128 -0.004165
1.692308 1.787234 -0.040258
1.692308 1.872340 -0.076351
1.692308 1.957447 -0.112445
1.692308 2.042553 -0.148538
1.692308 2.127660 -0.184632
1.692308 2.212766 -0.220725
1.692308 2.297872 -0.256819
1.692308 2.382979 -0.292912
1.692308 2.468085 -0.329005
1.692308 2.553191 -0.365099
1.692308 2.638298 -0.401192
1.692308 2.723404 -0.437286
1.692308 2.808511 -0.473379
1.692308 2.893617 -0.509472
1.692308 2.978723 -0.545566
1.692308 3.063830 -0.581659
1.692308 3.148936 -0.617753
1.692308 3.234043 -0.653846
1.692308 3.319149 -0.689939
1.692308 3.404255 -0.726033
1.692308 3.489362 -0.762126
1.692308 3.574468 -0.798220
1.692308 3.659574 -0.834313
1.692308 3.744681 -0.870407
1.692308 3.829787 -0.906500
1.692308 3.914894 -0.942593
1.692308 4.000000 0.000000
1.769231 0.000000 0.000000
1.769231 0.085106 0.714233
1.769231 0.170213 0.678140
1.769231 0.255319 0.642046
1.769231 0.340426 0.605953
1.769231 0.425532 0.569859
1.769231 0.510638 0.533766
1.769231 0.595745 0.497673
1.769231 0.680851 0.461579
1.769231 0.765957 0.425486
1.769231 0.851064 0.389392
1.769231 0.936170 0.353299
1.769231 1.021277 0.317206
1.769231 1.106383 0.281112
1.769231 1.191489 0.245019
1.769231 1.276596 0.208925
1.769231 1.361702 0.172832
1.769231 1.446809 0.136739
1.769231 1.531915 0.100645
1.769231 1.617021 0.064552
1.769231 1.702128 0.028458
1.769231 1.787234 -0.007635
1.769231 1.872340 -0.043729
1.769231 1.957447 -0.079822
1.769231 2.042553 -0.115915
1.769231 2.127660 -0.152009
1.769231 2.212766 -0.188102
1.769231 2.297872 -0.224196
1.769231 2.382979 -0.260289
1.769231 2.468085 -0.296382
1.769231 2.553191 -0.332476
1.769231 2.638298 -0.368569
1.769231 2.723404 -0.404663
1.769231 2.808511 -0.440756
1.769231 2.893617 -0.476850
1.769231 2.978723 -0.512943
1.769231 3.063830 -0.549036
1.769231 3.148936 -0.585130
1.769231 3.234043 -0.621223
1.769231 3.319149 -0.657317
1.769231 3.404255 -0.693410
1.769231 3.489362 -0.729503
1.769231 3.574468 -0.765597
1.769231 3.659574 -0.801690
1.769231 3.744681 -0.837784
1.769231 3.829787 -0.873877
1.769231 3.914894 -0.909971
1.769231 4.000000 0.000000
1.846154 0.000000 0.000000
1.846154 0.085106 0.746856
1.846154 0.170213 0.710763
1.846154 0.255319 0.674669
1.846154 0.340426 0.638576
1.846154 0.425532 0.602482
1.846154 0.510638 0.566389
1.846154 0.595745 0.530296
1.846154 0.680851 0.494202
1.846154 0.765957 0.458109
1.846154 0.851064 0.422015
1.846154 0.936170 0.385922
1.846154 1.021277 0.349828
1.846154 1.106383 0.313735
1.846154 1.191489 0.277642
1.846154 1.276596 0.241548
1.846154 1.361702 0.205455
1.846154 1.446809 0.169361
1.846154 1.531915 0.133268
1.846154 1.617021 0.097175
1.846154 1.702128 0.061081
1.846154 1.787234 0.024988
1.846154 1.872340 -0.011106
1.846154 1.957447 -0.047199
1.846154 2.042553 -0.083292
1.846154 2.127660 -0.119386
1.846154 2.212766 -0.155479
1.846154 2.297872 -0.191573
1.846154 2.382979 -0.227666
1.846154 2.468085 -0.263760
1.846154 2.553191 -0.299853
1.846154 2.638298 -0.335946
1.846154 2.723404 -0.372040
1.846154 2.808511 -0.408133
1.846154 2.893617 -0.444227
1.846154 2.978723 -0.480320
1.846154 3.063830 -0.516413
1.846154 3.148936 -0.552507
1.846154 3.234043 -0.588600
1.846154 3.319149 -0.624694
1.846154 3.404255 -0.660787
1.846154 3.489362 -0.696881
1.846154 3.574468 -0.732974
1.846154 3.659574 -0.769067
1.846154 3.744681 -0.805161
1.846154 3.829787 -0.841254
1.846154 3.914894 -0.877348
1.846154 4.000000 0.000000
1.923077 0.000000 0.000000
1.923077 0.085106 0.779479
1.923077 0.170213 0.743386
1.923077 0.255319 0.707292
1.923077 0.340426 0.671199
1.923077 0.425532 0.635105
1.923077 0.510638 0.599012
1.923077 0.595745 0.562918
1.923077 0.680851 0.526825
1.923077 0.765957 0.490732
1.923077 0.851064 0.454638
1.923077 0.936170 0.418545
1.923077 1.021277 0.382451
1.923077 1.106383 0.346358
1.923077 1.191489 0.310265
1.923077 1.276596 0.274171
1.923077 1.361702 0.238078
1.923077 1.446809 0.201984
1.923077 1.531915 0.165891
1.923077 1.617021 0.129797
1.923077 1.702128 0.093704
1.923077 1.787234 0.057611
1.923077 1.872340 0.021517
1.923077 1.957447 -0.014576
1.923077 2.042553 -0.050670
1.923077 2.127660 -0.086763
1.923077 2.212766 -0.122856
1.923077 2.297872 -0.158950
1.923077 2.382979 -0.195043
1.923077 2.468085 -0.231137
1.923077 2.553191 -0.267230
1.923077 2.638298 -0.303324
1.923077 2.723404 -0.339417
1.923077 2.808511 -0.375510
1.923077 2.893617 -0.411604
1.923077 2.978723 -0.447697
1.923077 3.063830 -0.483791
1.923077 3.148936 -0.519884
1.923077 3.234043 -0.555977
1.923077 3.319149 -0.592071
1.923077 3.404255 -0.628164
1.923077 3.489362 -0.664258
1.923077 3.574468 -0.700351
1.923077 3.659574 -0.736444
1.923077 3.744681 -0.772538
1.923077 3.829787 -0.808631
1.923077 3.914894 -0.844725
1.923077 4.000000 0.000000
2.000000 0.000000 0.000000
2.000000 0.085106 0.812102
2.000000 0.170213 0.776008
2.000000 0.255319 0.739915
2.000000 0.340426 0.703822
2.000000 0.425532 0.667728
2.000000 0.510638 0.631635
2.000000 0.595745 0.595541
2.000000 0.680851 0.559448
2.000000 0.765957 0.523355
2.000000 0.851064 0.487261
2.000000 0.936170 0.451168
2.000000 1.021277 0.415074
2.000000 1.106383 0.378981
2.000000 1.191489 0.342887
2.000000 1.276596 0.306794
2.000000 1.361702 0.270701
2.000000 1.446809 0.234607
2.000000 1.531915 0.198514
2.000000 1.617021 0.162420
2.000000 1.702128 0.126327
2.000000 1.787234 0.090234
2.000000 1.872340 0.054140
2.000000 1.957447 0.018047
2.000000 2.042553 -0.018047
2.000000 2.127660 -0.054140
2.000000 2.212766 -0.090234
2.000000 2.297872 -0.126327
2.000000 2.382979 -0.162420
2.000000 2.468085 -0.198514
2.000000 2.553191 -0.234607
2.000000 2.638298 -0.270701
2.000000 2.723404 -0.306794
2.000000 2.808511 -0.342887
2.000000 2.893617 -0.378981
2.000000 2.978723 -0.415074
2.000000 3.063830 -0.451168
2.000000 3.148936 -0.487261
2.000000 3.234043 -0.523355
2.000000 3.319149 -0.559448
2.000000 3.404255 -0.595541
2.000000 3.489362 -0.631635
2.000000 3.574468 -0.667728
2.000000 3.659574 -0.703822
2.000000 3.744681 -0.739915
2.000000 3.829787 -0.776008
2.000000 3.914894 -0.812102
2.000000 4.000000 0.000000
2.076923 0.000000 0.000000
2.076923 0.085106 0.844725
2.076923 0.170213 0.808631
2.076923 0.255319 0.772538
2.076923 0.340426 0.736444
2.076923 0.425532 0.700351
2.076923 0.510638 0.664258
2.076923 0.595745 0.628164
2.076923 0.680851 0.592071
2.076923 0.765957 0.555977
2.076923 0.851064 0.519884
2.076923 0.936170 0.483791
2.076923 1.021277 0.447697
2.076923 1.106383 0.411604
2.076923 1.191489 0.375510
2.076923 1.276596 0.339417
2.076923 1.361702 0.303324
2.076923 1.446809 0.267230
2.076923 1.531915 0.231137
2.076923 1.617021 0.195043
2.076923 1.702128 0.158950
2.076923 1.787234 0.122856
2.076923 1.872340 0.086763
2.076923 1.957447 0.050670
2.076923 2.042553 0.014576
2.076923 2.127660 -0.021517
2.076923 2.212766 -0.057611
2.076923 2.297872 -0.093704
2.076923 2.382979 -0.129797
2.076923 2.468085 -0.165891
2.076923 2.553191 -0.201984
2.076923 2.638298 -0.238078
2.076923 2.723404 -0.274171
2.076923 2.808511 -0.310265
2.076923 2.893617 -0.346358
2.076923 2.978723 -0.382451
2.076923 3.063830 -0.418545
2.076923 3.148936 -0.454638
2.076923 3.234043 -0.490732
2.076923 3.319149 -0.526825
2.076923 3.404255 -0.562918
2.076923 3.489362 -0.599012
2.076923 3.574468 -0.635105
2.076923 3.659574 -0.671199
2.076923 3.744681 -0.707292
2.076923 3.829787 -0.743386
2.076923 3.914894 -0.779479
2.076923 4.000000 0.000000
2.153846 0.000000 0.000000
2.153846 0.085106 0.877348
2.153846 0.170213 0.841254
2.153846 0.255319 0.805161
2.153846 0.340426 0.769067
2.153846 0.425532 0.732974
2.153846 0.510638 0.696881
2.153846 0.595745 0.660787
2.153846 0.680851 0.624694
2.153846 0.765957 0.588600
2.153846 0.851064 0.552507
2.153846 0.936170 0.516413
2.153846 1.021277 0.480320
2.153846 1.106383 0.444227
2.153846 1.191489 0.408133
2.153846 1.276596 0.372040
2.153846 1.361702 0.335946
2.153846 1.446809 0.299853
2.153846 1.531915 0.263760
2.153846 1.617021 0.227666
2.153846 1.702128 0.191573
2.153846 1.787234 0.155479
2.153846 1.872340 0.119386
2.153846 1.957447 0.083292
2.153846 2.042553 0.047199
2.153846 2.127660 0.011106
2.153846 2.212766 -0.024988
2.153846 2.297872 -0.061081
2.153846 2.382979 -0.097175
2.153846 2.468085 -0.133268
2.153846 2.553191 -0.169361
2.153846 2.638298 -0.205455
2.153846 2.723404 -0.241548
2.153846 2.808511 -0.277642
2.153846 2.893617 -0.313735
2.153846 2.978723 -0.349828
2.153846 3.063830 -0.385922
2.153846 3.148936 -0.422015
2.153846 3.234043 -0.458109
2.153846 3.319149 -0.494202
2.153846 3.404255 -0.530296
2.153846 3.489362 -0.566389
2.153846 3.574468 -0.602482
2.153846 3.659574 -0.638576
2.153846 3.744681 -0.674669
2.153846 3.829787 -0.710763
2.153846 3.914894 -0.746856
2.153846 4.000000 0.000000
2.230769 0.000000 0.000000
2.230769 0.085106 0.909971
2.230769 0.170213 0.873877
2.230769 0.255319 0.837784
2.230769 0.340426 0.801690
2.230769 0.425532 0.765597
2.230769 0.510638 0.729503
2.230769 0.595745 0.693410
2.230769 0.680851 0.657317
2.230769 0.765957 0.621223
2.230769 0.851064 0.585130
2.230769 0.936170 0.549036
2.230769 1.021277 0.512943
2.230769 1.106383 0.476850
2.230769 1.191489 0.440756
2.230769 1.276596 0.404663
2.230769 1.361702 0.368569
2.230769 1.446809 0.332476
2.230769 1.531915 0.296382
2.230769 1.617021 0.260289
2.230769 1.702128 0.224196
2.230769 1.787234 0.188102
2.230769 1.872340 0.152009
2.230769 1.957447 0.115915
2.230769 2.042553 0.079822
2.230769 2.127660 0.043729
2.230769 2.212766 0.007635
2.230769 2.297872 -0.028458
2.230769 2.382979 -0.064552
2.230769 2.468085 -0.100645
2.230769 2.553191 -0.136739
2.230769 2.638298 -0.172832
2.230769 2.723404 -0.208925
2.230769 2.808511 -0.245019
2.230769 2.893617 -0.281112
2.230769 2.978723 -0.317206
2.230769 3.063830 -0.353299
2.230769 3.148936 -0.389392
2.230769 3.234043 -0.425486
2.230769 3.319149 -0.461579
2.230769 3.404255 -0.497673
2.230769 3.489362 -0.533766
2.230769 3.574468 -0.569859
2.230769 3.659574 -0.605953
2.230769 3.744681 -0.642046
2.230769 3.829787 -0.678140
2.230769 3.914894 -0.714233
2.230769 4.000000 0.000000
2.307692 0.000000 0.000000
2.307692 0.085106 0.942593
2.307692 0.170213 0.906500
2.307692 0.255319 0.870407
2.307692 0.340426 0.834313
2.307692 0.425532 0.798220
2.307692 0.510638 0.762126
2.307692 0.595745 0.726033
2.307692 0.680851 0.689939
2.307692 0.765957 0.653846
2.307692 0.851064 0.617753
2.307692 0.936170 0.581659
2.307692 1.021277 0.545566
2.307692 1.106383 0.509472
2.307692 1.191489 0.473379
2.307692 1.276596 0.437286
2.307692 1.361702 0.401192
2.307692 1.446809 0.365099
2.307692 1.531915 0.329005
2.307692 1.617021 0.292912
2.307692 1.702128 0.256819
2.307692 1.787234 0.220725
2.307692 1.872340 0.184632
2.307692 1.957447 0.148538
2.307692 2.042553 0.112445
2.307692 2.127660 0.076351
2.307692 2.212766 0.040258
2.307692 2.297872 0.004165
2.307692 2.382979 -0.031929
2.307692 2.468085 -0.068022
2.307692 2.553191 -0.104116
2.307692 2.638298 -0.140209
2.307692 2.723404 -0.176302
2.307692 2.808511 -0.212396
2.307692 2.893617 -0.248489
2.307692 2.978723 -0.284583
2.307692 3.063830 -0.320676
2.307692 3.148936 -0.356770
2.307692 3.234043 -0.392863
2.307692 3.319149 -0.428956
2.307692 3.404255 -0.465050
2.307692 3.489362 -0.501143
2.307692 3.574468 -0.537237
2.307692 3.659574 -0.573330
2.307692 3.744681 -0.609423
2.307692 3.829787 -0.645517
2.307692 3.914894 -0.681610
2.307692 4.000000 0.000000
2.384615 0.000000 0.000000
2.384615 0.085106 0.975216
2.384615 0.170213 0.939123
2.384615 0.255319 0.903029
2.384615 0.340426 0.866936
2.384615 0.425532 0.830843
2.384615 0.510638 0.794749
2.384615 0.595745 0.758656
2.384615 0.680851 0.722562
2.384615 0.765957 0.686469
2.384615 0.851064 0.650376
2.384615 0.936170 0.614282
2.384615 1.021277 0.578189
2.384615 1.106383 0.542095
2.384615 1.191489 0.506002
2.384615 1.276596 0.469908
2.384615 1.361702 0.433815
2.384615 1.446809 0.397722
2.384615 1.531915 0.361628
2.384615 1.617021 0.325535
2.384615 1.702128 0.289441
2.384615 1.787234 0.253348
2.384615 1.872340 0.217255
2.384615 1.957447 0.181161
2.384615 2.042553 0.145068
2.384615 2.127660 0.108974
2.384615 2.212766 0.072881
2.384615 2.297872 0.036788
2.384615 2.382979 0.000694
2.384615 2.468085 -0.035399
2.384615 2.553191 -0.071493
2.384615 2.638298 -0.107586
2.384615 2.723404 -0.143680
2.384615 2.808511 -0.179773
2.384615 2.893617 -0.215866
2.384615 2.978723 -0.251960
2.384615 3.063830 -0.288053
2.384615 3.148936 -0.324147
2.384615 3.234043 -0.360240
2.384615 3.319149 -0.396333
2.384615 3.404255 -0.432427
2.384615 3.489362 -0.468520
2.384615 3.574468 -0.504614
2.384615 3.659574 -0.540707
2.384615 3.744681 -0.576801
2.384615 3.829787 -0.612894
2.384615 3.914894 -0.648987
2.384615 4.000000 0.000000
2.461538 0.000000 0.000000
2.461538 0.085106 1.007839
2.461538 0.170213 0.971746
2.461538 0.255319 0.935652
2.461538 0.340426 0.899559
2.461538 0.425532 0.863466
2.461538 0.510638 0.827372
2.461538 0.595745 0.791279
2.461538 0.680851 0.755185
2.461538 0.765957 0.719092
2.461538 0.851064 0.682998
2.461538 0.936170 0.646905
2.461538 1.021277 0.610812
2.461538 1.106383 0.574718
2.461538 1.191489 0.538625
2.461538 1.276596 0.502531
2.461538 1.361702 0.466438
2.461538 1.446809 0.430345
2.461538 1.531915 0.394251
2.461538 1.617021 0.358158
2.461538 1.702128 0.322064
2.461538 1.787234 0.285971
2.461538 1.872340 0.249877
2.461538 1.957447 0.213784
2.461538 2.042553 0.177691
2.461538 2.127660 0.141597
2.461538 2.212766 0.105504
2.461538 2.297872 0.069410
2.461538 2.382979 0.033317
2.461538 2.468085 -0.002776
2.461538 2.553191 -0.038870
2.461538 2.638298 -0.074963
2.461538 2.723404 -0.111057
2.461538 2.808511 -0.147150
2.461538 2.893617 -0.183243
2.461538 2.978723 -0.219337
2.461538 3.063830 -0.255430
2.461538 3.148936 -0.291524
2.461538 3.234043 -0.327617
2.461538 3.319149 -0.363711
2.461538 3.404255 -0.399804
2.461538 3.489362 -0.435897
2.461538 3.574468 -0.471991
2.461538 3.659574 -0.508084
2.461538 3.744681 -0.544178
2.461538 3.829787 -0.580271
2.461538 3.914894 -0.616364
2.461538 4.000000 0.000000
2.538462 0.000000 0.000000
2.538462 0.085106 1.040462
2.538462 0.170213 1.004369
2.538462 0.255319 0.968275
2.538462 0.340426 0.932182
2.538462 0.425532 0.896088
2.538462 0.510638 0.859995
2.538462 0.595745 0.823902
2.538462 0.680851 0.787808
2.538462 0.765957 0.751715
2.538462 0.851064 0.715621
2.538462 0.936170 0.679528
2.538462 1.021277 0.643435
2.538462 1.106383 0.607341
2.538462 1.191489 0.571248
2.538462 1.276596 0.535154
2.538462 1.361702 0.499061
2.538462 1.446809 0.462967
2.538462 1.531915 0.426874
2.538462 1.617021 0.390781
2.538462 1.702128 0.354687
2.538462 1.787234 0.318594
2.538462 1.872340 0.282500
2.538462 1.957447 0.246407
2.538462 2.042553 0.210314
2.538462 2.127660 0.174220
2.538462 2.212766 0.138127
2.538462 2.297872 0.102033
2.538462 2.382979 0.065940
2.538462 2.468085 0.029846
2.538462 2.553191 -0.006247
2.538462 2.638298 -0.042340
2.538462 2.723404 -0.078434
2.538462 2.808511 -0.114527
2.538462 2.893617 -0.150621
2.538462 2.978723 -0.186714
2.538462 3.063830 -0.222807
2.538462 3.148936 -0.258901
2.538462 3.234043 -0.294994
2.538462 3.319149 -0.331088
2.538462 3.404255 -0.367181
2.538462 3.489362 -0.403274
2.538462 3.574468 -0.439368
2.538462 3.659574 -0.475461
2.538462 3.744681 -0.511555
2.538462 3.829787 -0.547648
2.538462 3.914894 -0.583742
2.538462 4.000000 0.000000
2.615385 0.000000 0.000000
2.615385 0.085106 1.073085
2.615385 0.170213 1.036992
2.615385 0.255319 1.000898
2.615385 0.340426 0.964805
2.615385 0.425532 0.928711
2.615385 0.510638 0.892618
2.615385 0.595745 0.856524
2.615385 0.680851 0.820431
2.615385 0.765957 0.784338
2.615385 0.851064 0.748244
2.615385 0.936170 0.712151
2.615385 1.021277 0.676057
2.615385 1.106383 0.639964
2.615385 1.191489 0.603871
2.615385 1.276596 0.567777
2.615385 1.361702 0.531684
2.615385 1.446809 0.495590
2.615385 1.531915 0.459497
2.615385 1.617021 0.423404
2.615385 1.702128 0.387310
2.615385 1.787234 0.351217
2.615385 1.872340 0.315123
2.615385 1.957447 0.279030
2.615385 2.042553 0.242936
2.615385 2.127660 0.206843
2.615385 2.212766 0.170750
2.615385 2.297872 0.134656
2.615385 2.382979 0.098563
2.615385 2.468085 0.062469
2.615385 2.553191 0.026376
2.615385 2.638298 -0.009717
2.615385 2.723404 -0.045811
2.615385 2.808511 -0.081904
2.615385 2.893617 -0.117998
2.615385 2.978723 -0.154091
2.615385 3.063830 -0.190185
2.615385 3.148936 -0.226278
2.615385 3.234043 -0.262371
2.615385 3.319149 -0.298465
2.615385 3.404255 -0.334558
2.615385 3.489362 -0.370652
2.615385 3.574468 -0.406745
2.615385 3.659574 -0.442838
2.615385 3.744681 -0.478932
2.615385 3.829787 -0.515025
2.615385 3.914894 -0.551119
2.615385 4.000000 0.000000
2.692308 0.000000 0.000000
2.692308 0.085106 1.105708
2.692308 0.170213 1.069614
2.692308 0.255319 1.033521
2.692308 0.340426 0.997428
2.692308 0.425532 0.961334
2.692308 0.510638 0.925241
2.692308 0.595745 0.889147
2.692308 0.680851 0.853054
2.692308 0.765957 0.816961
2.692308 0.851064 0.780867
2.692308 0.936170 0.744774
2.692308 1.021277 0.708680
2.692308 1.106383 0.672587
2.692308 1.191489 0.636493
2.692308 1.276596 0.600400
2.692308 1.361702 0.564307
2.692308 1.446809 0.528213
2.692308 1.531915 0.492120
2.692308 1.617021 0.456026
2.692308 1.702128 0.419933
2.692308 1.787234 0.383840
2.692308 1.872340 0.347746
2.692308 1.957447 0.311653
2.692308 2.042553 0.275559
2.692308 2.127660 0.239466
2.692308 2.212766 0.203373
2.692308 2.297872 0.167279
2.692308 2.382979 0.131186
2.692308 2.468085 0.095092
2.692308 2.553191 0.058999
2.692308 2.638298 0.022905
2.692308 2.723404 -0.013188
2.692308 2.808511 -0.049281
2.692308 2.893617 -0.085375
2.692308 2.978723 -0.121468
2.692308 3.063830 -0.157562
2.692308 3.148936 -0.193655
2.692308 3.234043 -0.229748
2.692308 3.319149 -0.265842
2.692308 3.404255 -0.301935
2.692308 3.489362 -0.338029
2.692308 3.574468 -0.374122
2.692308 3.659574 -0.410216
2.692308 3.744681 -0.446309
2.692308 3.829787 -0.482402
2.692308 3.914894 -0.518496
2.692308 4.000000 0.000000
2.769231 0.000000 0.000000
2.769231 0.085106 1.138331
2.769231 0.170213 1.102237
2.769231 0.255319 1.066144
2.769231 0.340426 1.030051
2.769231 0.425532 0.993957
2.769231 0.510638 0.957864
2.769231 0.595745 0.921770
2.769231 0.680851 0.885677
2.769231 0.765957 0.849583
2.769231 0.851064 0.813490
2.769231 0.936170 0.777397
2.769231 1.021277 0.741303
2.769231 1.106383 0.705210
2.769231 1.191489 0.669116
2.769231 1.276596 0.633023
2.769231 1.361702 0.596930
2.769231 1.446809 0.560836
2.769231 1.531915 0.524743
2.769231 1.617021 0.488649
2.769231 1.702128 0.452556
2.769231 1.787234 0.416462
2.769231 1.872340 0.380369
2.769231 1.957447 0.344276
2.769231 2.042553 0.308182
2.769231 2.127660 0.272089
2.769231 2.212766 0.235995
2.769231 2.297872 0.199902
2.769231 2.382979 0.163809
2.769231 2.468085 0.127715
2.769231 2.553191 0.091622
2.769231 2.638298 0.055528
2.769231 2.723404 0.019435
2.769231 2.808511 -0.016658
2.769231 2.893617 -0.052752
2.769231 2.978723 -0.088845
2.769231 3.063830 -0.124939
2.769231 3.148936 -0.161032
2.769231 3.234043 -0.197126
2.769231 3.319149 -0.233219
2.769231 3.404255 -0.269312
2.769231 3.489362 -0.305406
2.769231 3.574468 -0.341499
2.769231 3.659574 -0.377593
2.769231 3.744681 -0.413686
2.769231 3.829787 -0.449779
2.769231 3.914894 -0.485873
2.769231 4.000000 0.000000
2.846154 0.000000 0.000000
2.846154 0.085106 1.170954
2.846154 0.170213 1.134860
2.846154 0.255319 1.098767
2.846154 0.340426 1.062673
2.846154 0.425532 1.026580
2.846154 0.510638 0.990487
2.846154 0.595745 0.954393
2.846154 0.680851 0.918300
2.846154 0.765957 0.882206
2.846154 0.851064 0.846113
2.846154 0.936170 0.810020
2.846154 1.021277 0.773926
2.846154 1.106383 0.737833
2.846154 1.191489 0.701739
2.846154 1.276596 0.665646
2.846154 1.361702 0.629552
2.846154 1.446809 0.593459
2.846154 1.531915 0.557366
2.846154 1.617021 0.521272
2.846154 1.702128 0.485179
2.846154 1.787234 0.449085
2.846154 1.872340 0.412992
2.846154 1.957447 0.376899
2.846154 2.042553 0.340805
2.846154 2.127660 0.304712
2.846154 2.212766 0.268618
2.846154 2.297872 0.232525
2.846154 2.382979 0.196431
2.846154 2.468085 0.160338
2.846154 2.553191 0.124245
2.846154 2.638298 0.088151
2.846154 2.723404 0.052058
2.846154 2.808511 0.015964
2.846154 2.893617 -0.020129
2.846154 2.978723 -0.056222
2.846154 3.063830 -0.092316
2.846154 3.148936 -0.128409
2.846154 3.234043 -0.164503
2.846154 3.319149 -0.200596
2.846154 3.404255 -0.236690
2.846154 3.489362 -0.272783
2.846154 3.574468 -0.308876
2.846154 3.659574 -0.344970
2.846154 3.744681 -0.381063
2.846154 3.829787 -0.417157
2.846154 3.914894 -0.453250
2.846154 4.000000 0.000000
2.923077 0.000000 0.000000
2.923077 0.085106 1.203577
2.923077 0.170213 1.167483
2.923077 0.255319 1.131390
2.923077 0.340426 1.095296
2.923077 0.425532 1.059203
2.923077 0.510638 1.023109
2.923077 0.595745 0.987016
2.923077 0.680851 0.950923
2.923077 0.765957 0.914829
2.923077 0.851064 0.878736
2.923077 0.936170 0.842642
2.923077 1.021277 0.806549
2.923077 1.106383 0.770456
2.923077 1.191489 0.734362
2.923077 1.276596 0.698269
2.923077 1.361702 0.662175
2.923077 1.446809 0.626082
2.923077 1.531915 0.589989
2.923077 1.617021 0.553895
2.923077 1.702128 0.517802
2.923077 1.787234 0.481708
2.923077 1.872340 0.445615
2.923077 1.957447 0.409521
2.923077 2.042553 0.373428
2.923077 2.127660 0.337335
2.923077 2.212766 0.301241
2.923077 2.297872 0.265148
2.923077 2.382979 0.229054
2.923077 2.468085 0.192961
2.923077 2.553191 0.156868
2.923077 2.638298 0.120774
2.923077 2.723404 0.084681
2.923077 2.808511 0.048587
2.923077 2.893617 0.012494
2.923077 2.978723 -0.023600
2.923077 3.063830 -0.059693
2.923077 3.148936 -0.095786
2.923077 3.234043 -0.131880
2.923077 3.319149 -0.167973
2.923077 3.404255 -0.204067
2.923077 3.489362 -0.240160
2.923077 3.574468 -0.276253
2.923077 3.659574 -0.312347
2.923077 3.744681 -0.348440
2.923077 3.829787 -0.384534
2.923077 3.914894 -0.420627
2.923077 4.000000 0.000000
3.000000 0.000000 0.000000
3.000000 0.085106 0.000000
3.000000 0.170213 0.000000
3.000000 0.255319 0.000000
3.000000 0.340426 0.000000
3.000000 0.425532 0.000000
3.000000 0.510638 0.000000
3.000000 0.595745 0.000000
3.000000 0.680851 0.000000
3.000000 0.765957 0.000000
3.000000 0.851064 0.000000
3.000000 0.936170 0.000000
3.000000 1.021277 0.000000
3.000000 1.106383 0.000000
3.000000 1.191489 0.000000
3.000000 1.276596 0.000000
3.000000 1.361702 0.000000
3.000000 1.446809 0.000000
3.000000 1.531915 0.000000
3.000000 1.617021 0.000000
3.000000 1.702128 0.000000
3.000000 1.787234 0.000000
3.000000 1.872340 0.000000
3.000000 1.957447 0.000000
3.000000 2.042553 0.000000
3.000000 2.127660 0.000000
3.000000 2.212766 0.000000
3.000000 2.297872 0.000000
3.000000 2.382979 0.000000
3.000000 2.468085 0.000000
3.000000 2.553191 0.000000
3.000000 2.638298 0.000000
3.000000 2.723404 0.000000
3.000000 2.808511 0.000000
3.000000 2.893617 0.000000
3.000000 2.978723 0.000000
3.000000 3.063830 0.000000
3.000000 3.148936 0.000000
3.000000 3.234043 0.000000
3.000000 3.319149 0.000000
3.000000 3.404255 0.000000
3.000000 3.489362 0.000000
3.000000 3.574468 0.000000
3.000000 3.659574 0.000000
3.000000 3.744681 0.000000
3.000000 3.829787 0.000000
3.000000 3.914894 0.000000
3.000000 4.000000 0.000000
