0.000000 0.000000 0.000000
0.000000 0.090909 0.090909
0.000000 0.181818 0.181818
0.000000 0.272727 0.272727
0.000000 0.363636 0.363636
0.000000 0.454545 0.454545
0.000000 0.545455 0.545455
0.000000 0.636364 0.636364
0.000000 0.727273 0.727273
0.000000 0.818182 0.818182
0.000000 0.909091 0.909091
0.000000 1.000000 1.000000
0.142857 0.000000 0.142857
0.142857 0.090909 0.233766
0.142857 0.181818 0.324675
0.142857 0.272727 0.415584
0.142857 0.363636 0.506494
0.142857 0.454545 0.597403
0.142857 0.545455 0.688312
0.142857 0.636364 0.779221
0.142857 0.727273 0.870130
0.142857 0.818182 0.961039
0.142857 0.909091 1.051948
0.142857 1.000000 1.142857
0.285714 0.000000 0.285714
0.285714 0.090909 0.376623
0.285714 0.181818 0.467532
0.285714 0.272727 0.558442
0.285714 0.363636 0.649351
0.285714 0.454545 0.740260
0.285714 0.545455 0.831169
0.285714 0.636364 0.922078
0.285714 0.727273 1.012987
0.285714 0.818182 1.103896
0.285714 0.909091 1.194805
0.285714 1.000000 1.285714
0.428571 0.000000 0.428571
0.428571 0.090909 0.519481
0.428571 0.181818 0.610390
0.428571 0.272727 0.701299
0.428571 0.363636 0.792208
0.428571 0.454545 0.883117
0.428571 0.545455 0.974026
0.428571 0.636364 1.064935
0.428571 0.727273 1.155844
0.428571 0.818182 1.246753
0.428571 0.909091 1.337662
0.428571 1.000000 1.428571
0.571429 0.000000 0.571429
0.571429 0.090909 0.662338
0.571429 0.181818 0.753247
0.571429 0.272727 0.844156
0.571429 0.363636 0.935065
0.571429 0.454545 1.025974
0.571429 0.545455 1.116883
0.571429 0.636364 1.207792
0.571429 0.727273 1.298701
0.571429 0.818182 1.389610
0.571429 0.909091 1.480519
0.571429 1.000000 1.571429
0.714286 0.000000 0.714286
0.714286 0.090909 0.805195
0.714286 0.181818 0.896104
0.714286 0.272727 0.987013
0.714286 0.363636 1.077922
0.714286 0.454545 1.168831
0.714286 0.545455 1.259740
0.714286 0.636364 1.350649
0.714286 0.727273 1.441558
0.714286 0.818182 1.532468
0.714286 0.909091 1.623377
0.714286 1.000000 1.714286
0.857143 0.000000 0.857143
0.857143 0.090909 0.948052
0.857143 0.181818 1.038961
0.857143 0.272727 1.129870
0.857143 0.363636 1.220779
0.857143 0.454545 1.311688
0.857143 0.545455 1.402597
0.857143 0.636364 1.493506
0.857143 0.727273 1.584416
0.857143 0.818182 1.675325
0.857143 0.909091 1.766234
0.857143 1.000000 1.857143
1.000000 0.000000 1.000000
1.000000 0.090909 1.090909
1.000000 0.181818 1.181818
1.000000 0.272727 1.272727
1.000000 0.363636 1.363636
1.000000 0.454545 1.454545
1.000000 0.545455 1.545455
1.000000 0.636364 1.636364
1.000000 0.727273 1.727273
1.000000 0.818182 1.818182
1.000000 0.909091 1.909091
1.000000 1.000000 2.000000
