0.000000 0.000000 0.247404
0.000000 0.047619 0.259470
0.000000 0.095238 0.272125
0.000000 0.142857 0.285397
0.000000 0.190476 0.299316
0.000000 0.238095 0.313914
0.000000 0.285714 0.329223
0.000000 0.333333 0.345280
0.000000 0.380952 0.362120
0.000000 0.428571 0.379781
0.000000 0.476190 0.398303
0.000000 0.523810 0.417729
0.000000 0.571429 0.438102
0.000000 0.619048 0.459468
0.000000 0.666667 0.481877
0.000000 0.714286 0.505379
0.000000 0.761905 0.530027
0.000000 0.809524 0.555877
0.000000 0.857143 0.582987
0.000000 0.904762 0.611420
0.000000 0.952381 0.641240
0.000000 1.000000 0.672514
0.500000 0.000000 0.217117
0.500000 0.047619 0.227706
0.500000 0.095238 0.238812
0.500000 0.142857 0.250459
0.500000 0.190476 0.262674
0.500000 0.238095 0.275485
0.500000 0.285714 0.288921
0.500000 0.333333 0.303012
0.500000 0.380952 0.317790
0.500000 0.428571 0.333289
0.500000 0.476190 0.349544
0.500000 0.523810 0.366591
0.500000 0.571429 0.384470
0.500000 0.619048 0.403221
0.500000 0.666667 0.422887
0.500000 0.714286 0.443512
0.500000 0.761905 0.465142
0.500000 0.809524 0.487828
0.500000 0.857143 0.511619
0.500000 0.904762 0.536572
0.500000 0.952381 0.562741
0.500000 1.000000 0.590186
1.000000 0.000000 0.133673
1.000000 0.047619 0.140192
1.000000 0.095238 0.147030
1.000000 0.142857 0.154200
1.000000 0.190476 0.161721
1.000000 0.238095 0.169608
1.000000 0.285714 0.177880
1.000000 0.333333 0.186556
1.000000 0.380952 0.195654
1.000000 0.428571 0.205196
1.000000 0.476190 0.215204
1.000000 0.523810 0.225700
1.000000 0.571429 0.236707
1.000000 0.619048 0.248252
1.000000 0.666667 0.260359
1.000000 0.714286 0.273057
1.000000 0.761905 0.286375
1.000000 0.809524 0.300341
1.000000 0.857143 0.314989
1.000000 0.904762 0.330352
1.000000 0.952381 0.346463
1.000000 1.000000 0.363361
1.500000 0.000000 0.017501
1.500000 0.047619 0.018354
1.500000 0.095238 0.019249
1.500000 0.142857 0.020188
1.500000 0.190476 0.021173
1.500000 0.238095 0.022205
1.500000 0.285714 0.023288
1.500000 0.333333 0.024424
1.500000 0.380952 0.025615
1.500000 0.428571 0.026865
1.500000 0.476190 0.028175
1.500000 0.523810 0.029549
1.500000 0.571429 0.030990
1.500000 0.619048 0.032502
1.500000 0.666667 0.034087
1.500000 0.714286 0.035749
1.500000 0.761905 0.037493
1.500000 0.809524 0.039321
1.500000 0.857143 0.041239
1.500000 0.904762 0.043250
1.500000 0.952381 0.045360
1.500000 1.000000 0.047572
2.000000 0.000000 -0.102956
2.000000 0.047619 -0.107978
2.000000 0.095238 -0.113244
2.000000 0.142857 -0.118767
2.000000 0.190476 -0.124559
2.000000 0.238095 -0.130634
2.000000 0.285714 -0.137005
2.000000 0.333333 -0.143687
2.000000 0.380952 -0.150695
2.000000 0.428571 -0.158045
2.000000 0.476190 -0.165753
2.000000 0.523810 -0.173836
2.000000 0.571429 -0.182315
2.000000 0.619048 -0.191206
2.000000 0.666667 -0.200532
2.000000 0.714286 -0.210312
2.000000 0.761905 -0.220569
2.000000 0.809524 -0.231326
2.000000 0.857143 -0.242608
2.000000 0.904762 -0.254441
2.000000 0.952381 -0.266850
2.000000 1.000000 -0.279864
2.500000 0.000000 -0.198206
2.500000 0.047619 -0.207873
2.500000 0.095238 -0.218011
2.500000 0.142857 -0.228644
2.500000 0.190476 -0.239795
2.500000 0.238095 -0.251490
2.500000 0.285714 -0.263755
2.500000 0.333333 -0.276619
2.500000 0.380952 -0.290110
2.500000 0.428571 -0.304259
2.500000 0.476190 -0.319098
2.500000 0.523810 -0.334661
2.500000 0.571429 -0.350982
2.500000 0.619048 -0.368100
2.500000 0.666667 -0.386053
2.500000 0.714286 -0.404881
2.500000 0.761905 -0.424627
2.500000 0.809524 -0.445337
2.500000 0.857143 -0.467057
2.500000 0.904762 -0.489835
2.500000 0.952381 -0.513725
2.500000 1.000000 -0.538780
3.000000 0.000000 -0.244928
3.000000 0.047619 -0.256873
3.000000 0.095238 -0.269401
3.000000 0.142857 -0.282540
3.000000 0.190476 -0.296320
3.000000 0.238095 -0.310772
3.000000 0.285714 -0.325929
3.000000 0.333333 -0.341825
3.000000 0.380952 -0.358496
3.000000 0.428571 -0.375980
3.000000 0.476190 -0.394317
3.000000 0.523810 -0.413548
3.000000 0.571429 -0.433717
3.000000 0.619048 -0.454870
3.000000 0.666667 -0.477055
3.000000 0.714286 -0.500321
3.000000 0.761905 -0.524722
3.000000 0.809524 -0.550314
3.000000 0.857143 -0.577153
3.000000 0.904762 -0.605301
3.000000 0.952381 -0.634823
3.000000 1.000000 -0.665784
3.500000 0.000000 -0.231683
3.500000 0.047619 -0.242983
3.500000 0.095238 -0.254833
3.500000 0.142857 -0.267262
3.500000 0.190476 -0.280296
3.500000 0.238095 -0.293966
3.500000 0.285714 -0.308304
3.500000 0.333333 -0.323340
3.500000 0.380952 -0.339109
3.500000 0.428571 -0.355648
3.500000 0.476190 -0.372993
3.500000 0.523810 -0.391185
3.500000 0.571429 -0.410263
3.500000 0.619048 -0.430272
3.500000 0.666667 -0.451257
3.500000 0.714286 -0.473265
3.500000 0.761905 -0.496347
3.500000 0.809524 -0.520554
3.500000 0.857143 -0.545942
3.500000 0.904762 -0.572568
3.500000 0.952381 -0.600493
3.500000 1.000000 -0.629780
4.000000 0.000000 -0.161714
4.000000 0.047619 -0.169601
4.000000 0.095238 -0.177873
4.000000 0.142857 -0.186548
4.000000 0.190476 -0.195646
4.000000 0.238095 -0.205188
4.000000 0.285714 -0.215195
4.000000 0.333333 -0.225690
4.000000 0.380952 -0.236697
4.000000 0.428571 -0.248241
4.000000 0.476190 -0.260348
4.000000 0.523810 -0.273046
4.000000 0.571429 -0.286362
4.000000 0.619048 -0.300329
4.000000 0.666667 -0.314976
4.000000 0.714286 -0.330338
4.000000 0.761905 -0.346449
4.000000 0.809524 -0.363345
4.000000 0.857143 -0.381066
4.000000 0.904762 -0.399651
4.000000 0.952381 -0.419142
4.000000 1.000000 -0.439584
4.500000 0.000000 -0.052152
4.500000 0.047619 -0.054695
4.500000 0.095238 -0.057363
4.500000 0.142857 -0.060160
4.500000 0.190476 -0.063094
4.500000 0.238095 -0.066172
4.500000 0.285714 -0.069399
4.500000 0.333333 -0.072784
4.500000 0.380952 -0.076333
4.500000 0.428571 -0.080056
4.500000 0.476190 -0.083961
4.500000 0.523810 -0.088055
4.500000 0.571429 -0.092350
4.500000 0.619048 -0.096854
4.500000 0.666667 -0.101578
4.500000 0.714286 -0.106532
4.500000 0.761905 -0.111727
4.500000 0.809524 -0.117176
4.500000 0.857143 -0.122891
4.500000 0.904762 -0.128885
4.500000 0.952381 -0.135171
4.500000 1.000000 -0.141763
5.000000 0.000000 0.070179
5.000000 0.047619 0.073602
5.000000 0.095238 0.077191
5.000000 0.142857 0.080956
5.000000 0.190476 0.084905
5.000000 0.238095 0.089045
5.000000 0.285714 0.093388
5.000000 0.333333 0.097943
5.000000 0.380952 0.102720
5.000000 0.428571 0.107729
5.000000 0.476190 0.112983
5.000000 0.523810 0.118494
5.000000 0.571429 0.124273
5.000000 0.619048 0.130334
5.000000 0.666667 0.136690
5.000000 0.714286 0.143357
5.000000 0.761905 0.150349
5.000000 0.809524 0.157681
5.000000 0.857143 0.165371
5.000000 0.904762 0.173437
5.000000 0.952381 0.181895
5.000000 1.000000 0.190767
5.500000 0.000000 0.175328
5.500000 0.047619 0.183879
5.500000 0.095238 0.192847
5.500000 0.142857 0.202252
5.500000 0.190476 0.212116
5.500000 0.238095 0.222461
5.500000 0.285714 0.233311
5.500000 0.333333 0.244690
5.500000 0.380952 0.256623
5.500000 0.428571 0.269139
5.500000 0.476190 0.282265
5.500000 0.523810 0.296032
5.500000 0.571429 0.310469
5.500000 0.619048 0.325611
5.500000 0.666667 0.341492
5.500000 0.714286 0.358147
5.500000 0.761905 0.375614
5.500000 0.809524 0.393933
5.500000 0.857143 0.413145
5.500000 0.904762 0.433295
5.500000 0.952381 0.454427
5.500000 1.000000 0.476590
6.000000 0.000000 0.237550
6.000000 0.047619 0.249135
6.000000 0.095238 0.261286
6.000000 0.142857 0.274029
6.000000 0.190476 0.287394
6.000000 0.238095 0.301410
6.000000 0.285714 0.316111
6.000000 0.333333 0.331528
6.000000 0.380952 0.347697
6.000000 0.428571 0.364654
6.000000 0.476190 0.382439
6.000000 0.523810 0.401091
6.000000 0.571429 0.420652
6.000000 0.619048 0.441168
6.000000 0.666667 0.462684
6.000000 0.714286 0.485250
6.000000 0.761905 0.508916
6.000000 0.809524 0.533736
6.000000 0.857143 0.559767
6.000000 0.904762 0.587067
6.000000 0.952381 0.615699
6.000000 1.000000 0.645728
6.500000 0.000000 0.241612
6.500000 0.047619 0.253395
6.500000 0.095238 0.265754
6.500000 0.142857 0.278715
6.500000 0.190476 0.292308
6.500000 0.238095 0.306564
6.500000 0.285714 0.321516
6.500000 0.333333 0.337196
6.500000 0.380952 0.353642
6.500000 0.428571 0.370889
6.500000 0.476190 0.388978
6.500000 0.523810 0.407949
6.500000 0.571429 0.427845
6.500000 0.619048 0.448711
6.500000 0.666667 0.470595
6.500000 0.714286 0.493547
6.500000 0.761905 0.517617
6.500000 0.809524 0.542862
6.500000 0.857143 0.569338
6.500000 0.904762 0.597105
6.500000 0.952381 0.626227
6.500000 1.000000 0.656769
7.000000 0.000000 0.186518
7.000000 0.047619 0.195615
7.000000 0.095238 0.205155
7.000000 0.142857 0.215161
7.000000 0.190476 0.225655
7.000000 0.238095 0.236660
7.000000 0.285714 0.248202
7.000000 0.333333 0.260307
7.000000 0.380952 0.273003
7.000000 0.428571 0.286318
7.000000 0.476190 0.300282
7.000000 0.523810 0.314927
7.000000 0.571429 0.330286
7.000000 0.619048 0.346394
7.000000 0.666667 0.363288
7.000000 0.714286 0.381006
7.000000 0.761905 0.399588
7.000000 0.809524 0.419077
7.000000 0.857143 0.439515
7.000000 0.904762 0.460951
7.000000 0.952381 0.483432
7.000000 1.000000 0.507010
7.500000 0.000000 0.085759
7.500000 0.047619 0.089942
7.500000 0.095238 0.094328
7.500000 0.142857 0.098929
7.500000 0.190476 0.103753
7.500000 0.238095 0.108814
7.500000 0.285714 0.114120
7.500000 0.333333 0.119686
7.500000 0.380952 0.125523
7.500000 0.428571 0.131645
7.500000 0.476190 0.138066
7.500000 0.523810 0.144799
7.500000 0.571429 0.151862
7.500000 0.619048 0.159268
7.500000 0.666667 0.167036
7.500000 0.714286 0.175182
7.500000 0.761905 0.183726
7.500000 0.809524 0.192686
7.500000 0.857143 0.202084
7.500000 0.904762 0.211940
7.500000 0.952381 0.222276
7.500000 1.000000 0.233117
8.000000 0.000000 -0.035997
8.000000 0.047619 -0.037753
8.000000 0.095238 -0.039594
8.000000 0.142857 -0.041525
8.000000 0.190476 -0.043550
8.000000 0.238095 -0.045674
8.000000 0.285714 -0.047902
8.000000 0.333333 -0.050238
8.000000 0.380952 -0.052688
8.000000 0.428571 -0.055258
8.000000 0.476190 -0.057953
8.000000 0.523810 -0.060780
8.000000 0.571429 -0.063744
8.000000 0.619048 -0.066853
8.000000 0.666667 -0.070113
8.000000 0.714286 -0.073533
8.000000 0.761905 -0.077119
8.000000 0.809524 -0.080880
8.000000 0.857143 -0.084825
8.000000 0.904762 -0.088962
8.000000 0.952381 -0.093300
8.000000 1.000000 -0.097851
8.500000 0.000000 -0.148940
8.500000 0.047619 -0.156204
8.500000 0.095238 -0.163822
8.500000 0.142857 -0.171812
8.500000 0.190476 -0.180192
8.500000 0.238095 -0.188980
8.500000 0.285714 -0.198196
8.500000 0.333333 -0.207863
8.500000 0.380952 -0.218000
8.500000 0.428571 -0.228632
8.500000 0.476190 -0.239783
8.500000 0.523810 -0.251478
8.500000 0.571429 -0.263742
8.500000 0.619048 -0.276605
8.500000 0.666667 -0.290096
8.500000 0.714286 -0.304244
8.500000 0.761905 -0.319082
8.500000 0.809524 -0.334644
8.500000 0.857143 -0.350965
8.500000 0.904762 -0.368082
8.500000 0.952381 -0.386034
8.500000 1.000000 -0.404861
9.000000 0.000000 -0.225417
9.000000 0.047619 -0.236411
9.000000 0.095238 -0.247941
9.000000 0.142857 -0.260033
9.000000 0.190476 -0.272716
9.000000 0.238095 -0.286016
9.000000 0.285714 -0.299965
9.000000 0.333333 -0.314595
9.000000 0.380952 -0.329938
9.000000 0.428571 -0.346030
9.000000 0.476190 -0.362906
9.000000 0.523810 -0.380605
9.000000 0.571429 -0.399168
9.000000 0.619048 -0.418636
9.000000 0.666667 -0.439053
9.000000 0.714286 -0.460466
9.000000 0.761905 -0.482923
9.000000 0.809524 -0.506476
9.000000 0.857143 -0.531177
9.000000 0.904762 -0.557083
9.000000 0.952381 -0.584253
9.000000 1.000000 -0.612748
9.500000 0.000000 -0.246704
9.500000 0.047619 -0.258736
9.500000 0.095238 -0.271355
9.500000 0.142857 -0.284589
9.500000 0.190476 -0.298469
9.500000 0.238095 -0.313026
9.500000 0.285714 -0.328292
9.500000 0.333333 -0.344304
9.500000 0.380952 -0.361096
9.500000 0.428571 -0.378707
9.500000 0.476190 -0.397177
9.500000 0.523810 -0.416547
9.500000 0.571429 -0.436863
9.500000 0.619048 -0.458169
9.500000 0.666667 -0.480514
9.500000 0.714286 -0.503950
9.500000 0.761905 -0.528528
9.500000 0.809524 -0.554305
9.500000 0.857143 -0.581339
9.500000 0.904762 -0.609691
9.500000 0.952381 -0.639426
9.500000 1.000000 -0.670612
10.000000 0.000000 -0.207590
10.000000 0.047619 -0.217714
10.000000 0.095238 -0.228332
10.000000 0.142857 -0.239468
10.000000 0.190476 -0.251147
10.000000 0.238095 -0.263396
10.000000 0.285714 -0.276242
10.000000 0.333333 -0.289715
10.000000 0.380952 -0.303844
10.000000 0.428571 -0.318663
10.000000 0.476190 -0.334205
10.000000 0.523810 -0.350504
10.000000 0.571429 -0.367599
10.000000 0.619048 -0.385527
10.000000 0.666667 -0.404329
10.000000 0.714286 -0.424049
10.000000 0.761905 -0.444730
10.000000 0.809524 -0.466420
10.000000 0.857143 -0.489168
10.000000 0.904762 -0.513025
10.000000 0.952381 -0.538046
10.000000 1.000000 -0.564287
