0.000000 0.000000 0.000000
0.000000 0.085106 0.000000
0.000000 0.170213 0.000000
0.000000 0.255319 0.000000
0.000000 0.340426 0.000000
0.000000 0.425532 0.000000
0.000000 0.510638 0.000000
0.000000 0.595745 0.000000
0.000000 0.680851 0.000000
0.000000 0.765957 0.000000
0.000000 0.851064 0.000000
0.000000 0.936170 0.000000
0.000000 1.021277 0.000000
0.000000 1.106383 0.000000
0.000000 1.191489 0.000000
0.000000 1.276596 0.000000
0.000000 1.361702 0.000000
0.000000 1.446809 0.000000
0.000000 1.531915 0.000000
0.000000 1.617021 0.000000
0.000000 1.702128 0.000000
0.000000 1.787234 0.000000
0.000000 1.872340 0.000000
0.000000 1.957447 0.000000
0.000000 2.042553 0.000000
0.000000 2.127660 0.000000
0.000000 2.212766 0.000000
0.000000 2.297872 0.000000
0.000000 2.382979 0.000000
0.000000 2.468085 0.000000
0.000000 2.553191 0.000000
0.000000 2.638298 0.000000
0.000000 2.723404 0.000000
0.000000 2.808511 0.000000
0.000000 2.893617 0.000000
0.000000 2.978723 0.000000
0.000000 3.063830 0.000000
0.000000 3.148936 0.000000
0.000000 3.234043 0.000000
0.000000 3.319149 0.000000
0.000000 3.404255 0.000000
0.000000 3.489362 0.000000
0.000000 3.574468 0.000000
0.000000 3.659574 0.000000
0.000000 3.744681 0.000000
0.000000 3.829787 0.000000
0.000000 3.914894 0.000000
0.000000 4.000000 0.000000
0.076923 0.000000 0.000000
0.076923 0.085106 0.002524
0.076923 0.170213 0.005048
0.076923 0.255319 0.007572
0.076923 0.340426 0.010096
0.076923 0.425532 0.012620
0.076923 0.510638 0.015144
0.076923 0.595745 0.017668
0.076923 0.680851 0.020192
0.076923 0.765957 0.022716
0.076923 0.851064 0.025240
0.076923 0.936170 0.027764
0.076923 1.021277 0.030288
0.076923 1.106383 0.032812
0.076923 1.191489 0.035336
0.076923 1.276596 0.037860
0.076923 1.361702 0.040384
0.076923 1.446809 0.042908
0.076923 1.531915 0.045432
0.076923 1.617021 0.047956
0.076923 1.702128 0.050480
0.076923 1.787234 0.053004
0.076923 1.872340 0.055528
0.076923 1.957447 0.058052
0.076923 2.042553 0.060576
0.076923 2.127660 0.063100
0.076923 2.212766 0.065624
0.076923 2.297872 0.068148
0.076923 2.382979 0.070672
0.076923 2.468085 0.073196
0.076923 2.553191 0.075720
0.076923 2.638298 0.078244
0.076923 2.723404 0.080768
0.076923 2.808511 0.083292
0.076923 2.893617 0.085817
0.076923 2.978723 0.088341
0.076923 3.063830 0.090865
0.076923 3.148936 0.093389
0.076923 3.234043 0.095913
0.076923 3.319149 0.098437
0.076923 3.404255 0.100961
0.076923 3.489362 0.103485
0.076923 3.574468 0.106009
0.076923 3.659574 0.108533
0.076923 3.744681 0.111057
0.076923 3.829787 0.113581
0.076923 3.914894 0.116105
0.076923 4.000000 0.000000
0.153846 0.000000 0.000000
0.153846 0.085106 0.005048
0.153846 0.170213 0.010096
0.153846 0.255319 0.015144
0.153846 0.340426 0.020192
0.153846 0.425532 0.025240
0.153846 0.510638 0.030288
0.153846 0.595745 0.035336
0.153846 0.680851 0.040384
0.153846 0.765957 0.045432
0.153846 0.851064 0.050480
0.153846 0.936170 0.055528
0.153846 1.021277 0.060576
0.153846 1.106383 0.065624
0.153846 1.191489 0.070672
0.153846 1.276596 0.075720
0.153846 1.361702 0.080768
0.153846 1.446809 0.085817
0.153846 1.531915 0.090865
0.153846 1.617021 0.095913
0.153846 1.702128 0.100961
0.153846 1.787234 0.106009
0.153846 1.872340 0.111057
0.153846 1.957447 0.116105
0.153846 2.042553 0.121153
0.153846 2.127660 0.126201
0.153846 2.212766 0.131249
0.153846 2.297872 0.136297
0.153846 2.382979 0.141345
0.153846 2.468085 0.146393
0.153846 2.553191 0.151441
0.153846 2.638298 0.156489
0.153846 2.723404 0.161537
0.153846 2.808511 0.166585
0.153846 2.893617 0.171633
0.153846 2.978723 0.176681
0.153846 3.063830 0.181729
0.153846 3.148936 0.186777
0.153846 3.234043 0.191825
0.153846 3.319149 0.196873
0.153846 3.404255 0.201921
0.153846 3.489362 0.206969
0.153846 3.574468 0.212017
0.153846 3.659574 0.217065
0.153846 3.744681 0.222113
0.153846 3.829787 0.227161
0.153846 3.914894 0.232209
0.153846 4.000000 0.000000
0.230769 0.000000 0.000000
0.230769 0.085106 0.007572
0.230769 0.170213 0.015144
0.230769 0.255319 0.022716
0.230769 0.340426 0.030288
0.230769 0.425532 0.037860
0.230769 0.510638 0.045432
0.230769 0.595745 0.053004
0.230769 0.680851 0.060576
0.230769 0.765957 0.068148
0.230769 0.851064 0.075720
0.230769 0.936170 0.083292
0.230769 1.021277 0.090865
0.230769 1.106383 0.098437
0.230769 1.191489 0.106009
0.230769 1.276596 0.113581
0.230769 1.361702 0.121153
0.230769 1.446809 0.128725
0.230769 1.531915 0.136297
0.230769 1.617021 0.143869
0.230769 1.702128 0.151441
0.230769 1.787234 0.159013
0.230769 1.872340 0.166585
0.230769 1.957447 0.174157
0.230769 2.042553 0.181729
0.230769 2.127660 0.189301
0.230769 2.212766 0.196873
0.230769 2.297872 0.204445
0.230769 2.382979 0.212017
0.230769 2.468085 0.219589
0.230769 2.553191 0.227161
0.230769 2.638298 0.234733
0.230769 2.723404 0.242305
0.230769 2.808511 0.249877
0.230769 2.893617 0.257450
0.230769 2.978723 0.265022
0.230769 3.063830 0.272594
0.230769 3.148936 0.280166
0.230769 3.234043 0.287738
0.230769 3.319149 0.295310
0.230769 3.404255 0.302882
0.230769 3.489362 0.310454
0.230769 3.574468 0.318026
0.230769 3.659574 0.325598
0.230769 3.744681 0.333170
0.230769 3.829787 0.340742
0.230769 3.914894 0.348314
0.230769 4.000000 0.000000
0.307692 0.000000 0.000000
0.307692 0.085106 0.010096
0.307692 0.170213 0.020192
0.307692 0.255319 0.030288
0.307692 0.340426 0.040384
0.307692 0.425532 0.050480
0.307692 0.510638 0.060576
0.307692 0.595745 0.070672
0.307692 0.680851 0.080768
0.307692 0.765957 0.090865
0.307692 0.851064 0.100961
0.307692 0.936170 0.111057
0.307692 1.021277 0.121153
0.307692 1.106383 0.131249
0.307692 1.191489 0.141345
0.307692 1.276596 0.151441
0.307692 1.361702 0.161537
0.307692 1.446809 0.171633
0.307692 1.531915 0.181729
0.307692 1.617021 0.191825
0.307692 1.702128 0.201921
0.307692 1.787234 0.212017
0.307692 1.872340 0.222113
0.307692 1.957447 0.232209
0.307692 2.042553 0.242305
0.307692 2.127660 0.252401
0.307692 2.212766 0.262498
0.307692 2.297872 0.272594
0.307692 2.382979 0.282690
0.307692 2.468085 0.292786
0.307692 2.553191 0.302882
0.307692 2.638298 0.312978
0.307692 2.723404 0.323074
0.307692 2.808511 0.333170
0.307692 2.893617 0.343266
0.307692 2.978723 0.353362
0.307692 3.063830 0.363458
0.307692 3.148936 0.373554
0.307692 3.234043 0.383650
0.307692 3.319149 0.393746
0.307692 3.404255 0.403842
0.307692 3.489362 0.413938
0.307692 3.574468 0.424035
0.307692 3.659574 0.434131
0.307692 3.744681 0.444227
0.307692 3.829787 0.454323
0.307692 3.914894 0.464419
0.307692 4.000000 0.000000
0.384615 0.000000 0.000000
0.384615 0.085106 0.012620
0.384615 0.170213 0.025240
0.384615 0.255319 0.037860
0.384615 0.340426 0.050480
0.384615 0.425532 0.063100
0.384615 0.510638 0.075720
0.384615 0.595745 0.088341
0.384615 0.680851 0.100961
0.384615 0.765957 0.113581
0.384615 0.851064 0.126201
0.384615 0.936170 0.138821
0.384615 1.021277 0.151441
0.384615 1.106383 0.164061
0.384615 1.191489 0.176681
0.384615 1.276596 0.189301
0.384615 1.361702 0.201921
0.384615 1.446809 0.214541
0.384615 1.531915 0.227161
0.384615 1.617021 0.239781
0.384615 1.702128 0.252401
0.384615 1.787234 0.265022
0.384615 1.872340 0.277642
0.384615 1.957447 0.290262
0.384615 2.042553 0.302882
0.384615 2.127660 0.315502
0.384615 2.212766 0.328122
0.384615 2.297872 0.340742
0.384615 2.382979 0.353362
0.384615 2.468085 0.365982
0.384615 2.553191 0.378602
0.384615 2.638298 0.391222
0.384615 2.723404 0.403842
0.384615 2.808511 0.416462
0.384615 2.893617 0.429083
0.384615 2.978723 0.441703
0.384615 3.063830 0.454323
0.384615 3.148936 0.466943
0.384615 3.234043 0.479563
0.384615 3.319149 0.492183
0.384615 3.404255 0.504803
0.384615 3.489362 0.517423
0.384615 3.574468 0.530043
0.384615 3.659574 0.542663
0.384615 3.744681 0.555283
0.384615 3.829787 0.567903
0.384615 3.914894 0.580523
0.384615 4.000000 0.000000
0.461538 0.000000 0.000000
0.461538 0.085106 0.015144
0.461538 0.170213 0.030288
0.461538 0.255319 0.045432
0.461538 0.340426 0.060576
0.461538 0.425532 0.075720
0.461538 0.510638 0.090865
0.461538 0.595745 0.106009
0.461538 0.680851 0.121153
0.461538 0.765957 0.136297
0.461538 0.851064 0.151441
0.461538 0.936170 0.166585
0.461538 1.021277 0.181729
0.461538 1.106383 0.196873
0.461538 1.191489 0.212017
0.461538 1.276596 0.227161
0.461538 1.361702 0.242305
0.461538 1.446809 0.257450
0.461538 1.531915 0.272594
0.461538 1.617021 0.287738
0.461538 1.702128 0.302882
0.461538 1.787234 0.318026
0.461538 1.872340 0.333170
0.461538 1.957447 0.348314
0.461538 2.042553 0.363458
0.461538 2.127660 0.378602
0.461538 2.212766 0.393746
0.461538 2.297872 0.408890
0.461538 2.382979 0.424035
0.461538 2.468085 0.439179
0.461538 2.553191 0.454323
0.461538 2.638298 0.469467
0.461538 2.723404 0.484611
0.461538 2.808511 0.499755
0.461538 2.893617 0.514899
0.461538 2.978723 0.530043
0.461538 3.063830 0.545187
0.461538 3.148936 0.560331
0.461538 3.234043 0.575475
0.461538 3.319149 0.590620
0.461538 3.404255 0.605764
0.461538 3.489362 0.620908
0.461538 3.574468 0.636052
0.461538 3.659574 0.651196
0.461538 3.744681 0.666340
0.461538 3.829787 0.681484
0.461538 3.914894 0.696628
0.461538 4.000000 0.000000
0.538462 0.000000 0.000000
0.538462 0.085106 0.017668
0.538462 0.170213 0.035336
0.538462 0.255319 0.053004
0.538462 0.340426 0.070672
0.538462 0.425532 0.088341
0.538462 0.510638 0.106009
0.538462 0.595745 0.123677
0.538462 0.680851 0.141345
0.538462 0.765957 0.159013
0.538462 0.851064 0.176681
0.538462 0.936170 0.194349
0.538462 1.021277 0.212017
0.538462 1.106383 0.229685
0.538462 1.191489 0.247353
0.538462 1.276596 0.265022
0.538462 1.361702 0.282690
0.538462 1.446809 0.300358
0.538462 1.531915 0.318026
0.538462 1.617021 0.335694
0.538462 1.702128 0.353362
0.538462 1.787234 0.371030
0.538462 1.872340 0.388698
0.538462 1.957447 0.406366
0.538462 2.042553 0.424035
0.538462 2.127660 0.441703
0.538462 2.212766 0.459371
0.538462 2.297872 0.477039
0.538462 2.382979 0.494707
0.538462 2.468085 0.512375
0.538462 2.553191 0.530043
0.538462 2.638298 0.547711
0.538462 2.723404 0.565379
0.538462 2.808511 0.583047
0.538462 2.893617 0.600716
0.538462 2.978723 0.618384
0.538462 3.063830 0.636052
0.538462 3.148936 0.653720
0.538462 3.234043 0.671388
0.538462 3.319149 0.689056
0.538462 3.404255 0.706724
0.538462 3.489362 0.724392
0.538462 3.574468 0.742060
0.538462 3.659574 0.759729
0.538462 3.744681 0.777397
0.538462 3.829787 0.795065
0.538462 3.914894 0.812733
0.538462 4.000000 0.000000
0.615385 0.000000 0.000000
0.615385 0.085106 0.020192
0.615385 0.170213 0.040384
0.615385 0.255319 0.060576
0.615385 0.340426 0.080768
0.615385 0.425532 0.100961
0.615385 0.510638 0.121153
0.615385 0.595745 0.141345
0.615385 0.680851 0.161537
0.615385 0.765957 0.181729
0.615385 0.851064 0.201921
0.615385 0.936170 0.222113
0.615385 1.021277 0.242305
0.615385 1.106383 0.262498
0.615385 1.191489 0.282690
0.615385 1.276596 0.302882
0.615385 1.361702 0.323074
0.615385 1.446809 0.343266
0.615385 1.531915 0.363458
0.615385 1.617021 0.383650
0.615385 1.702128 0.403842
0.615385 1.787234 0.424035
0.615385 1.872340 0.444227
0.615385 1.957447 0.464419
0.615385 2.042553 0.484611
0.615385 2.127660 0.504803
0.615385 2.212766 0.524995
0.615385 2.297872 0.545187
0.615385 2.382979 0.565379
0.615385 2.468085 0.585571
0.615385 2.553191 0.605764
0.615385 2.638298 0.625956
0.615385 2.723404 0.646148
0.615385 2.808511 0.666340
0.615385 2.893617 0.686532
0.615385 2.978723 0.706724
0.615385 3.063830 0.726916
0.615385 3.148936 0.747108
0.615385 3.234043 0.767301
0.615385 3.319149 0.787493
0.615385 3.404255 0.807685
0.615385 3.489362 0.827877
0.615385 3.574468 0.848069
0.615385 3.659574 0.868261
0.615385 3.744681 0.888453
0.615385 3.829787 0.908645
0.615385 3.914894 0.928838
0.615385 4.000000 0.000000
0.692308 0.000000 0.000000
0.692308 0.085106 0.022716
0.692308 0.170213 0.045432
0.692308 0.255319 0.068148
0.692308 0.340426 0.090865
0.692308 0.425532 0.113581
0.692308 0.510638 0.136297
0.692308 0.595745 0.159013
0.692308 0.680851 0.181729
0.692308 0.765957 0.204445
0.692308 0.851064 0.227161
0.692308 0.936170 0.249877
0.692308 1.021277 0.272594
0.692308 1.106383 0.295310
0.692308 1.191489 0.318026
0.692308 1.276596 0.340742
0.692308 1.361702 0.363458
0.692308 1.446809 0.386174
0.692308 1.531915 0.408890
0.692308 1.617021 0.431607
0.692308 1.702128 0.454323
0.692308 1.787234 0.477039
0.692308 1.872340 0.499755
0.692308 1.957447 0.522471
0.692308 2.042553 0.545187
0.692308 2.127660 0.567903
0.692308 2.212766 0.590620
0.692308 2.297872 0.613336
0.692308 2.382979 0.636052
0.692308 2.468085 0.658768
0.692308 2.553191 0.681484
0.692308 2.638298 0.704200
0.692308 2.723404 0.726916
0.692308 2.808511 0.749632
0.692308 2.893617 0.772349
0.692308 2.978723 0.795065
0.692308 3.063830 0.817781
0.692308 3.148936 0.840497
0.692308 3.234043 0.863213
0.692308 3.319149 0.885929
0.692308 3.404255 0.908645
0.692308 3.489362 0.931362
0.692308 3.574468 0.954078
0.692308 3.659574 0.976794
0.692308 3.744681 0.999510
0.692308 3.829787 1.022226
0.692308 3.914894 1.044942
0.692308 4.000000 0.000000
0.769231 0.000000 0.000000
0.769231 0.085106 0.025240
0.769231 0.170213 0.050480
0.769231 0.255319 0.075720
0.769231 0.340426 0.100961
0.769231 0.425532 0.126201
0.769231 0.510638 0.151441
0.769231 0.595745 0.176681
0.769231 0.680851 0.201921
0.769231 0.765957 0.227161
0.769231 0.851064 0.252401
0.769231 0.936170 0.277642
0.769231 1.021277 0.302882
0.769231 1.106383 0.328122
0.769231 1.191489 0.353362
0.769231 1.276596 0.378602
0.769231 1.361702 0.403842
0.769231 1.446809 0.429083
0.769231 1.531915 0.454323
0.769231 1.617021 0.479563
0.769231 1.702128 0.504803
0.769231 1.787234 0.530043
0.769231 1.872340 0.555283
0.769231 1.957447 0.580523
0.769231 2.042553 0.605764
0.769231 2.127660 0.631004
0.769231 2.212766 0.656244
0.769231 2.297872 0.681484
0.769231 2.382979 0.706724
0.769231 2.468085 0.731964
0.769231 2.553191 0.757204
0.769231 2.638298 0.782445
0.769231 2.723404 0.807685
0.769231 2.808511 0.832925
0.769231 2.893617 0.858165
0.769231 2.978723 0.883405
0.769231 3.063830 0.908645
0.769231 3.148936 0.933886
0.769231 3.234043 0.959126
0.769231 3.319149 0.984366
0.769231 3.404255 1.009606
0.769231 3.489362 1.034846
0.769231 3.574468 1.060086
0.769231 3.659574 1.085326
0.769231 3.744681 1.110567
0.769231 3.829787 1.135807
0.769231 3.914894 1.161047
0.769231 4.000000 0.000000
0.846154 0.000000 0.000000
0.846154 0.085106 0.027764
0.846154 0.170213 0.055528
0.846154 0.255319 0.083292
0.846154 0.340426 0.111057
0.846154 0.425532 0.138821
0.846154 0.510638 0.166585
0.846154 0.595745 0.194349
0.846154 0.680851 0.222113
0.846154 0.765957 0.249877
0.846154 0.851064 0.277642
0.846154 0.936170 0.305406
0.846154 1.021277 0.333170
0.846154 1.106383 0.360934
0.846154 1.191489 0.388698
0.846154 1.276596 0.416462
0.846154 1.361702 0.444227
0.846154 1.446809 0.471991
0.846154 1.531915 0.499755
0.846154 1.617021 0.527519
0.846154 1.702128 0.555283
0.846154 1.787234 0.583047
0.846154 1.872340 0.610812
0.846154 1.957447 0.638576
0.846154 2.042553 0.666340
0.846154 2.127660 0.694104
0.846154 2.212766 0.721868
0.846154 2.297872 0.749632
0.846154 2.382979 0.777397
0.846154 2.468085 0.805161
0.846154 2.553191 0.832925
0.846154 2.638298 0.860689
0.846154 2.723404 0.888453
0.846154 2.808511 0.916217
0.846154 2.893617 0.943982
0.846154 2.978723 0.971746
0.846154 3.063830 0.999510
0.846154 3.148936 1.027274
0.846154 3.234043 1.055038
0.846154 3.319149 1.082802
0.846154 3.404255 1.110567
0.846154 3.489362 1.138331
0.846154 3.574468 1.166095
0.846154 3.659574 1.193859
0.846154 3.744681 1.221623
0.846154 3.829787 1.249387
0.846154 3.914894 1.277152
0.846154 4.000000 0.000000
0.923077 0.000000 0.000000
0.923077 0.085106 0.030288
0.923077 0.170213 0.060576
0.923077 0.255319 0.090865
0.923077 0.340426 0.121153
0.923077 0.425532 0.151441
0.923077 0.510638 0.181729
0.923077 0.595745 0.212017
0.923077 0.680851 0.242305
0.923077 0.765957 0.272594
0.923077 0.851064 0.302882
0.923077 0.936170 0.333170
0.923077 1.021277 0.363458
0.923077 1.106383 0.393746
0.923077 1.191489 0.424035
0.923077 1.276596 0.454323
0.923077 1.361702 0.484611
0.923077 1.446809 0.514899
0.923077 1.531915 0.545187
0.923077 1.617021 0.575475
0.923077 1.702128 0.605764
0.923077 1.787234 0.636052
0.923077 1.872340 0.666340
0.923077 1.957447 0.696628
0.923077 2.042553 0.726916
0.923077 2.127660 0.757204
0.923077 2.212766 0.787493
0.923077 2.297872 0.817781
0.923077 2.382979 0.848069
0.923077 2.468085 0.878357
0.923077 2.553191 0.908645
0.923077 2.638298 0.938934
0.923077 2.723404 0.969222
0.923077 2.808511 0.999510
0.923077 2.893617 1.029798
0.923077 2.978723 1.060086
0.923077 3.063830 1.090374
0.923077 3.148936 1.120663
0.923077 3.234043 1.150951
0.923077 3.319149 1.181239
0.923077 3.404255 1.211527
0.923077 3.489362 1.241815
0.923077 3.574468 1.272104
0.923077 3.659574 1.302392
0.923077 3.744681 1.332680
0.923077 3.829787 1.362968
0.923077 3.914894 1.393256
0.923077 4.000000 0.000000
1.000000 0.000000 0.000000
1.000000 0.085106 0.032812
1.000000 0.170213 0.065624
1.000000 0.255319 0.098437
1.000000 0.340426 0.131249
1.000000 0.425532 0.164061
1.000000 0.510638 0.196873
1.000000 0.595745 0.229685
1.000000 0.680851 0.262498
1.000000 0.765957 0.295310
1.000000 0.851064 0.328122
1.000000 0.936170 0.360934
1.000000 1.021277 0.393746
1.000000 1.106383 0.426559
1.000000 1.191489 0.459371
1.000000 1.276596 0.492183
1.000000 1.361702 0.524995
1.000000 1.446809 0.557807
1.000000 1.531915 0.590620
1.000000 1.617021 0.623432
1.000000 1.702128 0.656244
1.000000 1.787234 0.689056
1.000000 1.872340 0.721868
1.000000 1.957447 0.754680
1.000000 2.042553 0.787493
1.000000 2.127660 0.820305
1.000000 2.212766 0.853117
1.000000 2.297872 0.885929
1.000000 2.382979 0.918741
1.000000 2.468085 0.951554
1.000000 2.553191 0.984366
1.000000 2.638298 1.017178
1.000000 2.723404 1.049990
1.000000 2.808511 1.082802
1.000000 2.893617 1.115615
1.000000 2.978723 1.148427
1.000000 3.063830 1.181239
1.000000 3.148936 1.214051
1.000000 3.234043 1.246863
1.000000 3.319149 1.279676
1.000000 3.404255 1.312488
1.000000 3.489362 1.345300
1.000000 3.574468 1.378112
1.000000 3.659574 1.410924
1.000000 3.744681 1.443737
1.000000 3.829787 1.476549
1.000000 3.914894 1.509361
1.000000 4.000000 0.000000
1.076923 0.000000 0.000000
1.076923 0.085106 0.035336
1.076923 0.170213 0.070672
1.076923 0.255319 0.106009
1.076923 0.340426 0.141345
1.076923 0.425532 0.176681
1.076923 0.510638 0.212017
1.076923 0.595745 0.247353
1.076923 0.680851 0.282690
1.076923 0.765957 0.318026
1.076923 0.851064 0.353362
1.076923 0.936170 0.388698
1.076923 1.021277 0.424035
1.076923 1.106383 0.459371
1.076923 1.191489 0.494707
1.076923 1.276596 0.530043
1.076923 1.361702 0.565379
1.076923 1.446809 0.600716
1.076923 1.531915 0.636052
1.076923 1.617021 0.671388
1.076923 1.702128 0.706724
1.076923 1.787234 0.742060
1.076923 1.872340 0.777397
1.076923 1.957447 0.812733
1.076923 2.042553 0.848069
1.076923 2.127660 0.883405
1.076923 2.212766 0.918741
1.076923 2.297872 0.954078
1.076923 2.382979 0.989414
1.076923 2.468085 1.024750
1.076923 2.553191 1.060086
1.076923 2.638298 1.095423
1.076923 2.723404 1.130759
1.076923 2.808511 1.166095
1.076923 2.893617 1.201431
1.076923 2.978723 1.236767
1.076923 3.063830 1.272104
1.076923 3.148936 1.307440
1.076923 3.234043 1.342776
1.076923 3.319149 1.378112
1.076923 3.404255 1.413448
1.076923 3.489362 1.448785
1.076923 3.574468 1.484121
1.076923 3.659574 1.519457
1.076923 3.744681 1.554793
1.076923 3.829787 1.590129
1.076923 3.914894 1.625466
1.076923 4.000000 0.000000
1.153846 0.000000 0.000000
1.153846 0.085106 0.037860
1.153846 0.170213 0.075720
1.153846 0.255319 0.113581
1.153846 0.340426 0.151441
1.153846 0.425532 0.189301
1.153846 0.510638 0.227161
1.153846 0.595745 0.265022
1.153846 0.680851 0.302882
1.153846 0.765957 0.340742
1.153846 0.851064 0.378602
1.153846 0.936170 0.416462
1.153846 1.021277 0.454323
1.153846 1.106383 0.492183
1.153846 1.191489 0.530043
1.153846 1.276596 0.567903
1.153846 1.361702 0.605764
1.153846 1.446809 0.643624
1.153846 1.531915 0.681484
1.153846 1.617021 0.719344
1.153846 1.702128 0.757204
1.153846 1.787234 0.795065
1.153846 1.872340 0.832925
1.153846 1.957447 0.870785
1.153846 2.042553 0.908645
1.153846 2.127660 0.946506
1.153846 2.212766 0.984366
1.153846 2.297872 1.022226
1.153846 2.382979 1.060086
1.153846 2.468085 1.097947
1.153846 2.553191 1.135807
1.153846 2.638298 1.173667
1.153846 2.723404 1.211527
1.153846 2.808511 1.249387
1.153846 2.893617 1.287248
1.153846 2.978723 1.325108
1.153846 3.063830 1.362968
1.153846 3.148936 1.400828
1.153846 3.234043 1.438689
1.153846 3.319149 1.476549
1.153846 3.404255 1.514409
1.153846 3.489362 1.552269
1.153846 3.574468 1.590129
1.153846 3.659574 1.627990
1.153846 3.744681 1.665850
1.153846 3.829787 1.703710
1.153846 3.914894 1.741570
1.153846 4.000000 0.000000
1.230769 0.000000 0.000000
1.230769 0.085106 0.040384
1.230769 0.170213 0.080768
1.230769 0.255319 0.121153
1.230769 0.340426 0.161537
1.230769 0.425532 0.201921
1.230769 0.510638 0.242305
1.230769 0.595745 0.282690
1.230769 0.680851 0.323074
1.230769 0.765957 0.363458
1.230769 0.851064 0.403842
1.230769 0.936170 0.444227
1.230769 1.021277 0.484611
1.230769 1.106383 0.524995
1.230769 1.191489 0.565379
1.230769 1.276596 0.605764
1.230769 1.361702 0.646148
1.230769 1.446809 0.686532
1.230769 1.531915 0.726916
1.230769 1.617021 0.767301
1.230769 1.702128 0.807685
1.230769 1.787234 0.848069
1.230769 1.872340 0.888453
1.230769 1.957447 0.928838
1.230769 2.042553 0.969222
1.230769 2.127660 1.009606
1.230769 2.212766 1.049990
1.230769 2.297872 1.090374
1.230769 2.382979 1.130759
1.230769 2.468085 1.171143
1.230769 2.553191 1.211527
1.230769 2.638298 1.251911
1.230769 2.723404 1.292296
1.230769 2.808511 1.332680
1.230769 2.893617 1.373064
1.230769 2.978723 1.413448
1.230769 3.063830 1.453833
1.230769 3.148936 1.494217
1.230769 3.234043 1.534601
1.230769 3.319149 1.574985
1.230769 3.404255 1.615370
1.230769 3.489362 1.655754
1.230769 3.574468 1.696138
1.230769 3.659574 1.736522
1.230769 3.744681 1.776907
1.230769 3.829787 1.817291
1.230769 3.914894 1.857675
1.230769 4.000000 0.000000
1.307692 0.000000 0.000000
1.307692 0.085106 0.042908
1.307692 0.170213 0.085817
1.307692 0.255319 0.128725
1.307692 0.340426 0.171633
1.307692 0.425532 0.214541
1.307692 0.510638 0.257450
1.307692 0.595745 0.300358
1.307692 0.680851 0.343266
1.307692 0.765957 0.386174
1.307692 0.851064 0.429083
1.307692 0.936170 0.471991
1.307692 1.021277 0.514899
1.307692 1.106383 0.557807
1.307692 1.191489 0.600716
1.307692 1.276596 0.643624
1.307692 1.361702 0.686532
1.307692 1.446809 0.729440
1.307692 1.531915 0.772349
1.307692 1.617021 0.815257
1.307692 1.702128 0.858165
1.307692 1.787234 0.901073
1.307692 1.872340 0.943982
1.307692 1.957447 0.986890
1.307692 2.042553 1.029798
1.307692 2.127660 1.072706
1.307692 2.212766 1.115615
1.307692 2.297872 1.158523
1.307692 2.382979 1.201431
1.307692 2.468085 1.244339
1.307692 2.553191 1.287248
1.307692 2.638298 1.330156
1.307692 2.723404 1.373064
1.307692 2.808511 1.415972
1.307692 2.893617 1.458881
1.307692 2.978723 1.501789
1.307692 3.063830 1.544697
1.307692 3.148936 1.587605
1.307692 3.234043 1.630514
1.307692 3.319149 1.673422
1.307692 3.404255 1.716330
1.307692 3.489362 1.759238
1.307692 3.574468 1.802147
1.307692 3.659574 1.845055
1.307692 3.744681 1.887963
1.307692 3.829787 1.930871
1.307692 3.914894 1.973780
1.307692 4.000000 0.000000
1.384615 0.000000 0.000000
1.384615 0.085106 0.045432
1.384615 0.170213 0.090865
1.384615 0.255319 0.136297
1.384615 0.340426 0.181729
1.384615 0.425532 0.227161
1.384615 0.510638 0.272594
1.384615 0.595745 0.318026
1.384615 0.680851 0.363458
1.384615 0.765957 0.408890
1.384615 0.851064 0.454323
1.384615 0.936170 0.499755
1.384615 1.021277 0.545187
1.384615 1.106383 0.590620
1.384615 1.191489 0.636052
1.384615 1.276596 0.681484
1.384615 1.361702 0.726916
1.384615 1.446809 0.772349
1.384615 1.531915 0.817781
1.384615 1.617021 0.863213
1.384615 1.702128 0.908645
1.384615 1.787234 0.954078
1.384615 1.872340 0.999510
1.384615 1.957447 1.044942
1.384615 2.042553 1.090374
1.384615 2.127660 1.135807
1.384615 2.212766 1.181239
1.384615 2.297872 1.226671
1.384615 2.382979 1.272104
1.384615 2.468085 1.317536
1.384615 2.553191 1.362968
1.384615 2.638298 1.408400
1.384615 2.723404 1.453833
1.384615 2.808511 1.499265
1.384615 2.893617 1.544697
1.384615 2.978723 1.590129
1.384615 3.063830 1.635562
1.384615 3.148936 1.680994
1.384615 3.234043 1.726426
1.384615 3.319149 1.771859
1.384615 3.404255 1.817291
1.384615 3.489362 1.862723
1.384615 3.574468 1.908155
1.384615 3.659574 1.953588
1.384615 3.744681 1.999020
1.384615 3.829787 2.044452
1.384615 3.914894 2.089884
1.384615 4.000000 0.000000
1.461538 0.000000 0.000000
1.461538 0.085106 0.047956
1.461538 0.170213 0.095913
1.461538 0.255319 0.143869
1.461538 0.340426 0.191825
1.461538 0.425532 0.239781
1.461538 0.510638 0.287738
1.461538 0.595745 0.335694
1.461538 0.680851 0.383650
1.461538 0.765957 0.431607
1.461538 0.851064 0.479563
1.461538 0.936170 0.527519
1.461538 1.021277 0.575475
1.461538 1.106383 0.623432
1.461538 1.191489 0.671388
1.461538 1.276596 0.719344
1.461538 1.361702 0.767301
1.461538 1.446809 0.815257
1.461538 1.531915 0.863213
1.461538 1.617021 0.911169
1.461538 1.702128 0.959126
1.461538 1.787234 1.007082
1.461538 1.872340 1.055038
1.461538 1.957447 1.102995
1.461538 2.042553 1.150951
1.461538 2.127660 1.198907
1.461538 2.212766 1.246863
1.461538 2.297872 1.294820
1.461538 2.382979 1.342776
1.461538 2.468085 1.390732
1.461538 2.553191 1.438689
1.461538 2.638298 1.486645
1.461538 2.723404 1.534601
1.461538 2.808511 1.582557
1.461538 2.893617 1.630514
1.461538 2.978723 1.678470
1.461538 3.063830 1.726426
1.461538 3.148936 1.774383
1.461538 3.234043 1.822339
1.461538 3.319149 1.870295
1.461538 3.404255 1.918251
1.461538 3.489362 1.966208
1.461538 3.574468 2.014164
1.461538 3.659574 2.062120
1.461538 3.744681 2.110077
1.461538 3.829787 2.158033
1.461538 3.914894 2.205989
1.461538 4.000000 0.000000
1.538462 0.000000 0.000000
1.538462 0.085106 0.050480
1.538462 0.170213 0.100961
1.538462 0.255319 0.151441
1.538462 0.340426 0.201921
1.538462 0.425532 0.252401
1.538462 0.510638 0.302882
1.538462 0.595745 0.353362
1.538462 0.680851 0.403842
1.538462 0.765957 0.454323
1.538462 0.851064 0.504803
1.538462 0.936170 0.555283
1.538462 1.021277 0.605764
1.538462 1.106383 0.656244
1.538462 1.191489 0.706724
1.538462 1.276596 0.757204
1.538462 1.361702 0.807685
1.538462 1.446809 0.858165
1.538462 1.531915 0.908645
1.538462 1.617021 0.959126
1.538462 1.702128 1.009606
1.538462 1.787234 1.060086
1.538462 1.872340 1.110567
1.538462 1.957447 1.161047
1.538462 2.042553 1.211527
1.538462 2.127660 1.262007
1.538462 2.212766 1.312488
1.538462 2.297872 1.362968
1.538462 2.382979 1.413448
1.538462 2.468085 1.463929
1.538462 2.553191 1.514409
1.538462 2.638298 1.564889
1.538462 2.723404 1.615370
1.538462 2.808511 1.665850
1.538462 2.893617 1.716330
1.538462 2.978723 1.766810
1.538462 3.063830 1.817291
1.538462 3.148936 1.867771
1.538462 3.234043 1.918251
1.538462 3.319149 1.968732
1.538462 3.404255 2.019212
1.538462 3.489362 2.069692
1.538462 3.574468 2.120173
1.538462 3.659574 2.170653
1.538462 3.744681 2.221133
1.538462 3.829787 2.271613
1.538462 3.914894 2.322094
1.538462 4.000000 0.000000
1.615385 0.000000 0.000000
1.615385 0.085106 0.053004
1.615385 0.170213 0.106009
1.615385 0.255319 0.159013
1.615385 0.340426 0.212017
1.615385 0.425532 0.265022
1.615385 0.510638 0.318026
1.615385 0.595745 0.371030
1.615385 0.680851 0.424035
1.615385 0.765957 0.477039
1.615385 0.851064 0.530043
1.615385 0.936170 0.583047
1.615385 1.021277 0.636052
1.615385 1.106383 0.689056
1.615385 1.191489 0.742060
1.615385 1.276596 0.795065
1.615385 1.361702 0.848069
1.615385 1.446809 0.901073
1.615385 1.531915 0.954078
1.615385 1.617021 1.007082
1.615385 1.702128 1.060086
1.615385 1.787234 1.113091
1.615385 1.872340 1.166095
1.615385 1.957447 1.219099
1.615385 2.042553 1.272104
1.615385 2.127660 1.325108
1.615385 2.212766 1.378112
1.615385 2.297872 1.431116
1.615385 2.382979 1.484121
1.615385 2.468085 1.537125
1.615385 2.553191 1.590129
1.615385 2.638298 1.643134
1.615385 2.723404 1.696138
1.615385 2.808511 1.749142
1.615385 2.893617 1.802147
1.615385 2.978723 1.855151
1.615385 3.063830 1.908155
1.615385 3.148936 1.961160
1.615385 3.234043 2.014164
1.615385 3.319149 2.067168
1.615385 3.404255 2.120173
1.615385 3.489362 2.173177
1.615385 3.574468 2.226181
1.615385 3.659574 2.279186
1.615385 3.744681 2.332190
1.615385 3.829787 2.385194
1.615385 3.914894 2.438198
1.615385 4.000000 0.000000
1.692308 0.000000 0.000000
1.692308 0.085106 0.055528
1.692308 0.170213 0.111057
1.692308 0.255319 0.166585
1.692308 0.340426 0.222113
1.692308 0.425532 0.277642
1.692308 0.510638 0.333170
1.692308 0.595745 0.388698
1.692308 0.680851 0.444227
1.692308 0.765957 0.499755
1.692308 0.851064 0.555283
1.692308 0.936170 0.610812
1.692308 1.021277 0.666340
1.692308 1.106383 0.721868
1.692308 1.191489 0.777397
1.692308 1.276596 0.832925
1.692308 1.361702 0.888453
1.692308 1.446809 0.943982
1.692308 1.531915 0.999510
1.692308 1.617021 1.055038
1.692308 1.702128 1.110567
1.692308 1.787234 1.166095
1.692308 1.872340 1.221623
1.692308 1.957447 1.277152
1.692308 2.042553 1.332680
1.692308 2.127660 1.388208
1.692308 2.212766 1.443737
1.692308 2.297872 1.499265
1.692308 2.382979 1.554793
1.692308 2.468085 1.610322
1.692308 2.553191 1.665850
1.692308 2.638298 1.721378
1.692308 2.723404 1.776907
1.692308 2.808511 1.832435
1.692308 2.893617 1.887963
1.692308 2.978723 1.943492
1.692308 3.063830 1.999020
1.692308 3.148936 2.054548
1.692308 3.234043 2.110077
1.692308 3.319149 2.165605
1.692308 3.404255 2.221133
1.692308 3.489362 2.276662
1.692308 3.574468 2.332190
1.692308 3.659574 2.387718
1.692308 3.744681 2.443247
1.692308 3.829787 2.498775
1.692308 3.914894 2.554303
1.692308 4.000000 0.000000
1.769231 0.000000 0.000000
1.769231 0.085106 0.058052
1.769231 0.170213 0.116105
1.769231 0.255319 0.174157
1.769231 0.340426 0.232209
1.769231 0.425532 0.290262
1.769231 0.510638 0.348314
1.769231 0.595745 0.406366
1.769231 0.680851 0.464419
1.769231 0.765957 0.522471
1.769231 0.851064 0.580523
1.769231 0.936170 0.638576
1.769231 1.021277 0.696628
1.769231 1.106383 0.754680
1.769231 1.191489 0.812733
1.769231 1.276596 0.870785
1.769231 1.361702 0.928838
1.769231 1.446809 0.986890
1.769231 1.531915 1.044942
1.769231 1.617021 1.102995
1.769231 1.702128 1.161047
1.769231 1.787234 1.219099
1.769231 1.872340 1.277152
1.769231 1.957447 1.335204
1.769231 2.042553 1.393256
1.769231 2.127660 1.451309
1.769231 2.212766 1.509361
1.769231 2.297872 1.567413
1.769231 2.382979 1.625466
1.769231 2.468085 1.683518
1.769231 2.553191 1.741570
1.769231 2.638298 1.799623
1.769231 2.723404 1.857675
1.769231 2.808511 1.915727
1.769231 2.893617 1.973780
1.769231 2.978723 2.031832
1.769231 3.063830 2.089884
1.769231 3.148936 2.147937
1.769231 3.234043 2.205989
1.769231 3.319149 2.264041
1.769231 3.404255 2.322094
1.769231 3.489362 2.380146
1.769231 3.574468 2.438198
1.769231 3.659574 2.496251
1.769231 3.744681 2.554303
1.769231 3.829787 2.612356
1.769231 3.914894 2.670408
1.769231 4.000000 0.000000
1.846154 0.000000 0.000000
1.846154 0.085106 0.060576
1.846154 0.170213 0.121153
1.846154 0.255319 0.181729
1.846154 0.340426 0.242305
1.846154 0.425532 0.302882
1.846154 0.510638 0.363458
1.846154 0.595745 0.424035
1.846154 0.680851 0.484611
1.846154 0.765957 0.545187
1.846154 0.851064 0.605764
1.846154 0.936170 0.666340
1.846154 1.021277 0.726916
1.846154 1.106383 0.787493
1.846154 1.191489 0.848069
1.846154 1.276596 0.908645
1.846154 1.361702 0.969222
1.846154 1.446809 1.029798
1.846154 1.531915 1.090374
1.846154 1.617021 1.150951
1.846154 1.702128 1.211527
1.846154 1.787234 1.272104
1.846154 1.872340 1.332680
1.846154 1.957447 1.393256
1.846154 2.042553 1.453833
1.846154 2.127660 1.514409
1.846154 2.212766 1.574985
1.846154 2.297872 1.635562
1.846154 2.382979 1.696138
1.846154 2.468085 1.756714
1.846154 2.553191 1.817291
1.846154 2.638298 1.877867
1.846154 2.723404 1.938444
1.846154 2.808511 1.999020
1.846154 2.893617 2.059596
1.846154 2.978723 2.120173
1.846154 3.063830 2.180749
1.846154 3.148936 2.241325
1.846154 3.234043 2.301902
1.846154 3.319149 2.362478
1.846154 3.404255 2.423054
1.846154 3.489362 2.483631
1.846154 3.574468 2.544207
1.846154 3.659574 2.604783
1.846154 3.744681 2.665360
1.846154 3.829787 2.725936
1.846154 3.914894 2.786513
1.846154 4.000000 0.000000
1.923077 0.000000 0.000000
1.923077 0.085106 0.063100
1.923077 0.170213 0.126201
1.923077 0.255319 0.189301
1.923077 0.340426 0.252401
1.923077 0.425532 0.315502
1.923077 0.510638 0.378602
1.923077 0.595745 0.441703
1.923077 0.680851 0.504803
1.923077 0.765957 0.567903
1.923077 0.851064 0.631004
1.923077 0.936170 0.694104
1.923077 1.021277 0.757204
1.923077 1.106383 0.820305
1.923077 1.191489 0.883405
1.923077 1.276596 0.946506
1.923077 1.361702 1.009606
1.923077 1.446809 1.072706
1.923077 1.531915 1.135807
1.923077 1.617021 1.198907
1.923077 1.702128 1.262007
1.923077 1.787234 1.325108
1.923077 1.872340 1.388208
1.923077 1.957447 1.451309
1.923077 2.042553 1.514409
1.923077 2.127660 1.577509
1.923077 2.212766 1.640610
1.923077 2.297872 1.703710
1.923077 2.382979 1.766810
1.923077 2.468085 1.829911
1.923077 2.553191 1.893011
1.923077 2.638298 1.956112
1.923077 2.723404 2.019212
1.923077 2.808511 2.082312
1.923077 2.893617 2.145413
1.923077 2.978723 2.208513
1.923077 3.063830 2.271613
1.923077 3.148936 2.334714
1.923077 3.234043 2.397814
1.923077 3.319149 2.460915
1.923077 3.404255 2.524015
1.923077 3.489362 2.587115
1.923077 3.574468 2.650216
1.923077 3.659574 2.713316
1.923077 3.744681 2.776416
1.923077 3.829787 2.839517
1.923077 3.914894 2.902617
1.923077 4.000000 0.000000
2.000000 0.000000 0.000000
2.000000 0.085106 0.065624
2.000000 0.170213 0.131249
2.000000 0.255319 0.196873
2.000000 0.340426 0.262498
2.000000 0.425532 0.328122
2.000000 0.510638 0.393746
2.000000 0.595745 0.459371
2.000000 0.680851 0.524995
2.000000 0.765957 0.590620
2.000000 0.851064 0.656244
2.000000 0.936170 0.721868
2.000000 1.021277 0.787493
2.000000 1.106383 0.853117
2.000000 1.191489 0.918741
2.000000 1.276596 0.984366
2.000000 1.361702 1.049990
2.000000 1.446809 1.115615
2.000000 1.531915 1.181239
2.000000 1.617021 1.246863
2.000000 1.702128 1.312488
2.000000 1.787234 1.378112
2.000000 1.872340 1.443737
2.000000 1.957447 1.509361
2.000000 2.042553 1.574985
2.000000 2.127660 1.640610
2.000000 2.212766 1.706234
2.000000 2.297872 1.771859
2.000000 2.382979 1.837483
2.000000 2.468085 1.903107
2.000000 2.553191 1.968732
2.000000 2.638298 2.034356
2.000000 2.723404 2.099980
2.000000 2.808511 2.165605
2.000000 2.893617 2.231229
2.000000 2.978723 2.296854
2.000000 3.063830 2.362478
2.000000 3.148936 2.428102
2.000000 3.234043 2.493727
2.000000 3.319149 2.559351
2.000000 3.404255 2.624976
2.000000 3.489362 2.690600
2.000000 3.574468 2.756224
2.000000 3.659574 2.821849
2.000000 3.744681 2.887473
2.000000 3.829787 2.953098
2.000000 3.914894 3.018722
2.000000 4.000000 0.000000
2.076923 0.000000 0.000000
2.076923 0.085106 0.068148
2.076923 0.170213 0.136297
2.076923 0.255319 0.204445
2.076923 0.340426 0.272594
2.076923 0.425532 0.340742
2.076923 0.510638 0.408890
2.076923 0.595745 0.477039
2.076923 0.680851 0.545187
2.076923 0.765957 0.613336
2.076923 0.851064 0.681484
2.076923 0.936170 0.749632
2.076923 1.021277 0.817781
2.076923 1.106383 0.885929
2.076923 1.191489 0.954078
2.076923 1.276596 1.022226
2.076923 1.361702 1.090374
2.076923 1.446809 1.158523
2.076923 1.531915 1.226671
2.076923 1.617021 1.294820
2.076923 1.702128 1.362968
2.076923 1.787234 1.431116
2.076923 1.872340 1.499265
2.076923 1.957447 1.567413
2.076923 2.042553 1.635562
2.076923 2.127660 1.703710
2.076923 2.212766 1.771859
2.076923 2.297872 1.840007
2.076923 2.382979 1.908155
2.076923 2.468085 1.976304
2.076923 2.553191 2.044452
2.076923 2.638298 2.112601
2.076923 2.723404 2.180749
2.076923 2.808511 2.248897
2.076923 2.893617 2.317046
2.076923 2.978723 2.385194
2.076923 3.063830 2.453343
2.076923 3.148936 2.521491
2.076923 3.234043 2.589639
2.076923 3.319149 2.657788
2.076923 3.404255 2.725936
2.076923 3.489362 2.794085
2.076923 3.574468 2.862233
2.076923 3.659574 2.930381
2.076923 3.744681 2.998530
2.076923 3.829787 3.066678
2.076923 3.914894 3.134827
2.076923 4.000000 0.000000
2.153846 0.000000 0.000000
2.153846 0.085106 0.070672
2.153846 0.170213 0.141345
2.153846 0.255319 0.212017
2.153846 0.340426 0.282690
2.153846 0.425532 0.353362
2.153846 0.510638 0.424035
2.153846 0.595745 0.494707
2.153846 0.680851 0.565379
2.153846 0.765957 0.636052
2.153846 0.851064 0.706724
2.153846 0.936170 0.777397
2.153846 1.021277 0.848069
2.153846 1.106383 0.918741
2.153846 1.191489 0.989414
2.153846 1.276596 1.060086
2.153846 1.361702 1.130759
2.153846 1.446809 1.201431
2.153846 1.531915 1.272104
2.153846 1.617021 1.342776
2.153846 1.702128 1.413448
2.153846 1.787234 1.484121
2.153846 1.872340 1.554793
2.153846 1.957447 1.625466
2.153846 2.042553 1.696138
2.153846 2.127660 1.766810
2.153846 2.212766 1.837483
2.153846 2.297872 1.908155
2.153846 2.382979 1.978828
2.153846 2.468085 2.049500
2.153846 2.553191 2.120173
2.153846 2.638298 2.190845
2.153846 2.723404 2.261517
2.153846 2.808511 2.332190
2.153846 2.893617 2.402862
2.153846 2.978723 2.473535
2.153846 3.063830 2.544207
2.153846 3.148936 2.614880
2.153846 3.234043 2.685552
2.153846 3.319149 2.756224
2.153846 3.404255 2.826897
2.153846 3.489362 2.897569
2.153846 3.574468 2.968242
2.153846 3.659574 3.038914
2.153846 3.744681 3.109586
2.153846 3.829787 3.180259
2.153846 3.914894 3.250931
2.153846 4.000000 0.000000
2.230769 0.000000 0.000000
2.230769 0.085106 0.073196
2.230769 0.170213 0.146393
2.230769 0.255319 0.219589
2.230769 0.340426 0.292786
2.230769 0.425532 0.365982
2.230769 0.510638 0.439179
2.230769 0.595745 0.512375
2.230769 0.680851 0.585571
2.230769 0.765957 0.658768
2.230769 0.851064 0.731964
2.230769 0.936170 0.805161
2.230769 1.021277 0.878357
2.230769 1.106383 0.951554
2.230769 1.191489 1.024750
2.230769 1.276596 1.097947
2.230769 1.361702 1.171143
2.230769 1.446809 1.244339
2.230769 1.531915 1.317536
2.230769 1.617021 1.390732
2.230769 1.702128 1.463929
2.230769 1.787234 1.537125
2.230769 1.872340 1.610322
2.230769 1.957447 1.683518
2.230769 2.042553 1.756714
2.230769 2.127660 1.829911
2.230769 2.212766 1.903107
2.230769 2.297872 1.976304
2.230769 2.382979 2.049500
2.230769 2.468085 2.122697
2.230769 2.553191 2.195893
2.230769 2.638298 2.269089
2.230769 2.723404 2.342286
2.230769 2.808511 2.415482
2.230769 2.893617 2.488679
2.230769 2.978723 2.561875
2.230769 3.063830 2.635072
2.230769 3.148936 2.708268
2.230769 3.234043 2.781465
2.230769 3.319149 2.854661
2.230769 3.404255 2.927857
2.230769 3.489362 3.001054
2.230769 3.574468 3.074250
2.230769 3.659574 3.147447
2.230769 3.744681 3.220643
2.230769 3.829787 3.293840
2.230769 3.914894 3.367036
2.230769 4.000000 0.000000
2.307692 0.000000 0.000000
2.307692 0.085106 0.075720
2.307692 0.170213 0.151441
2.307692 0.255319 0.227161
2.307692 0.340426 0.302882
2.307692 0.425532 0.378602
2.307692 0.510638 0.454323
2.307692 0.595745 0.530043
2.307692 0.680851 0.605764
2.307692 0.765957 0.681484
2.307692 0.851064 0.757204
2.307692 0.936170 0.832925
2.307692 1.021277 0.908645
2.307692 1.106383 0.984366
2.307692 1.191489 1.060086
2.307692 1.276596 1.135807
2.307692 1.361702 1.211527
2.307692 1.446809 1.287248
2.307692 1.531915 1.362968
2.307692 1.617021 1.438689
2.307692 1.702128 1.514409
2.307692 1.787234 1.590129
2.307692 1.872340 1.665850
2.307692 1.957447 1.741570
2.307692 2.042553 1.817291
2.307692 2.127660 1.893011
2.307692 2.212766 1.968732
2.307692 2.297872 2.044452
2.307692 2.382979 2.120173
2.307692 2.468085 2.195893
2.307692 2.553191 2.271613
2.307692 2.638298 2.347334
2.307692 2.723404 2.423054
2.307692 2.808511 2.498775
2.307692 2.893617 2.574495
2.307692 2.978723 2.650216
2.307692 3.063830 2.725936
2.307692 3.148936 2.801657
2.307692 3.234043 2.877377
2.307692 3.319149 2.953098
2.307692 3.404255 3.028818
2.307692 3.489362 3.104538
2.307692 3.574468 3.180259
2.307692 3.659574 3.255979
2.307692 3.744681 3.331700
2.307692 3.829787 3.407420
2.307692 3.914894 3.483141
2.307692 4.000000 0.000000
2.384615 0.000000 0.000000
2.384615 0.085106 0.078244
2.384615 0.170213 0.156489
2.384615 0.255319 0.234733
2.384615 0.340426 0.312978
2.384615 0.425532 0.391222
2.384615 0.510638 0.469467
2.384615 0.595745 0.547711
2.384615 0.680851 0.625956
2.384615 0.765957 0.704200
2.384615 0.851064 0.782445
2.384615 0.936170 0.860689
2.384615 1.021277 0.938934
2.384615 1.106383 1.017178
2.384615 1.191489 1.095423
2.384615 1.276596 1.173667
2.384615 1.361702 1.251911
2.384615 1.446809 1.330156
2.384615 1.531915 1.408400
2.384615 1.617021 1.486645
2.384615 1.702128 1.564889
2.384615 1.787234 1.643134
2.384615 1.872340 1.721378
2.384615 1.957447 1.799623
2.384615 2.042553 1.877867
2.384615 2.127660 1.956112
2.384615 2.212766 2.034356
2.384615 2.297872 2.112601
2.384615 2.382979 2.190845
2.384615 2.468085 2.269089
2.384615 2.553191 2.347334
2.384615 2.638298 2.425578
2.384615 2.723404 2.503823
2.384615 2.808511 2.582067
2.384615 2.893617 2.660312
2.384615 2.978723 2.738556
2.384615 3.063830 2.816801
2.384615 3.148936 2.895045
2.384615 3.234043 2.973290
2.384615 3.319149 3.051534
2.384615 3.404255 3.129779
2.384615 3.489362 3.208023
2.384615 3.574468 3.286268
2.384615 3.659574 3.364512
2.384615 3.744681 3.442756
2.384615 3.829787 3.521001
2.384615 3.914894 3.599245
2.384615 4.000000 0.000000
2.461538 0.000000 0.000000
2.461538 0.085106 0.080768
2.461538 0.170213 0.161537
2.461538 0.255319 0.242305
2.461538 0.340426 0.323074
2.461538 0.425532 0.403842
2.461538 0.510638 0.484611
2.461538 0.595745 0.565379
2.461538 0.680851 0.646148
2.461538 0.765957 0.726916
2.461538 0.851064 0.807685
2.461538 0.936170 0.888453
2.461538 1.021277 0.969222
2.461538 1.106383 1.049990
2.461538 1.191489 1.130759
2.461538 1.276596 1.211527
2.461538 1.361702 1.292296
2.461538 1.446809 1.373064
2.461538 1.531915 1.453833
2.461538 1.617021 1.534601
2.461538 1.702128 1.615370
2.461538 1.787234 1.696138
2.461538 1.872340 1.776907
2.461538 1.957447 1.857675
2.461538 2.042553 1.938444
2.461538 2.127660 2.019212
2.461538 2.212766 2.099980
2.461538 2.297872 2.180749
2.461538 2.382979 2.261517
2.461538 2.468085 2.342286
2.461538 2.553191 2.423054
2.461538 2.638298 2.503823
2.461538 2.723404 2.584591
2.461538 2.808511 2.665360
2.461538 2.893617 2.746128
2.461538 2.978723 2.826897
2.461538 3.063830 2.907665
2.461538 3.148936 2.988434
2.461538 3.234043 3.069202
2.461538 3.319149 3.149971
2.461538 3.404255 3.230739
2.461538 3.489362 3.311508
2.461538 3.574468 3.392276
2.461538 3.659574 3.473045
2.461538 3.744681 3.553813
2.461538 3.829787 3.634582
2.461538 3.914894 3.715350
2.461538 4.000000 0.000000
2.538462 0.000000 0.000000
2.538462 0.085106 0.083292
2.538462 0.170213 0.166585
2.538462 0.255319 0.249877
2.538462 0.340426 0.333170
2.538462 0.425532 0.416462
2.538462 0.510638 0.499755
2.538462 0.595745 0.583047
2.538462 0.680851 0.666340
2.538462 0.765957 0.749632
2.538462 0.851064 0.832925
2.538462 0.936170 0.916217
2.538462 1.021277 0.999510
2.538462 1.106383 1.082802
2.538462 1.191489 1.166095
2.538462 1.276596 1.249387
2.538462 1.361702 1.332680
2.538462 1.446809 1.415972
2.538462 1.531915 1.499265
2.538462 1.617021 1.582557
2.538462 1.702128 1.665850
2.538462 1.787234 1.749142
2.538462 1.872340 1.832435
2.538462 1.957447 1.915727
2.538462 2.042553 1.999020
2.538462 2.127660 2.082312
2.538462 2.212766 2.165605
2.538462 2.297872 2.248897
2.538462 2.382979 2.332190
2.538462 2.468085 2.415482
2.538462 2.553191 2.498775
2.538462 2.638298 2.582067
2.538462 2.723404 2.665360
2.538462 2.808511 2.748652
2.538462 2.893617 2.831945
2.538462 2.978723 2.915237
2.538462 3.063830 2.998530
2.538462 3.148936 3.081822
2.538462 3.234043 3.165115
2.538462 3.319149 3.248407
2.538462 3.404255 3.331700
2.538462 3.489362 3.414992
2.538462 3.574468 3.498285
2.538462 3.659574 3.581577
2.538462 3.744681 3.664870
2.538462 3.829787 3.748162
2.538462 3.914894 3.831455
2.538462 4.000000 0.000000
2.615385 0.000000 0.000000
2.615385 0.085106 0.085817
2.615385 0.170213 0.171633
2.615385 0.255319 0.257450
2.615385 0.340426 0.343266
2.615385 0.425532 0.429083
2.615385 0.510638 0.514899
2.615385 0.595745 0.600716
2.615385 0.680851 0.686532
2.615385 0.765957 0.772349
2.615385 0.851064 0.858165
2.615385 0.936170 0.943982
2.615385 1.021277 1.029798
2.615385 1.106383 1.115615
2.615385 1.191489 1.201431
2.615385 1.276596 1.287248
2.615385 1.361702 1.373064
2.615385 1.446809 1.458881
2.615385 1.531915 1.544697
2.615385 1.617021 1.630514
2.615385 1.702128 1.716330
2.615385 1.787234 1.802147
2.615385 1.872340 1.887963
2.615385 1.957447 1.973780
2.615385 2.042553 2.059596
2.615385 2.127660 2.145413
2.615385 2.212766 2.231229
2.615385 2.297872 2.317046
2.615385 2.382979 2.402862
2.615385 2.468085 2.488679
2.615385 2.553191 2.574495
2.615385 2.638298 2.660312
2.615385 2.723404 2.746128
2.615385 2.808511 2.831945
2.615385 2.893617 2.917761
2.615385 2.978723 3.003578
2.615385 3.063830 3.089394
2.615385 3.148936 3.175211
2.615385 3.234043 3.261027
2.615385 3.319149 3.346844
2.615385 3.404255 3.432660
2.615385 3.489362 3.518477
2.615385 3.574468 3.604293
2.615385 3.659574 3.690110
2.615385 3.744681 3.775926
2.615385 3.829787 3.861743
2.615385 3.914894 3.947559
2.615385 4.000000 0.000000
2.692308 0.000000 0.000000
2.692308 0.085106 0.088341
2.692308 0.170213 0.176681
2.692308 0.255319 0.265022
2.692308 0.340426 0.353362
2.692308 0.425532 0.441703
2.692308 0.510638 0.530043
2.692308 0.595745 0.618384
2.692308 0.680851 0.706724
2.692308 0.765957 0.795065
2.692308 0.851064 0.883405
2.692308 0.936170 0.971746
2.692308 1.021277 1.060086
2.692308 1.106383 1.148427
2.692308 1.191489 1.236767
2.692308 1.276596 1.325108
2.692308 1.361702 1.413448
2.692308 1.446809 1.501789
2.692308 1.531915 1.590129
2.692308 1.617021 1.678470
2.692308 1.702128 1.766810
2.692308 1.787234 1.855151
2.692308 1.872340 1.943492
2.692308 1.957447 2.031832
2.692308 2.042553 2.120173
2.692308 2.127660 2.208513
2.692308 2.212766 2.296854
2.692308 2.297872 2.385194
2.692308 2.382979 2.473535
2.692308 2.468085 2.561875
2.692308 2.553191 2.650216
2.692308 2.638298 2.738556
2.692308 2.723404 2.826897
2.692308 2.808511 2.915237
2.692308 2.893617 3.003578
2.692308 2.978723 3.091918
2.692308 3.063830 3.180259
2.692308 3.148936 3.268599
2.692308 3.234043 3.356940
2.692308 3.319149 3.445280
2.692308 3.404255 3.533621
2.692308 3.489362 3.621962
2.692308 3.574468 3.710302
2.692308 3.659574 3.798643
2.692308 3.744681 3.886983
2.692308 3.829787 3.975324
2.692308 3.914894 4.063664
2.692308 4.000000 0.000000
2.769231 0.000000 0.000000
2.769231 0.085106 0.090865
2.769231 0.170213 0.181729
2.769231 0.255319 0.272594
2.769231 0.340426 0.363458
2.769231 0.425532 0.454323
2.769231 0.510638 0.545187
2.769231 0.595745 0.636052
2.769231 0.680851 0.726916
2.769231 0.765957 0.817781
2.769231 0.851064 0.908645
2.769231 0.936170 0.999510
2.769231 1.021277 1.090374
2.769231 1.106383 1.181239
2.769231 1.191489 1.272104
2.769231 1.276596 1.362968
2.769231 1.361702 1.453833
2.769231 1.446809 1.544697
2.769231 1.531915 1.635562
2.769231 1.617021 1.726426
2.769231 1.702128 1.817291
2.769231 1.787234 1.908155
2.769231 1.872340 1.999020
2.769231 1.957447 2.089884
2.769231 2.042553 2.180749
2.769231 2.127660 2.271613
2.769231 2.212766 2.362478
2.769231 2.297872 2.453343
2.769231 2.382979 2.544207
2.769231 2.468085 2.635072
2.769231 2.553191 2.725936
2.769231 2.638298 2.816801
2.769231 2.723404 2.907665
2.769231 2.808511 2.998530
2.769231 2.893617 3.089394
2.769231 2.978723 3.180259
2.769231 3.063830 3.271123
2.769231 3.148936 3.361988
2.769231 3.234043 3.452853
2.769231 3.319149 3.543717
2.769231 3.404255 3.634582
2.769231 3.489362 3.725446
2.769231 3.574468 3.816311
2.769231 3.659574 3.907175
2.769231 3.744681 3.998040
2.769231 3.829787 4.088904
2.769231 3.914894 4.179769
2.769231 4.000000 0.000000
2.846154 0.000000 0.000000
2.846154 0.085106 0.093389
2.846154 0.170213 0.186777
2.846154 0.255319 0.280166
2.846154 0.340426 0.373554
2.846154 0.425532 0.466943
2.846154 0.510638 0.560331
2.846154 0.595745 0.653720
2.846154 0.680851 0.747108
2.846154 0.765957 0.840497
2.846154 0.851064 0.933886
2.846154 0.936170 1.027274
2.846154 1.021277 1.120663
2.846154 1.106383 1.214051
2.846154 1.191489 1.307440
2.846154 1.276596 1.400828
2.846154 1.361702 1.494217
2.846154 1.446809 1.587605
2.846154 1.531915 1.680994
2.846154 1.617021 1.774383
2.846154 1.702128 1.867771
2.846154 1.787234 1.961160
2.846154 1.872340 2.054548
2.846154 1.957447 2.147937
2.846154 2.042553 2.241325
2.846154 2.127660 2.334714
2.846154 2.212766 2.428102
2.846154 2.297872 2.521491
2.846154 2.382979 2.614880
2.846154 2.468085 2.708268
2.846154 2.553191 2.801657
2.846154 2.638298 2.895045
2.846154 2.723404 2.988434
2.846154 2.808511 3.081822
2.846154 2.893617 3.175211
2.846154 2.978723 3.268599
2.846154 3.063830 3.361988
2.846154 3.148936 3.455377
2.846154 3.234043 3.548765
2.846154 3.319149 3.642154
2.846154 3.404255 3.735542
2.846154 3.489362 3.828931
2.846154 3.574468 3.922319
2.846154 3.659574 4.015708
2.846154 3.744681 4.109096
2.846154 3.829787 4.202485
2.846154 3.914894 4.295874
2.846154 4.000000 0.000000
2.923077 0.000000 0.000000
2.923077 0.085106 0.095913
2.923077 0.170213 0.191825
2.923077 0.255319 0.287738
2.923077 0.340426 0.383650
2.923077 0.425532 0.479563
2.923077 0.510638 0.575475
2.923077 0.595745 0.671388
2.923077 0.680851 0.767301
2.923077 0.765957 0.863213
2.923077 0.851064 0.959126
2.923077 0.936170 1.055038
2.923077 1.021277 1.150951
2.923077 1.106383 1.246863
2.923077 1.191489 1.342776
2.923077 1.276596 1.438689
2.923077 1.361702 1.534601
2.923077 1.446809 1.630514
2.923077 1.531915 1.726426
2.923077 1.617021 1.822339
2.923077 1.702128 1.918251
2.923077 1.787234 2.014164
2.923077 1.872340 2.110077
2.923077 1.957447 2.205989
2.923077 2.042553 2.301902
2.923077 2.127660 2.397814
2.923077 2.212766 2.493727
2.923077 2.297872 2.589639
2.923077 2.382979 2.685552
2.923077 2.468085 2.781465
2.923077 2.553191 2.877377
2.923077 2.638298 2.973290
2.923077 2.723404 3.069202
2.923077 2.808511 3.165115
2.923077 2.893617 3.261027
2.923077 2.978723 3.356940
2.923077 3.063830 3.452853
2.923077 3.148936 3.548765
2.923077 3.234043 3.644678
2.923077 3.319149 3.740590
2.923077 3.404255 3.836503
2.923077 3.489362 3.932415
2.923077 3.574468 4.028328
2.923077 3.659574 4.124240
2.923077 3.744681 4.220153
2.923077 3.829787 4.316066
2.923077 3.914894 4.411978
2.923077 4.000000 0.000000
3.000000 0.000000 0.000000
3.000000 0.085106 0.000000
3.000000 0.170213 0.000000
3.000000 0.255319 0.000000
3.000000 0.340426 0.000000
3.000000 0.425532 0.000000
3.000000 0.510638 0.000000
3.000000 0.595745 0.000000
3.000000 0.680851 0.000000
3.000000 0.765957 0.000000
3.000000 0.851064 0.000000
3.000000 0.936170 0.000000
3.000000 1.021277 0.000000
3.000000 1.106383 0.000000
3.000000 1.191489 0.000000
3.000000 1.276596 0.000000
3.000000 1.361702 0.000000
3.000000 1.446809 0.000000
3.000000 1.531915 0.000000
3.000000 1.617021 0.000000
3.000000 1.702128 0.000000
3.000000 1.787234 0.000000
3.000000 1.872340 0.000000
3.000000 1.957447 0.000000
3.000000 2.042553 0.000000
3.000000 2.127660 0.000000
3.000000 2.212766 0.000000
3.000000 2.297872 0.000000
3.000000 2.382979 0.000000
3.000000 2.468085 0.000000
3.000000 2.553191 0.000000
3.000000 2.638298 0.000000
3.000000 2.723404 0.000000
3.000000 2.808511 0.000000
3.000000 2.893617 0.000000
3.000000 2.978723 0.000000
3.000000 3.063830 0.000000
3.000000 3.148936 0.000000
3.000000 3.234043 0.000000
3.000000 3.319149 0.000000
3.000000 3.404255 0.000000
3.000000 3.489362 0.000000
3.000000 3.574468 0.000000
3.000000 3.659574 0.000000
3.000000 3.744681 0.000000
3.000000 3.829787 0.000000
3.000000 3.914894 0.000000
3.000000 4.000000 0.000000
