0.000000 0.000000 0.550000
0.000000 0.090909 0.640909
0.000000 0.181818 0.731818
0.000000 0.272727 0.822727
0.000000 0.363636 0.913636
0.000000 0.454545 1.004545
0.000000 0.545455 1.095455
0.000000 0.636364 1.186364
0.000000 0.727273 1.277273
0.000000 0.818182 1.368182
0.000000 0.909091 1.459091
0.000000 1.000000 1.550000
0.142857 0.000000 0.692857
0.142857 0.090909 0.783766
0.142857 0.181818 0.874675
0.142857 0.272727 0.965584
0.142857 0.363636 1.056494
0.142857 0.454545 1.147403
0.142857 0.545455 1.238312
0.142857 0.636364 1.329221
0.142857 0.727273 1.420130
0.142857 0.818182 1.511039
0.142857 0.909091 1.601948
0.142857 1.000000 1.692857
0.285714 0.000000 0.835714
0.285714 0.090909 0.926623
0.285714 0.181818 1.017532
0.285714 0.272727 1.108442
0.285714 0.363636 1.199351
0.285714 0.454545 1.290260
0.285714 0.545455 1.381169
0.285714 0.636364 1.472078
0.285714 0.727273 1.562987
0.285714 0.818182 1.653896
0.285714 0.909091 1.744805
0.285714 1.000000 1.835714
0.428571 0.000000 0.978571
0.428571 0.090909 1.069481
0.428571 0.181818 1.160390
0.428571 0.272727 1.251299
0.428571 0.363636 1.342208
0.428571 0.454545 1.433117
0.428571 0.545455 1.524026
0.428571 0.636364 1.614935
0.428571 0.727273 1.705844
0.428571 0.818182 1.796753
0.428571 0.909091 1.887662
0.428571 1.000000 1.978571
0.571429 0.000000 1.121429
0.571429 0.090909 1.212338
0.571429 0.181818 1.303247
0.571429 0.272727 1.394156
0.571429 0.363636 1.485065
0.571429 0.454545 1.575974
0.571429 0.545455 1.666883
0.571429 0.636364 1.757792
0.571429 0.727273 1.848701
0.571429 0.818182 1.939610
0.571429 0.909091 2.030519
0.571429 1.000000 2.121429
0.714286 0.000000 1.264286
0.714286 0.090909 1.355195
0.714286 0.181818 1.446104
0.714286 0.272727 1.537013
0.714286 0.363636 1.627922
0.714286 0.454545 1.718831
0.714286 0.545455 1.809740
0.714286 0.636364 1.900649
0.714286 0.727273 1.991558
0.714286 0.818182 2.082468
0.714286 0.909091 2.173377
0.714286 1.000000 2.264286
0.857143 0.000000 1.407143
0.857143 0.090909 1.498052
0.857143 0.181818 1.588961
0.857143 0.272727 1.679870
0.857143 0.363636 1.770779
0.857143 0.454545 1.861688
0.857143 0.545455 1.952597
0.857143 0.636364 2.043506
0.857143 0.727273 2.134416
0.857143 0.818182 2.225325
0.857143 0.909091 2.316234
0.857143 1.000000 2.407143
1.000000 0.000000 1.550000
1.000000 0.090909 1.640909
1.000000 0.181818 1.731818
1.000000 0.272727 1.822727
1.000000 0.363636 1.913636
1.000000 0.454545 2.004545
1.000000 0.545455 2.095455
1.000000 0.636364 2.186364
1.000000 0.727273 2.277273
1.000000 0.818182 2.368182
1.000000 0.909091 2.459091
1.000000 1.000000 2.550000
