0.000000 0.000000 0.000000
0.000000 0.085106 0.000000
0.000000 0.170213 0.000000
0.000000 0.255319 0.000000
0.000000 0.340426 0.000000
0.000000 0.425532 0.000000
0.000000 0.510638 0.000000
0.000000 0.595745 0.000000
0.000000 0.680851 0.000000
0.000000 0.765957 0.000000
0.000000 0.851064 0.000000
0.000000 0.936170 0.000000
0.000000 1.021277 0.000000
0.000000 1.106383 0.000000
0.000000 1.191489 0.000000
0.000000 1.276596 0.000000
0.000000 1.361702 0.000000
0.000000 1.446809 0.000000
0.000000 1.531915 0.000000
0.000000 1.617021 0.000000
0.000000 1.702128 0.000000
0.000000 1.787234 0.000000
0.000000 1.872340 0.000000
0.000000 1.957447 0.000000
0.000000 2.042553 0.000000
0.000000 2.127660 0.000000
0.000000 2.212766 0.000000
0.000000 2.297872 0.000000
0.000000 2.382979 0.000000
0.000000 2.468085 0.000000
0.000000 2.553191 0.000000
0.000000 2.638298 0.000000
0.000000 2.723404 0.000000
0.000000 2.808511 0.000000
0.000000 2.893617 0.000000
0.000000 2.978723 0.000000
0.000000 3.063830 0.000000
0.000000 3.148936 0.000000
0.000000 3.234043 0.000000
0.000000 3.319149 0.000000
0.000000 3.404255 0.000000
0.000000 3.489362 0.000000
0.000000 3.574468 0.000000
0.000000 3.659574 0.000000
0.000000 3.744681 0.000000
0.000000 3.829787 0.000000
0.000000 3.914894 0.000000
0.000000 4.000000 0.000000
0.076923 0.000000 0.000000
0.076923 0.085106 0.002086
0.076923 0.170213 0.004172
0.076923 0.255319 0.006258
0.076923 0.340426 0.008344
0.076923 0.425532 0.010430
0.076923 0.510638 0.012516
0.076923 0.595745 0.014602
0.076923 0.680851 0.016688
0.076923 0.765957 0.018774
0.076923 0.851064 0.020860
0.076923 0.936170 0.022946
0.076923 1.021277 0.025032
0.076923 1.106383 0.027118
0.076923 1.191489 0.029203
0.076923 1.276596 0.031289
0.076923 1.361702 0.033375
0.076923 1.446809 0.035461
0.076923 1.531915 0.037547
0.076923 1.617021 0.039633
0.076923 1.702128 0.041719
0.076923 1.787234 0.043805
0.076923 1.872340 0.045891
0.076923 1.957447 0.047977
0.076923 2.042553 0.050063
0.076923 2.127660 0.052149
0.076923 2.212766 0.054235
0.076923 2.297872 0.056321
0.076923 2.382979 0.058407
0.076923 2.468085 0.060493
0.076923 2.553191 0.062579
0.076923 2.638298 0.064665
0.076923 2.723404 0.066751
0.076923 2.808511 0.068837
0.076923 2.893617 0.070923
0.076923 2.978723 0.073009
0.076923 3.063830 0.075095
0.076923 3.148936 0.077181
0.076923 3.234043 0.079267
0.076923 3.319149 0.081353
0.076923 3.404255 0.083439
0.076923 3.489362 0.085524
0.076923 3.574468 0.087610
0.076923 3.659574 0.089696
0.076923 3.744681 0.091782
0.076923 3.829787 0.093868
0.076923 3.914894 0.095954
0.076923 4.000000 0.000000
0.153846 0.000000 0.000000
0.153846 0.085106 0.004172
0.153846 0.170213 0.008344
0.153846 0.255319 0.012516
0.153846 0.340426 0.016688
0.153846 0.425532 0.020860
0.153846 0.510638 0.025032
0.153846 0.595745 0.029203
0.153846 0.680851 0.033375
0.153846 0.765957 0.037547
0.153846 0.851064 0.041719
0.153846 0.936170 0.045891
0.153846 1.021277 0.050063
0.153846 1.106383 0.054235
0.153846 1.191489 0.058407
0.153846 1.276596 0.062579
0.153846 1.361702 0.066751
0.153846 1.446809 0.070923
0.153846 1.531915 0.075095
0.153846 1.617021 0.079267
0.153846 1.702128 0.083439
0.153846 1.787234 0.087610
0.153846 1.872340 0.091782
0.153846 1.957447 0.095954
0.153846 2.042553 0.100126
0.153846 2.127660 0.104298
0.153846 2.212766 0.108470
0.153846 2.297872 0.112642
0.153846 2.382979 0.116814
0.153846 2.468085 0.120986
0.153846 2.553191 0.125158
0.153846 2.638298 0.129330
0.153846 2.723404 0.133502
0.153846 2.808511 0.137674
0.153846 2.893617 0.141845
0.153846 2.978723 0.146017
0.153846 3.063830 0.150189
0.153846 3.148936 0.154361
0.153846 3.234043 0.158533
0.153846 3.319149 0.162705
0.153846 3.404255 0.166877
0.153846 3.489362 0.171049
0.153846 3.574468 0.175221
0.153846 3.659574 0.179393
0.153846 3.744681 0.183565
0.153846 3.829787 0.187737
0.153846 3.914894 0.191909
0.153846 4.000000 0.000000
0.230769 0.000000 0.000000
0.230769 0.085106 0.006258
0.230769 0.170213 0.012516
0.230769 0.255319 0.018774
0.230769 0.340426 0.025032
0.230769 0.425532 0.031289
0.230769 0.510638 0.037547
0.230769 0.595745 0.043805
0.230769 0.680851 0.050063
0.230769 0.765957 0.056321
0.230769 0.851064 0.062579
0.230769 0.936170 0.068837
0.230769 1.021277 0.075095
0.230769 1.106383 0.081353
0.230769 1.191489 0.087610
0.230769 1.276596 0.093868
0.230769 1.361702 0.100126
0.230769 1.446809 0.106384
0.230769 1.531915 0.112642
0.230769 1.617021 0.118900
0.230769 1.702128 0.125158
0.230769 1.787234 0.131416
0.230769 1.872340 0.137674
0.230769 1.957447 0.143931
0.230769 2.042553 0.150189
0.230769 2.127660 0.156447
0.230769 2.212766 0.162705
0.230769 2.297872 0.168963
0.230769 2.382979 0.175221
0.230769 2.468085 0.181479
0.230769 2.553191 0.187737
0.230769 2.638298 0.193995
0.230769 2.723404 0.200252
0.230769 2.808511 0.206510
0.230769 2.893617 0.212768
0.230769 2.978723 0.219026
0.230769 3.063830 0.225284
0.230769 3.148936 0.231542
0.230769 3.234043 0.237800
0.230769 3.319149 0.244058
0.230769 3.404255 0.250316
0.230769 3.489362 0.256573
0.230769 3.574468 0.262831
0.230769 3.659574 0.269089
0.230769 3.744681 0.275347
0.230769 3.829787 0.281605
0.230769 3.914894 0.287863
0.230769 4.000000 0.000000
0.307692 0.000000 0.000000
0.307692 0.085106 0.008344
0.307692 0.170213 0.016688
0.307692 0.255319 0.025032
0.307692 0.340426 0.033375
0.307692 0.425532 0.041719
0.307692 0.510638 0.050063
0.307692 0.595745 0.058407
0.307692 0.680851 0.066751
0.307692 0.765957 0.075095
0.307692 0.851064 0.083439
0.307692 0.936170 0.091782
0.307692 1.021277 0.100126
0.307692 1.106383 0.108470
0.307692 1.191489 0.116814
0.307692 1.276596 0.125158
0.307692 1.361702 0.133502
0.307692 1.446809 0.141845
0.307692 1.531915 0.150189
0.307692 1.617021 0.158533
0.307692 1.702128 0.166877
0.307692 1.787234 0.175221
0.307692 1.872340 0.183565
0.307692 1.957447 0.191909
0.307692 2.042553 0.200252
0.307692 2.127660 0.208596
0.307692 2.212766 0.216940
0.307692 2.297872 0.225284
0.307692 2.382979 0.233628
0.307692 2.468085 0.241972
0.307692 2.553191 0.250316
0.307692 2.638298 0.258659
0.307692 2.723404 0.267003
0.307692 2.808511 0.275347
0.307692 2.893617 0.283691
0.307692 2.978723 0.292035
0.307692 3.063830 0.300379
0.307692 3.148936 0.308722
0.307692 3.234043 0.317066
0.307692 3.319149 0.325410
0.307692 3.404255 0.333754
0.307692 3.489362 0.342098
0.307692 3.574468 0.350442
0.307692 3.659574 0.358786
0.307692 3.744681 0.367129
0.307692 3.829787 0.375473
0.307692 3.914894 0.383817
0.307692 4.000000 0.000000
0.384615 0.000000 0.000000
0.384615 0.085106 0.010430
0.384615 0.170213 0.020860
0.384615 0.255319 0.031289
0.384615 0.340426 0.041719
0.384615 0.425532 0.052149
0.384615 0.510638 0.062579
0.384615 0.595745 0.073009
0.384615 0.680851 0.083439
0.384615 0.765957 0.093868
0.384615 0.851064 0.104298
0.384615 0.936170 0.114728
0.384615 1.021277 0.125158
0.384615 1.106383 0.135588
0.384615 1.191489 0.146017
0.384615 1.276596 0.156447
0.384615 1.361702 0.166877
0.384615 1.446809 0.177307
0.384615 1.531915 0.187737
0.384615 1.617021 0.198166
0.384615 1.702128 0.208596
0.384615 1.787234 0.219026
0.384615 1.872340 0.229456
0.384615 1.957447 0.239886
0.384615 2.042553 0.250316
0.384615 2.127660 0.260745
0.384615 2.212766 0.271175
0.384615 2.297872 0.281605
0.384615 2.382979 0.292035
0.384615 2.468085 0.302465
0.384615 2.553191 0.312894
0.384615 2.638298 0.323324
0.384615 2.723404 0.333754
0.384615 2.808511 0.344184
0.384615 2.893617 0.354614
0.384615 2.978723 0.365043
0.384615 3.063830 0.375473
0.384615 3.148936 0.385903
0.384615 3.234043 0.396333
0.384615 3.319149 0.406763
0.384615 3.404255 0.417193
0.384615 3.489362 0.427622
0.384615 3.574468 0.438052
0.384615 3.659574 0.448482
0.384615 3.744681 0.458912
0.384615 3.829787 0.469342
0.384615 3.914894 0.479771
0.384615 4.000000 0.000000
0.461538 0.000000 0.000000
0.461538 0.085106 0.012516
0.461538 0.170213 0.025032
0.461538 0.255319 0.037547
0.461538 0.340426 0.050063
0.461538 0.425532 0.062579
0.461538 0.510638 0.075095
0.461538 0.595745 0.087610
0.461538 0.680851 0.100126
0.461538 0.765957 0.112642
0.461538 0.851064 0.125158
0.461538 0.936170 0.137674
0.461538 1.021277 0.150189
0.461538 1.106383 0.162705
0.461538 1.191489 0.175221
0.461538 1.276596 0.187737
0.461538 1.361702 0.200252
0.461538 1.446809 0.212768
0.461538 1.531915 0.225284
0.461538 1.617021 0.237800
0.461538 1.702128 0.250316
0.461538 1.787234 0.262831
0.461538 1.872340 0.275347
0.461538 1.957447 0.287863
0.461538 2.042553 0.300379
0.461538 2.127660 0.312894
0.461538 2.212766 0.325410
0.461538 2.297872 0.337926
0.461538 2.382979 0.350442
0.461538 2.468085 0.362958
0.461538 2.553191 0.375473
0.461538 2.638298 0.387989
0.461538 2.723404 0.400505
0.461538 2.808511 0.413021
0.461538 2.893617 0.425536
0.461538 2.978723 0.438052
0.461538 3.063830 0.450568
0.461538 3.148936 0.463084
0.461538 3.234043 0.475600
0.461538 3.319149 0.488115
0.461538 3.404255 0.500631
0.461538 3.489362 0.513147
0.461538 3.574468 0.525663
0.461538 3.659574 0.538178
0.461538 3.744681 0.550694
0.461538 3.829787 0.563210
0.461538 3.914894 0.575726
0.461538 4.000000 0.000000
0.538462 0.000000 0.000000
0.538462 0.085106 0.014602
0.538462 0.170213 0.029203
0.538462 0.255319 0.043805
0.538462 0.340426 0.058407
0.538462 0.425532 0.073009
0.538462 0.510638 0.087610
0.538462 0.595745 0.102212
0.538462 0.680851 0.116814
0.538462 0.765957 0.131416
0.538462 0.851064 0.146017
0.538462 0.936170 0.160619
0.538462 1.021277 0.175221
0.538462 1.106383 0.189823
0.538462 1.191489 0.204424
0.538462 1.276596 0.219026
0.538462 1.361702 0.233628
0.538462 1.446809 0.248230
0.538462 1.531915 0.262831
0.538462 1.617021 0.277433
0.538462 1.702128 0.292035
0.538462 1.787234 0.306637
0.538462 1.872340 0.321238
0.538462 1.957447 0.335840
0.538462 2.042553 0.350442
0.538462 2.127660 0.365043
0.538462 2.212766 0.379645
0.538462 2.297872 0.394247
0.538462 2.382979 0.408849
0.538462 2.468085 0.423450
0.538462 2.553191 0.438052
0.538462 2.638298 0.452654
0.538462 2.723404 0.467256
0.538462 2.808511 0.481857
0.538462 2.893617 0.496459
0.538462 2.978723 0.511061
0.538462 3.063830 0.525663
0.538462 3.148936 0.540264
0.538462 3.234043 0.554866
0.538462 3.319149 0.569468
0.538462 3.404255 0.584070
0.538462 3.489362 0.598671
0.538462 3.574468 0.613273
0.538462 3.659574 0.627875
0.538462 3.744681 0.642477
0.538462 3.829787 0.657078
0.538462 3.914894 0.671680
0.538462 4.000000 0.000000
0.615385 0.000000 0.000000
0.615385 0.085106 0.016688
0.615385 0.170213 0.033375
0.615385 0.255319 0.050063
0.615385 0.340426 0.066751
0.615385 0.425532 0.083439
0.615385 0.510638 0.100126
0.615385 0.595745 0.116814
0.615385 0.680851 0.133502
0.615385 0.765957 0.150189
0.615385 0.851064 0.166877
0.615385 0.936170 0.183565
0.615385 1.021277 0.200252
0.615385 1.106383 0.216940
0.615385 1.191489 0.233628
0.615385 1.276596 0.250316
0.615385 1.361702 0.267003
0.615385 1.446809 0.283691
0.615385 1.531915 0.300379
0.615385 1.617021 0.317066
0.615385 1.702128 0.333754
0.615385 1.787234 0.350442
0.615385 1.872340 0.367129
0.615385 1.957447 0.383817
0.615385 2.042553 0.400505
0.615385 2.127660 0.417193
0.615385 2.212766 0.433880
0.615385 2.297872 0.450568
0.615385 2.382979 0.467256
0.615385 2.468085 0.483943
0.615385 2.553191 0.500631
0.615385 2.638298 0.517319
0.615385 2.723404 0.534006
0.615385 2.808511 0.550694
0.615385 2.893617 0.567382
0.615385 2.978723 0.584070
0.615385 3.063830 0.600757
0.615385 3.148936 0.617445
0.615385 3.234043 0.634133
0.615385 3.319149 0.650820
0.615385 3.404255 0.667508
0.615385 3.489362 0.684196
0.615385 3.574468 0.700884
0.615385 3.659574 0.717571
0.615385 3.744681 0.734259
0.615385 3.829787 0.750947
0.615385 3.914894 0.767634
0.615385 4.000000 0.000000
0.692308 0.000000 0.000000
0.692308 0.085106 0.018774
0.692308 0.170213 0.037547
0.692308 0.255319 0.056321
0.692308 0.340426 0.075095
0.692308 0.425532 0.093868
0.692308 0.510638 0.112642
0.692308 0.595745 0.131416
0.692308 0.680851 0.150189
0.692308 0.765957 0.168963
0.692308 0.851064 0.187737
0.692308 0.936170 0.206510
0.692308 1.021277 0.225284
0.692308 1.106383 0.244058
0.692308 1.191489 0.262831
0.692308 1.276596 0.281605
0.692308 1.361702 0.300379
0.692308 1.446809 0.319152
0.692308 1.531915 0.337926
0.692308 1.617021 0.356700
0.692308 1.702128 0.375473
0.692308 1.787234 0.394247
0.692308 1.872340 0.413021
0.692308 1.957447 0.431794
0.692308 2.042553 0.450568
0.692308 2.127660 0.469342
0.692308 2.212766 0.488115
0.692308 2.297872 0.506889
0.692308 2.382979 0.525663
0.692308 2.468085 0.544436
0.692308 2.553191 0.563210
0.692308 2.638298 0.581984
0.692308 2.723404 0.600757
0.692308 2.808511 0.619531
0.692308 2.893617 0.638305
0.692308 2.978723 0.657078
0.692308 3.063830 0.675852
0.692308 3.148936 0.694626
0.692308 3.234043 0.713399
0.692308 3.319149 0.732173
0.692308 3.404255 0.750947
0.692308 3.489362 0.769720
0.692308 3.574468 0.788494
0.692308 3.659574 0.807268
0.692308 3.744681 0.826041
0.692308 3.829787 0.844815
0.692308 3.914894 0.863589
0.692308 4.000000 0.000000
0.769231 0.000000 0.000000
0.769231 0.085106 0.020860
0.769231 0.170213 0.041719
0.769231 0.255319 0.062579
0.769231 0.340426 0.083439
0.769231 0.425532 0.104298
0.769231 0.510638 0.125158
0.769231 0.595745 0.146017
0.769231 0.680851 0.166877
0.769231 0.765957 0.187737
0.769231 0.851064 0.208596
0.769231 0.936170 0.229456
0.769231 1.021277 0.250316
0.769231 1.106383 0.271175
0.769231 1.191489 0.292035
0.769231 1.276596 0.312894
0.769231 1.361702 0.333754
0.769231 1.446809 0.354614
0.769231 1.531915 0.375473
0.769231 1.617021 0.396333
0.769231 1.702128 0.417193
0.769231 1.787234 0.438052
0.769231 1.872340 0.458912
0.769231 1.957447 0.479771
0.769231 2.042553 0.500631
0.769231 2.127660 0.521491
0.769231 2.212766 0.542350
0.769231 2.297872 0.563210
0.769231 2.382979 0.584070
0.769231 2.468085 0.604929
0.769231 2.553191 0.625789
0.769231 2.638298 0.646648
0.769231 2.723404 0.667508
0.769231 2.808511 0.688368
0.769231 2.893617 0.709227
0.769231 2.978723 0.730087
0.769231 3.063830 0.750947
0.769231 3.148936 0.771806
0.769231 3.234043 0.792666
0.769231 3.319149 0.813525
0.769231 3.404255 0.834385
0.769231 3.489362 0.855245
0.769231 3.574468 0.876104
0.769231 3.659574 0.896964
0.769231 3.744681 0.917824
0.769231 3.829787 0.938683
0.769231 3.914894 0.959543
0.769231 4.000000 0.000000
0.846154 0.000000 0.000000
0.846154 0.085106 0.022946
0.846154 0.170213 0.045891
0.846154 0.255319 0.068837
0.846154 0.340426 0.091782
0.846154 0.425532 0.114728
0.846154 0.510638 0.137674
0.846154 0.595745 0.160619
0.846154 0.680851 0.183565
0.846154 0.765957 0.206510
0.846154 0.851064 0.229456
0.846154 0.936170 0.252401
0.846154 1.021277 0.275347
0.846154 1.106383 0.298293
0.846154 1.191489 0.321238
0.846154 1.276596 0.344184
0.846154 1.361702 0.367129
0.846154 1.446809 0.390075
0.846154 1.531915 0.413021
0.846154 1.617021 0.435966
0.846154 1.702128 0.458912
0.846154 1.787234 0.481857
0.846154 1.872340 0.504803
0.846154 1.957447 0.527749
0.846154 2.042553 0.550694
0.846154 2.127660 0.573640
0.846154 2.212766 0.596585
0.846154 2.297872 0.619531
0.846154 2.382979 0.642477
0.846154 2.468085 0.665422
0.846154 2.553191 0.688368
0.846154 2.638298 0.711313
0.846154 2.723404 0.734259
0.846154 2.808511 0.757204
0.846154 2.893617 0.780150
0.846154 2.978723 0.803096
0.846154 3.063830 0.826041
0.846154 3.148936 0.848987
0.846154 3.234043 0.871932
0.846154 3.319149 0.894878
0.846154 3.404255 0.917824
0.846154 3.489362 0.940769
0.846154 3.574468 0.963715
0.846154 3.659574 0.986660
0.846154 3.744681 1.009606
0.846154 3.829787 1.032552
0.846154 3.914894 1.055497
0.846154 4.000000 0.000000
0.923077 0.000000 0.000000
0.923077 0.085106 0.025032
0.923077 0.170213 0.050063
0.923077 0.255319 0.075095
0.923077 0.340426 0.100126
0.923077 0.425532 0.125158
0.923077 0.510638 0.150189
0.923077 0.595745 0.175221
0.923077 0.680851 0.200252
0.923077 0.765957 0.225284
0.923077 0.851064 0.250316
0.923077 0.936170 0.275347
0.923077 1.021277 0.300379
0.923077 1.106383 0.325410
0.923077 1.191489 0.350442
0.923077 1.276596 0.375473
0.923077 1.361702 0.400505
0.923077 1.446809 0.425536
0.923077 1.531915 0.450568
0.923077 1.617021 0.475600
0.923077 1.702128 0.500631
0.923077 1.787234 0.525663
0.923077 1.872340 0.550694
0.923077 1.957447 0.575726
0.923077 2.042553 0.600757
0.923077 2.127660 0.625789
0.923077 2.212766 0.650820
0.923077 2.297872 0.675852
0.923077 2.382979 0.700884
0.923077 2.468085 0.725915
0.923077 2.553191 0.750947
0.923077 2.638298 0.775978
0.923077 2.723404 0.801010
0.923077 2.808511 0.826041
0.923077 2.893617 0.851073
0.923077 2.978723 0.876104
0.923077 3.063830 0.901136
0.923077 3.148936 0.926167
0.923077 3.234043 0.951199
0.923077 3.319149 0.976231
0.923077 3.404255 1.001262
0.923077 3.489362 1.026294
0.923077 3.574468 1.051325
0.923077 3.659574 1.076357
0.923077 3.744681 1.101388
0.923077 3.829787 1.126420
0.923077 3.914894 1.151451
0.923077 4.000000 0.000000
1.000000 0.000000 0.000000
1.000000 0.085106 0.027118
1.000000 0.170213 0.054235
1.000000 0.255319 0.081353
1.000000 0.340426 0.108470
1.000000 0.425532 0.135588
1.000000 0.510638 0.162705
1.000000 0.595745 0.189823
1.000000 0.680851 0.216940
1.000000 0.765957 0.244058
1.000000 0.851064 0.271175
1.000000 0.936170 0.298293
1.000000 1.021277 0.325410
1.000000 1.106383 0.352528
1.000000 1.191489 0.379645
1.000000 1.276596 0.406763
1.000000 1.361702 0.433880
1.000000 1.446809 0.460998
1.000000 1.531915 0.488115
1.000000 1.617021 0.515233
1.000000 1.702128 0.542350
1.000000 1.787234 0.569468
1.000000 1.872340 0.596585
1.000000 1.957447 0.623703
1.000000 2.042553 0.650820
1.000000 2.127660 0.677938
1.000000 2.212766 0.705055
1.000000 2.297872 0.732173
1.000000 2.382979 0.759290
1.000000 2.468085 0.786408
1.000000 2.553191 0.813525
1.000000 2.638298 0.840643
1.000000 2.723404 0.867761
1.000000 2.808511 0.894878
1.000000 2.893617 0.921996
1.000000 2.978723 0.949113
1.000000 3.063830 0.976231
1.000000 3.148936 1.003348
1.000000 3.234043 1.030466
1.000000 3.319149 1.057583
1.000000 3.404255 1.084701
1.000000 3.489362 1.111818
1.000000 3.574468 1.138936
1.000000 3.659574 1.166053
1.000000 3.744681 1.193171
1.000000 3.829787 1.220288
1.000000 3.914894 1.247406
1.000000 4.000000 0.000000
1.076923 0.000000 0.000000
1.076923 0.085106 0.029203
1.076923 0.170213 0.058407
1.076923 0.255319 0.087610
1.076923 0.340426 0.116814
1.076923 0.425532 0.146017
1.076923 0.510638 0.175221
1.076923 0.595745 0.204424
1.076923 0.680851 0.233628
1.076923 0.765957 0.262831
1.076923 0.851064 0.292035
1.076923 0.936170 0.321238
1.076923 1.021277 0.350442
1.076923 1.106383 0.379645
1.076923 1.191489 0.408849
1.076923 1.276596 0.438052
1.076923 1.361702 0.467256
1.076923 1.446809 0.496459
1.076923 1.531915 0.525663
1.076923 1.617021 0.554866
1.076923 1.702128 0.584070
1.076923 1.787234 0.613273
1.076923 1.872340 0.642477
1.076923 1.957447 0.671680
1.076923 2.042553 0.700884
1.076923 2.127660 0.730087
1.076923 2.212766 0.759290
1.076923 2.297872 0.788494
1.076923 2.382979 0.817697
1.076923 2.468085 0.846901
1.076923 2.553191 0.876104
1.076923 2.638298 0.905308
1.076923 2.723404 0.934511
1.076923 2.808511 0.963715
1.076923 2.893617 0.992918
1.076923 2.978723 1.022122
1.076923 3.063830 1.051325
1.076923 3.148936 1.080529
1.076923 3.234043 1.109732
1.076923 3.319149 1.138936
1.076923 3.404255 1.168139
1.076923 3.489362 1.197343
1.076923 3.574468 1.226546
1.076923 3.659574 1.255750
1.076923 3.744681 1.284953
1.076923 3.829787 1.314157
1.076923 3.914894 1.343360
1.076923 4.000000 0.000000
1.153846 0.000000 0.000000
1.153846 0.085106 0.031289
1.153846 0.170213 0.062579
1.153846 0.255319 0.093868
1.153846 0.340426 0.125158
1.153846 0.425532 0.156447
1.153846 0.510638 0.187737
1.153846 0.595745 0.219026
1.153846 0.680851 0.250316
1.153846 0.765957 0.281605
1.153846 0.851064 0.312894
1.153846 0.936170 0.344184
1.153846 1.021277 0.375473
1.153846 1.106383 0.406763
1.153846 1.191489 0.438052
1.153846 1.276596 0.469342
1.153846 1.361702 0.500631
1.153846 1.446809 0.531921
1.153846 1.531915 0.563210
1.153846 1.617021 0.594499
1.153846 1.702128 0.625789
1.153846 1.787234 0.657078
1.153846 1.872340 0.688368
1.153846 1.957447 0.719657
1.153846 2.042553 0.750947
1.153846 2.127660 0.782236
1.153846 2.212766 0.813525
1.153846 2.297872 0.844815
1.153846 2.382979 0.876104
1.153846 2.468085 0.907394
1.153846 2.553191 0.938683
1.153846 2.638298 0.969973
1.153846 2.723404 1.001262
1.153846 2.808511 1.032552
1.153846 2.893617 1.063841
1.153846 2.978723 1.095130
1.153846 3.063830 1.126420
1.153846 3.148936 1.157709
1.153846 3.234043 1.188999
1.153846 3.319149 1.220288
1.153846 3.404255 1.251578
1.153846 3.489362 1.282867
1.153846 3.574468 1.314157
1.153846 3.659574 1.345446
1.153846 3.744681 1.376735
1.153846 3.829787 1.408025
1.153846 3.914894 1.439314
1.153846 4.000000 0.000000
1.230769 0.000000 0.000000
1.230769 0.085106 0.033375
1.230769 0.170213 0.066751
1.230769 0.255319 0.100126
1.230769 0.340426 0.133502
1.230769 0.425532 0.166877
1.230769 0.510638 0.200252
1.230769 0.595745 0.233628
1.230769 0.680851 0.267003
1.230769 0.765957 0.300379
1.230769 0.851064 0.333754
1.230769 0.936170 0.367129
1.230769 1.021277 0.400505
1.230769 1.106383 0.433880
1.230769 1.191489 0.467256
1.230769 1.276596 0.500631
1.230769 1.361702 0.534006
1.230769 1.446809 0.567382
1.230769 1.531915 0.600757
1.230769 1.617021 0.634133
1.230769 1.702128 0.667508
1.230769 1.787234 0.700884
1.230769 1.872340 0.734259
1.230769 1.957447 0.767634
1.230769 2.042553 0.801010
1.230769 2.127660 0.834385
1.230769 2.212766 0.867761
1.230769 2.297872 0.901136
1.230769 2.382979 0.934511
1.230769 2.468085 0.967887
1.230769 2.553191 1.001262
1.230769 2.638298 1.034638
1.230769 2.723404 1.068013
1.230769 2.808511 1.101388
1.230769 2.893617 1.134764
1.230769 2.978723 1.168139
1.230769 3.063830 1.201515
1.230769 3.148936 1.234890
1.230769 3.234043 1.268265
1.230769 3.319149 1.301641
1.230769 3.404255 1.335016
1.230769 3.489362 1.368392
1.230769 3.574468 1.401767
1.230769 3.659574 1.435142
1.230769 3.744681 1.468518
1.230769 3.829787 1.501893
1.230769 3.914894 1.535269
1.230769 4.000000 0.000000
1.307692 0.000000 0.000000
1.307692 0.085106 0.035461
1.307692 0.170213 0.070923
1.307692 0.255319 0.106384
1.307692 0.340426 0.141845
1.307692 0.425532 0.177307
1.307692 0.510638 0.212768
1.307692 0.595745 0.248230
1.307692 0.680851 0.283691
1.307692 0.765957 0.319152
1.307692 0.851064 0.354614
1.307692 0.936170 0.390075
1.307692 1.021277 0.425536
1.307692 1.106383 0.460998
1.307692 1.191489 0.496459
1.307692 1.276596 0.531921
1.307692 1.361702 0.567382
1.307692 1.446809 0.602843
1.307692 1.531915 0.638305
1.307692 1.617021 0.673766
1.307692 1.702128 0.709227
1.307692 1.787234 0.744689
1.307692 1.872340 0.780150
1.307692 1.957447 0.815611
1.307692 2.042553 0.851073
1.307692 2.127660 0.886534
1.307692 2.212766 0.921996
1.307692 2.297872 0.957457
1.307692 2.382979 0.992918
1.307692 2.468085 1.028380
1.307692 2.553191 1.063841
1.307692 2.638298 1.099302
1.307692 2.723404 1.134764
1.307692 2.808511 1.170225
1.307692 2.893617 1.205686
1.307692 2.978723 1.241148
1.307692 3.063830 1.276609
1.307692 3.148936 1.312071
1.307692 3.234043 1.347532
1.307692 3.319149 1.382993
1.307692 3.404255 1.418455
1.307692 3.489362 1.453916
1.307692 3.574468 1.489377
1.307692 3.659574 1.524839
1.307692 3.744681 1.560300
1.307692 3.829787 1.595762
1.307692 3.914894 1.631223
1.307692 4.000000 0.000000
1.384615 0.000000 0.000000
1.384615 0.085106 0.037547
1.384615 0.170213 0.075095
1.384615 0.255319 0.112642
1.384615 0.340426 0.150189
1.384615 0.425532 0.187737
1.384615 0.510638 0.225284
1.384615 0.595745 0.262831
1.384615 0.680851 0.300379
1.384615 0.765957 0.337926
1.384615 0.851064 0.375473
1.384615 0.936170 0.413021
1.384615 1.021277 0.450568
1.384615 1.106383 0.488115
1.384615 1.191489 0.525663
1.384615 1.276596 0.563210
1.384615 1.361702 0.600757
1.384615 1.446809 0.638305
1.384615 1.531915 0.675852
1.384615 1.617021 0.713399
1.384615 1.702128 0.750947
1.384615 1.787234 0.788494
1.384615 1.872340 0.826041
1.384615 1.957447 0.863589
1.384615 2.042553 0.901136
1.384615 2.127660 0.938683
1.384615 2.212766 0.976231
1.384615 2.297872 1.013778
1.384615 2.382979 1.051325
1.384615 2.468085 1.088873
1.384615 2.553191 1.126420
1.384615 2.638298 1.163967
1.384615 2.723404 1.201515
1.384615 2.808511 1.239062
1.384615 2.893617 1.276609
1.384615 2.978723 1.314157
1.384615 3.063830 1.351704
1.384615 3.148936 1.389251
1.384615 3.234043 1.426799
1.384615 3.319149 1.464346
1.384615 3.404255 1.501893
1.384615 3.489362 1.539441
1.384615 3.574468 1.576988
1.384615 3.659574 1.614535
1.384615 3.744681 1.652083
1.384615 3.829787 1.689630
1.384615 3.914894 1.727177
1.384615 4.000000 0.000000
1.461538 0.000000 0.000000
1.461538 0.085106 0.039633
1.461538 0.170213 0.079267
1.461538 0.255319 0.118900
1.461538 0.340426 0.158533
1.461538 0.425532 0.198166
1.461538 0.510638 0.237800
1.461538 0.595745 0.277433
1.461538 0.680851 0.317066
1.461538 0.765957 0.356700
1.461538 0.851064 0.396333
1.461538 0.936170 0.435966
1.461538 1.021277 0.475600
1.461538 1.106383 0.515233
1.461538 1.191489 0.554866
1.461538 1.276596 0.594499
1.461538 1.361702 0.634133
1.461538 1.446809 0.673766
1.461538 1.531915 0.713399
1.461538 1.617021 0.753033
1.461538 1.702128 0.792666
1.461538 1.787234 0.832299
1.461538 1.872340 0.871932
1.461538 1.957447 0.911566
1.461538 2.042553 0.951199
1.461538 2.127660 0.990832
1.461538 2.212766 1.030466
1.461538 2.297872 1.070099
1.461538 2.382979 1.109732
1.461538 2.468085 1.149366
1.461538 2.553191 1.188999
1.461538 2.638298 1.228632
1.461538 2.723404 1.268265
1.461538 2.808511 1.307899
1.461538 2.893617 1.347532
1.461538 2.978723 1.387165
1.461538 3.063830 1.426799
1.461538 3.148936 1.466432
1.461538 3.234043 1.506065
1.461538 3.319149 1.545698
1.461538 3.404255 1.585332
1.461538 3.489362 1.624965
1.461538 3.574468 1.664598
1.461538 3.659574 1.704232
1.461538 3.744681 1.743865
1.461538 3.829787 1.783498
1.461538 3.914894 1.823131
1.461538 4.000000 0.000000
1.538462 0.000000 0.000000
1.538462 0.085106 0.041719
1.538462 0.170213 0.083439
1.538462 0.255319 0.125158
1.538462 0.340426 0.166877
1.538462 0.425532 0.208596
1.538462 0.510638 0.250316
1.538462 0.595745 0.292035
1.538462 0.680851 0.333754
1.538462 0.765957 0.375473
1.538462 0.851064 0.417193
1.538462 0.936170 0.458912
1.538462 1.021277 0.500631
1.538462 1.106383 0.542350
1.538462 1.191489 0.584070
1.538462 1.276596 0.625789
1.538462 1.361702 0.667508
1.538462 1.446809 0.709227
1.538462 1.531915 0.750947
1.538462 1.617021 0.792666
1.538462 1.702128 0.834385
1.538462 1.787234 0.876104
1.538462 1.872340 0.917824
1.538462 1.957447 0.959543
1.538462 2.042553 1.001262
1.538462 2.127660 1.042981
1.538462 2.212766 1.084701
1.538462 2.297872 1.126420
1.538462 2.382979 1.168139
1.538462 2.468085 1.209858
1.538462 2.553191 1.251578
1.538462 2.638298 1.293297
1.538462 2.723404 1.335016
1.538462 2.808511 1.376735
1.538462 2.893617 1.418455
1.538462 2.978723 1.460174
1.538462 3.063830 1.501893
1.538462 3.148936 1.543612
1.538462 3.234043 1.585332
1.538462 3.319149 1.627051
1.538462 3.404255 1.668770
1.538462 3.489362 1.710489
1.538462 3.574468 1.752209
1.538462 3.659574 1.793928
1.538462 3.744681 1.835647
1.538462 3.829787 1.877367
1.538462 3.914894 1.919086
1.538462 4.000000 0.000000
1.615385 0.000000 0.000000
1.615385 0.085106 0.043805
1.615385 0.170213 0.087610
1.615385 0.255319 0.131416
1.615385 0.340426 0.175221
1.615385 0.425532 0.219026
1.615385 0.510638 0.262831
1.615385 0.595745 0.306637
1.615385 0.680851 0.350442
1.615385 0.765957 0.394247
1.615385 0.851064 0.438052
1.615385 0.936170 0.481857
1.615385 1.021277 0.525663
1.615385 1.106383 0.569468
1.615385 1.191489 0.613273
1.615385 1.276596 0.657078
1.615385 1.361702 0.700884
1.615385 1.446809 0.744689
1.615385 1.531915 0.788494
1.615385 1.617021 0.832299
1.615385 1.702128 0.876104
1.615385 1.787234 0.919910
1.615385 1.872340 0.963715
1.615385 1.957447 1.007520
1.615385 2.042553 1.051325
1.615385 2.127660 1.095130
1.615385 2.212766 1.138936
1.615385 2.297872 1.182741
1.615385 2.382979 1.226546
1.615385 2.468085 1.270351
1.615385 2.553191 1.314157
1.615385 2.638298 1.357962
1.615385 2.723404 1.401767
1.615385 2.808511 1.445572
1.615385 2.893617 1.489377
1.615385 2.978723 1.533183
1.615385 3.063830 1.576988
1.615385 3.148936 1.620793
1.615385 3.234043 1.664598
1.615385 3.319149 1.708404
1.615385 3.404255 1.752209
1.615385 3.489362 1.796014
1.615385 3.574468 1.839819
1.615385 3.659574 1.883624
1.615385 3.744681 1.927430
1.615385 3.829787 1.971235
1.615385 3.914894 2.015040
1.615385 4.000000 0.000000
1.692308 0.000000 0.000000
1.692308 0.085106 0.045891
1.692308 0.170213 0.091782
1.692308 0.255319 0.137674
1.692308 0.340426 0.183565
1.692308 0.425532 0.229456
1.692308 0.510638 0.275347
1.692308 0.595745 0.321238
1.692308 0.680851 0.367129
1.692308 0.765957 0.413021
1.692308 0.851064 0.458912
1.692308 0.936170 0.504803
1.692308 1.021277 0.550694
1.692308 1.106383 0.596585
1.692308 1.191489 0.642477
1.692308 1.276596 0.688368
1.692308 1.361702 0.734259
1.692308 1.446809 0.780150
1.692308 1.531915 0.826041
1.692308 1.617021 0.871932
1.692308 1.702128 0.917824
1.692308 1.787234 0.963715
1.692308 1.872340 1.009606
1.692308 1.957447 1.055497
1.692308 2.042553 1.101388
1.692308 2.127660 1.147280
1.692308 2.212766 1.193171
1.692308 2.297872 1.239062
1.692308 2.382979 1.284953
1.692308 2.468085 1.330844
1.692308 2.553191 1.376735
1.692308 2.638298 1.422627
1.692308 2.723404 1.468518
1.692308 2.808511 1.514409
1.692308 2.893617 1.560300
1.692308 2.978723 1.606191
1.692308 3.063830 1.652083
1.692308 3.148936 1.697974
1.692308 3.234043 1.743865
1.692308 3.319149 1.789756
1.692308 3.404255 1.835647
1.692308 3.489362 1.881538
1.692308 3.574468 1.927430
1.692308 3.659574 1.973321
1.692308 3.744681 2.019212
1.692308 3.829787 2.065103
1.692308 3.914894 2.110994
1.692308 4.000000 0.000000
1.769231 0.000000 0.000000
1.769231 0.085106 0.047977
1.769231 0.170213 0.095954
1.769231 0.255319 0.143931
1.769231 0.340426 0.191909
1.769231 0.425532 0.239886
1.769231 0.510638 0.287863
1.769231 0.595745 0.335840
1.769231 0.680851 0.383817
1.769231 0.765957 0.431794
1.769231 0.851064 0.479771
1.769231 0.936170 0.527749
1.769231 1.021277 0.575726
1.769231 1.106383 0.623703
1.769231 1.191489 0.671680
1.769231 1.276596 0.719657
1.769231 1.361702 0.767634
1.769231 1.446809 0.815611
1.769231 1.531915 0.863589
1.769231 1.617021 0.911566
1.769231 1.702128 0.959543
1.769231 1.787234 1.007520
1.769231 1.872340 1.055497
1.769231 1.957447 1.103474
1.769231 2.042553 1.151451
1.769231 2.127660 1.199429
1.769231 2.212766 1.247406
1.769231 2.297872 1.295383
1.769231 2.382979 1.343360
1.769231 2.468085 1.391337
1.769231 2.553191 1.439314
1.769231 2.638298 1.487291
1.769231 2.723404 1.535269
1.769231 2.808511 1.583246
1.769231 2.893617 1.631223
1.769231 2.978723 1.679200
1.769231 3.063830 1.727177
1.769231 3.148936 1.775154
1.769231 3.234043 1.823131
1.769231 3.319149 1.871109
1.769231 3.404255 1.919086
1.769231 3.489362 1.967063
1.769231 3.574468 2.015040
1.769231 3.659574 2.063017
1.769231 3.744681 2.110994
1.769231 3.829787 2.158971
1.769231 3.914894 2.206949
1.769231 4.000000 0.000000
1.846154 0.000000 0.000000
1.846154 0.085106 0.050063
1.846154 0.170213 0.100126
1.846154 0.255319 0.150189
1.846154 0.340426 0.200252
1.846154 0.425532 0.250316
1.846154 0.510638 0.300379
1.846154 0.595745 0.350442
1.846154 0.680851 0.400505
1.846154 0.765957 0.450568
1.846154 0.851064 0.500631
1.846154 0.936170 0.550694
1.846154 1.021277 0.600757
1.846154 1.106383 0.650820
1.846154 1.191489 0.700884
1.846154 1.276596 0.750947
1.846154 1.361702 0.801010
1.846154 1.446809 0.851073
1.846154 1.531915 0.901136
1.846154 1.617021 0.951199
1.846154 1.702128 1.001262
1.846154 1.787234 1.051325
1.846154 1.872340 1.101388
1.846154 1.957447 1.151451
1.846154 2.042553 1.201515
1.846154 2.127660 1.251578
1.846154 2.212766 1.301641
1.846154 2.297872 1.351704
1.846154 2.382979 1.401767
1.846154 2.468085 1.451830
1.846154 2.553191 1.501893
1.846154 2.638298 1.551956
1.846154 2.723404 1.602019
1.846154 2.808511 1.652083
1.846154 2.893617 1.702146
1.846154 2.978723 1.752209
1.846154 3.063830 1.802272
1.846154 3.148936 1.852335
1.846154 3.234043 1.902398
1.846154 3.319149 1.952461
1.846154 3.404255 2.002524
1.846154 3.489362 2.052587
1.846154 3.574468 2.102651
1.846154 3.659574 2.152714
1.846154 3.744681 2.202777
1.846154 3.829787 2.252840
1.846154 3.914894 2.302903
1.846154 4.000000 0.000000
1.923077 0.000000 0.000000
1.923077 0.085106 0.052149
1.923077 0.170213 0.104298
1.923077 0.255319 0.156447
1.923077 0.340426 0.208596
1.923077 0.425532 0.260745
1.923077 0.510638 0.312894
1.923077 0.595745 0.365043
1.923077 0.680851 0.417193
1.923077 0.765957 0.469342
1.923077 0.851064 0.521491
1.923077 0.936170 0.573640
1.923077 1.021277 0.625789
1.923077 1.106383 0.677938
1.923077 1.191489 0.730087
1.923077 1.276596 0.782236
1.923077 1.361702 0.834385
1.923077 1.446809 0.886534
1.923077 1.531915 0.938683
1.923077 1.617021 0.990832
1.923077 1.702128 1.042981
1.923077 1.787234 1.095130
1.923077 1.872340 1.147280
1.923077 1.957447 1.199429
1.923077 2.042553 1.251578
1.923077 2.127660 1.303727
1.923077 2.212766 1.355876
1.923077 2.297872 1.408025
1.923077 2.382979 1.460174
1.923077 2.468085 1.512323
1.923077 2.553191 1.564472
1.923077 2.638298 1.616621
1.923077 2.723404 1.668770
1.923077 2.808511 1.720919
1.923077 2.893617 1.773068
1.923077 2.978723 1.825217
1.923077 3.063830 1.877367
1.923077 3.148936 1.929516
1.923077 3.234043 1.981665
1.923077 3.319149 2.033814
1.923077 3.404255 2.085963
1.923077 3.489362 2.138112
1.923077 3.574468 2.190261
1.923077 3.659574 2.242410
1.923077 3.744681 2.294559
1.923077 3.829787 2.346708
1.923077 3.914894 2.398857
1.923077 4.000000 0.000000
2.000000 0.000000 0.000000
2.000000 0.085106 0.054235
2.000000 0.170213 0.108470
2.000000 0.255319 0.162705
2.000000 0.340426 0.216940
2.000000 0.425532 0.271175
2.000000 0.510638 0.325410
2.000000 0.595745 0.379645
2.000000 0.680851 0.433880
2.000000 0.765957 0.488115
2.000000 0.851064 0.542350
2.000000 0.936170 0.596585
2.000000 1.021277 0.650820
2.000000 1.106383 0.705055
2.000000 1.191489 0.759290
2.000000 1.276596 0.813525
2.000000 1.361702 0.867761
2.000000 1.446809 0.921996
2.000000 1.531915 0.976231
2.000000 1.617021 1.030466
2.000000 1.702128 1.084701
2.000000 1.787234 1.138936
2.000000 1.872340 1.193171
2.000000 1.957447 1.247406
2.000000 2.042553 1.301641
2.000000 2.127660 1.355876
2.000000 2.212766 1.410111
2.000000 2.297872 1.464346
2.000000 2.382979 1.518581
2.000000 2.468085 1.572816
2.000000 2.553191 1.627051
2.000000 2.638298 1.681286
2.000000 2.723404 1.735521
2.000000 2.808511 1.789756
2.000000 2.893617 1.843991
2.000000 2.978723 1.898226
2.000000 3.063830 1.952461
2.000000 3.148936 2.006696
2.000000 3.234043 2.060931
2.000000 3.319149 2.115166
2.000000 3.404255 2.169401
2.000000 3.489362 2.223636
2.000000 3.574468 2.277871
2.000000 3.659574 2.332106
2.000000 3.744681 2.386341
2.000000 3.829787 2.440576
2.000000 3.914894 2.494812
2.000000 4.000000 0.000000
2.076923 0.000000 0.000000
2.076923 0.085106 0.056321
2.076923 0.170213 0.112642
2.076923 0.255319 0.168963
2.076923 0.340426 0.225284
2.076923 0.425532 0.281605
2.076923 0.510638 0.337926
2.076923 0.595745 0.394247
2.076923 0.680851 0.450568
2.076923 0.765957 0.506889
2.076923 0.851064 0.563210
2.076923 0.936170 0.619531
2.076923 1.021277 0.675852
2.076923 1.106383 0.732173
2.076923 1.191489 0.788494
2.076923 1.276596 0.844815
2.076923 1.361702 0.901136
2.076923 1.446809 0.957457
2.076923 1.531915 1.013778
2.076923 1.617021 1.070099
2.076923 1.702128 1.126420
2.076923 1.787234 1.182741
2.076923 1.872340 1.239062
2.076923 1.957447 1.295383
2.076923 2.042553 1.351704
2.076923 2.127660 1.408025
2.076923 2.212766 1.464346
2.076923 2.297872 1.520667
2.076923 2.382979 1.576988
2.076923 2.468085 1.633309
2.076923 2.553191 1.689630
2.076923 2.638298 1.745951
2.076923 2.723404 1.802272
2.076923 2.808511 1.858593
2.076923 2.893617 1.914914
2.076923 2.978723 1.971235
2.076923 3.063830 2.027556
2.076923 3.148936 2.083877
2.076923 3.234043 2.140198
2.076923 3.319149 2.196519
2.076923 3.404255 2.252840
2.076923 3.489362 2.309161
2.076923 3.574468 2.365482
2.076923 3.659574 2.421803
2.076923 3.744681 2.478124
2.076923 3.829787 2.534445
2.076923 3.914894 2.590766
2.076923 4.000000 0.000000
2.153846 0.000000 0.000000
2.153846 0.085106 0.058407
2.153846 0.170213 0.116814
2.153846 0.255319 0.175221
2.153846 0.340426 0.233628
2.153846 0.425532 0.292035
2.153846 0.510638 0.350442
2.153846 0.595745 0.408849
2.153846 0.680851 0.467256
2.153846 0.765957 0.525663
2.153846 0.851064 0.584070
2.153846 0.936170 0.642477
2.153846 1.021277 0.700884
2.153846 1.106383 0.759290
2.153846 1.191489 0.817697
2.153846 1.276596 0.876104
2.153846 1.361702 0.934511
2.153846 1.446809 0.992918
2.153846 1.531915 1.051325
2.153846 1.617021 1.109732
2.153846 1.702128 1.168139
2.153846 1.787234 1.226546
2.153846 1.872340 1.284953
2.153846 1.957447 1.343360
2.153846 2.042553 1.401767
2.153846 2.127660 1.460174
2.153846 2.212766 1.518581
2.153846 2.297872 1.576988
2.153846 2.382979 1.635395
2.153846 2.468085 1.693802
2.153846 2.553191 1.752209
2.153846 2.638298 1.810616
2.153846 2.723404 1.869023
2.153846 2.808511 1.927430
2.153846 2.893617 1.985837
2.153846 2.978723 2.044244
2.153846 3.063830 2.102651
2.153846 3.148936 2.161057
2.153846 3.234043 2.219464
2.153846 3.319149 2.277871
2.153846 3.404255 2.336278
2.153846 3.489362 2.394685
2.153846 3.574468 2.453092
2.153846 3.659574 2.511499
2.153846 3.744681 2.569906
2.153846 3.829787 2.628313
2.153846 3.914894 2.686720
2.153846 4.000000 0.000000
2.230769 0.000000 0.000000
2.230769 0.085106 0.060493
2.230769 0.170213 0.120986
2.230769 0.255319 0.181479
2.230769 0.340426 0.241972
2.230769 0.425532 0.302465
2.230769 0.510638 0.362958
2.230769 0.595745 0.423450
2.230769 0.680851 0.483943
2.230769 0.765957 0.544436
2.230769 0.851064 0.604929
2.230769 0.936170 0.665422
2.230769 1.021277 0.725915
2.230769 1.106383 0.786408
2.230769 1.191489 0.846901
2.230769 1.276596 0.907394
2.230769 1.361702 0.967887
2.230769 1.446809 1.028380
2.230769 1.531915 1.088873
2.230769 1.617021 1.149366
2.230769 1.702128 1.209858
2.230769 1.787234 1.270351
2.230769 1.872340 1.330844
2.230769 1.957447 1.391337
2.230769 2.042553 1.451830
2.230769 2.127660 1.512323
2.230769 2.212766 1.572816
2.230769 2.297872 1.633309
2.230769 2.382979 1.693802
2.230769 2.468085 1.754295
2.230769 2.553191 1.814788
2.230769 2.638298 1.875281
2.230769 2.723404 1.935773
2.230769 2.808511 1.996266
2.230769 2.893617 2.056759
2.230769 2.978723 2.117252
2.230769 3.063830 2.177745
2.230769 3.148936 2.238238
2.230769 3.234043 2.298731
2.230769 3.319149 2.359224
2.230769 3.404255 2.419717
2.230769 3.489362 2.480210
2.230769 3.574468 2.540703
2.230769 3.659574 2.601196
2.230769 3.744681 2.661689
2.230769 3.829787 2.722181
2.230769 3.914894 2.782674
2.230769 4.000000 0.000000
2.307692 0.000000 0.000000
2.307692 0.085106 0.062579
2.307692 0.170213 0.125158
2.307692 0.255319 0.187737
2.307692 0.340426 0.250316
2.307692 0.425532 0.312894
2.307692 0.510638 0.375473
2.307692 0.595745 0.438052
2.307692 0.680851 0.500631
2.307692 0.765957 0.563210
2.307692 0.851064 0.625789
2.307692 0.936170 0.688368
2.307692 1.021277 0.750947
2.307692 1.106383 0.813525
2.307692 1.191489 0.876104
2.307692 1.276596 0.938683
2.307692 1.361702 1.001262
2.307692 1.446809 1.063841
2.307692 1.531915 1.126420
2.307692 1.617021 1.188999
2.307692 1.702128 1.251578
2.307692 1.787234 1.314157
2.307692 1.872340 1.376735
2.307692 1.957447 1.439314
2.307692 2.042553 1.501893
2.307692 2.127660 1.564472
2.307692 2.212766 1.627051
2.307692 2.297872 1.689630
2.307692 2.382979 1.752209
2.307692 2.468085 1.814788
2.307692 2.553191 1.877367
2.307692 2.638298 1.939945
2.307692 2.723404 2.002524
2.307692 2.808511 2.065103
2.307692 2.893617 2.127682
2.307692 2.978723 2.190261
2.307692 3.063830 2.252840
2.307692 3.148936 2.315419
2.307692 3.234043 2.377998
2.307692 3.319149 2.440576
2.307692 3.404255 2.503155
2.307692 3.489362 2.565734
2.307692 3.574468 2.628313
2.307692 3.659574 2.690892
2.307692 3.744681 2.753471
2.307692 3.829787 2.816050
2.307692 3.914894 2.878629
2.307692 4.000000 0.000000
2.384615 0.000000 0.000000
2.384615 0.085106 0.064665
2.384615 0.170213 0.129330
2.384615 0.255319 0.193995
2.384615 0.340426 0.258659
2.384615 0.425532 0.323324
2.384615 0.510638 0.387989
2.384615 0.595745 0.452654
2.384615 0.680851 0.517319
2.384615 0.765957 0.581984
2.384615 0.851064 0.646648
2.384615 0.936170 0.711313
2.384615 1.021277 0.775978
2.384615 1.106383 0.840643
2.384615 1.191489 0.905308
2.384615 1.276596 0.969973
2.384615 1.361702 1.034638
2.384615 1.446809 1.099302
2.384615 1.531915 1.163967
2.384615 1.617021 1.228632
2.384615 1.702128 1.293297
2.384615 1.787234 1.357962
2.384615 1.872340 1.422627
2.384615 1.957447 1.487291
2.384615 2.042553 1.551956
2.384615 2.127660 1.616621
2.384615 2.212766 1.681286
2.384615 2.297872 1.745951
2.384615 2.382979 1.810616
2.384615 2.468085 1.875281
2.384615 2.553191 1.939945
2.384615 2.638298 2.004610
2.384615 2.723404 2.069275
2.384615 2.808511 2.133940
2.384615 2.893617 2.198605
2.384615 2.978723 2.263270
2.384615 3.063830 2.327934
2.384615 3.148936 2.392599
2.384615 3.234043 2.457264
2.384615 3.319149 2.521929
2.384615 3.404255 2.586594
2.384615 3.489362 2.651259
2.384615 3.574468 2.715924
2.384615 3.659574 2.780588
2.384615 3.744681 2.845253
2.384615 3.829787 2.909918
2.384615 3.914894 2.974583
2.384615 4.000000 0.000000
2.461538 0.000000 0.000000
2.461538 0.085106 0.066751
2.461538 0.170213 0.133502
2.461538 0.255319 0.200252
2.461538 0.340426 0.267003
2.461538 0.425532 0.333754
2.461538 0.510638 0.400505
2.461538 0.595745 0.467256
2.461538 0.680851 0.534006
2.461538 0.765957 0.600757
2.461538 0.851064 0.667508
2.461538 0.936170 0.734259
2.461538 1.021277 0.801010
2.461538 1.106383 0.867761
2.461538 1.191489 0.934511
2.461538 1.276596 1.001262
2.461538 1.361702 1.068013
2.461538 1.446809 1.134764
2.461538 1.531915 1.201515
2.461538 1.617021 1.268265
2.461538 1.702128 1.335016
2.461538 1.787234 1.401767
2.461538 1.872340 1.468518
2.461538 1.957447 1.535269
2.461538 2.042553 1.602019
2.461538 2.127660 1.668770
2.461538 2.212766 1.735521
2.461538 2.297872 1.802272
2.461538 2.382979 1.869023
2.461538 2.468085 1.935773
2.461538 2.553191 2.002524
2.461538 2.638298 2.069275
2.461538 2.723404 2.136026
2.461538 2.808511 2.202777
2.461538 2.893617 2.269528
2.461538 2.978723 2.336278
2.461538 3.063830 2.403029
2.461538 3.148936 2.469780
2.461538 3.234043 2.536531
2.461538 3.319149 2.603282
2.461538 3.404255 2.670032
2.461538 3.489362 2.736783
2.461538 3.574468 2.803534
2.461538 3.659574 2.870285
2.461538 3.744681 2.937036
2.461538 3.829787 3.003786
2.461538 3.914894 3.070537
2.461538 4.000000 0.000000
2.538462 0.000000 0.000000
2.538462 0.085106 0.068837
2.538462 0.170213 0.137674
2.538462 0.255319 0.206510
2.538462 0.340426 0.275347
2.538462 0.425532 0.344184
2.538462 0.510638 0.413021
2.538462 0.595745 0.481857
2.538462 0.680851 0.550694
2.538462 0.765957 0.619531
2.538462 0.851064 0.688368
2.538462 0.936170 0.757204
2.538462 1.021277 0.826041
2.538462 1.106383 0.894878
2.538462 1.191489 0.963715
2.538462 1.276596 1.032552
2.538462 1.361702 1.101388
2.538462 1.446809 1.170225
2.538462 1.531915 1.239062
2.538462 1.617021 1.307899
2.538462 1.702128 1.376735
2.538462 1.787234 1.445572
2.538462 1.872340 1.514409
2.538462 1.957447 1.583246
2.538462 2.042553 1.652083
2.538462 2.127660 1.720919
2.538462 2.212766 1.789756
2.538462 2.297872 1.858593
2.538462 2.382979 1.927430
2.538462 2.468085 1.996266
2.538462 2.553191 2.065103
2.538462 2.638298 2.133940
2.538462 2.723404 2.202777
2.538462 2.808511 2.271613
2.538462 2.893617 2.340450
2.538462 2.978723 2.409287
2.538462 3.063830 2.478124
2.538462 3.148936 2.546961
2.538462 3.234043 2.615797
2.538462 3.319149 2.684634
2.538462 3.404255 2.753471
2.538462 3.489362 2.822308
2.538462 3.574468 2.891144
2.538462 3.659574 2.959981
2.538462 3.744681 3.028818
2.538462 3.829787 3.097655
2.538462 3.914894 3.166492
2.538462 4.000000 0.000000
2.615385 0.000000 0.000000
2.615385 0.085106 0.070923
2.615385 0.170213 0.141845
2.615385 0.255319 0.212768
2.615385 0.340426 0.283691
2.615385 0.425532 0.354614
2.615385 0.510638 0.425536
2.615385 0.595745 0.496459
2.615385 0.680851 0.567382
2.615385 0.765957 0.638305
2.615385 0.851064 0.709227
2.615385 0.936170 0.780150
2.615385 1.021277 0.851073
2.615385 1.106383 0.921996
2.615385 1.191489 0.992918
2.615385 1.276596 1.063841
2.615385 1.361702 1.134764
2.615385 1.446809 1.205686
2.615385 1.531915 1.276609
2.615385 1.617021 1.347532
2.615385 1.702128 1.418455
2.615385 1.787234 1.489377
2.615385 1.872340 1.560300
2.615385 1.957447 1.631223
2.615385 2.042553 1.702146
2.615385 2.127660 1.773068
2.615385 2.212766 1.843991
2.615385 2.297872 1.914914
2.615385 2.382979 1.985837
2.615385 2.468085 2.056759
2.615385 2.553191 2.127682
2.615385 2.638298 2.198605
2.615385 2.723404 2.269528
2.615385 2.808511 2.340450
2.615385 2.893617 2.411373
2.615385 2.978723 2.482296
2.615385 3.063830 2.553218
2.615385 3.148936 2.624141
2.615385 3.234043 2.695064
2.615385 3.319149 2.765987
2.615385 3.404255 2.836909
2.615385 3.489362 2.907832
2.615385 3.574468 2.978755
2.615385 3.659574 3.049678
2.615385 3.744681 3.120600
2.615385 3.829787 3.191523
2.615385 3.914894 3.262446
2.615385 4.000000 0.000000
2.692308 0.000000 0.000000
2.692308 0.085106 0.073009
2.692308 0.170213 0.146017
2.692308 0.255319 0.219026
2.692308 0.340426 0.292035
2.692308 0.425532 0.365043
2.692308 0.510638 0.438052
2.692308 0.595745 0.511061
2.692308 0.680851 0.584070
2.692308 0.765957 0.657078
2.692308 0.851064 0.730087
2.692308 0.936170 0.803096
2.692308 1.021277 0.876104
2.692308 1.106383 0.949113
2.692308 1.191489 1.022122
2.692308 1.276596 1.095130
2.692308 1.361702 1.168139
2.692308 1.446809 1.241148
2.692308 1.531915 1.314157
2.692308 1.617021 1.387165
2.692308 1.702128 1.460174
2.692308 1.787234 1.533183
2.692308 1.872340 1.606191
2.692308 1.957447 1.679200
2.692308 2.042553 1.752209
2.692308 2.127660 1.825217
2.692308 2.212766 1.898226
2.692308 2.297872 1.971235
2.692308 2.382979 2.044244
2.692308 2.468085 2.117252
2.692308 2.553191 2.190261
2.692308 2.638298 2.263270
2.692308 2.723404 2.336278
2.692308 2.808511 2.409287
2.692308 2.893617 2.482296
2.692308 2.978723 2.555304
2.692308 3.063830 2.628313
2.692308 3.148936 2.701322
2.692308 3.234043 2.774331
2.692308 3.319149 2.847339
2.692308 3.404255 2.920348
2.692308 3.489362 2.993357
2.692308 3.574468 3.066365
2.692308 3.659574 3.139374
2.692308 3.744681 3.212383
2.692308 3.829787 3.285391
2.692308 3.914894 3.358400
2.692308 4.000000 0.000000
2.769231 0.000000 0.000000
2.769231 0.085106 0.075095
2.769231 0.170213 0.150189
2.769231 0.255319 0.225284
2.769231 0.340426 0.300379
2.769231 0.425532 0.375473
2.769231 0.510638 0.450568
2.769231 0.595745 0.525663
2.769231 0.680851 0.600757
2.769231 0.765957 0.675852
2.769231 0.851064 0.750947
2.769231 0.936170 0.826041
2.769231 1.021277 0.901136
2.769231 1.106383 0.976231
2.769231 1.191489 1.051325
2.769231 1.276596 1.126420
2.769231 1.361702 1.201515
2.769231 1.446809 1.276609
2.769231 1.531915 1.351704
2.769231 1.617021 1.426799
2.769231 1.702128 1.501893
2.769231 1.787234 1.576988
2.769231 1.872340 1.652083
2.769231 1.957447 1.727177
2.769231 2.042553 1.802272
2.769231 2.127660 1.877367
2.769231 2.212766 1.952461
2.769231 2.297872 2.027556
2.769231 2.382979 2.102651
2.769231 2.468085 2.177745
2.769231 2.553191 2.252840
2.769231 2.638298 2.327934
2.769231 2.723404 2.403029
2.769231 2.808511 2.478124
2.769231 2.893617 2.553218
2.769231 2.978723 2.628313
2.769231 3.063830 2.703408
2.769231 3.148936 2.778502
2.769231 3.234043 2.853597
2.769231 3.319149 2.928692
2.769231 3.404255 3.003786
2.769231 3.489362 3.078881
2.769231 3.574468 3.153976
2.769231 3.659574 3.229070
2.769231 3.744681 3.304165
2.769231 3.829787 3.379260
2.769231 3.914894 3.454354
2.769231 4.000000 0.000000
2.846154 0.000000 0.000000
2.846154 0.085106 0.077181
2.846154 0.170213 0.154361
2.846154 0.255319 0.231542
2.846154 0.340426 0.308722
2.846154 0.425532 0.385903
2.846154 0.510638 0.463084
2.846154 0.595745 0.540264
2.846154 0.680851 0.617445
2.846154 0.765957 0.694626
2.846154 0.851064 0.771806
2.846154 0.936170 0.848987
2.846154 1.021277 0.926167
2.846154 1.106383 1.003348
2.846154 1.191489 1.080529
2.846154 1.276596 1.157709
2.846154 1.361702 1.234890
2.846154 1.446809 1.312071
2.846154 1.531915 1.389251
2.846154 1.617021 1.466432
2.846154 1.702128 1.543612
2.846154 1.787234 1.620793
2.846154 1.872340 1.697974
2.846154 1.957447 1.775154
2.846154 2.042553 1.852335
2.846154 2.127660 1.929516
2.846154 2.212766 2.006696
2.846154 2.297872 2.083877
2.846154 2.382979 2.161057
2.846154 2.468085 2.238238
2.846154 2.553191 2.315419
2.846154 2.638298 2.392599
2.846154 2.723404 2.469780
2.846154 2.808511 2.546961
2.846154 2.893617 2.624141
2.846154 2.978723 2.701322
2.846154 3.063830 2.778502
2.846154 3.148936 2.855683
2.846154 3.234043 2.932864
2.846154 3.319149 3.010044
2.846154 3.404255 3.087225
2.846154 3.489362 3.164406
2.846154 3.574468 3.241586
2.846154 3.659574 3.318767
2.846154 3.744681 3.395947
2.846154 3.829787 3.473128
2.846154 3.914894 3.550309
2.846154 4.000000 0.000000
2.923077 0.000000 0.000000
2.923077 0.085106 0.079267
2.923077 0.170213 0.158533
2.923077 0.255319 0.237800
2.923077 0.340426 0.317066
2.923077 0.425532 0.396333
2.923077 0.510638 0.475600
2.923077 0.595745 0.554866
2.923077 0.680851 0.634133
2.923077 0.765957 0.713399
2.923077 0.851064 0.792666
2.923077 0.936170 0.871932
2.923077 1.021277 0.951199
2.923077 1.106383 1.030466
2.923077 1.191489 1.109732
2.923077 1.276596 1.188999
2.923077 1.361702 1.268265
2.923077 1.446809 1.347532
2.923077 1.531915 1.426799
2.923077 1.617021 1.506065
2.923077 1.702128 1.585332
2.923077 1.787234 1.664598
2.923077 1.872340 1.743865
2.923077 1.957447 1.823131
2.923077 2.042553 1.902398
2.923077 2.127660 1.981665
2.923077 2.212766 2.060931
2.923077 2.297872 2.140198
2.923077 2.382979 2.219464
2.923077 2.468085 2.298731
2.923077 2.553191 2.377998
2.923077 2.638298 2.457264
2.923077 2.723404 2.536531
2.923077 2.808511 2.615797
2.923077 2.893617 2.695064
2.923077 2.978723 2.774331
2.923077 3.063830 2.853597
2.923077 3.148936 2.932864
2.923077 3.234043 3.012130
2.923077 3.319149 3.091397
2.923077 3.404255 3.170663
2.923077 3.489362 3.249930
2.923077 3.574468 3.329197
2.923077 3.659574 3.408463
2.923077 3.744681 3.487730
2.923077 3.829787 3.566996
2.923077 3.914894 3.646263
2.923077 4.000000 0.000000
3.000000 0.000000 0.000000
3.000000 0.085106 0.000000
3.000000 0.170213 0.000000
3.000000 0.255319 0.000000
3.000000 0.340426 0.000000
3.000000 0.425532 0.000000
3.000000 0.510638 0.000000
3.000000 0.595745 0.000000
3.000000 0.680851 0.000000
3.000000 0.765957 0.000000
3.000000 0.851064 0.000000
3.000000 0.936170 0.000000
3.000000 1.021277 0.000000
3.000000 1.106383 0.000000
3.000000 1.191489 0.000000
3.000000 1.276596 0.000000
3.000000 1.361702 0.000000
3.000000 1.446809 0.000000
3.000000 1.531915 0.000000
3.000000 1.617021 0.000000
3.000000 1.702128 0.000000
3.000000 1.787234 0.000000
3.000000 1.872340 0.000000
3.000000 1.957447 0.000000
3.000000 2.042553 0.000000
3.000000 2.127660 0.000000
3.000000 2.212766 0.000000
3.000000 2.297872 0.000000
3.000000 2.382979 0.000000
3.000000 2.468085 0.000000
3.000000 2.553191 0.000000
3.000000 2.638298 0.000000
3.000000 2.723404 0.000000
3.000000 2.808511 0.000000
3.000000 2.893617 0.000000
3.000000 2.978723 0.000000
3.000000 3.063830 0.000000
3.000000 3.148936 0.000000
3.000000 3.234043 0.000000
3.000000 3.319149 0.000000
3.000000 3.404255 0.000000
3.000000 3.489362 0.000000
3.000000 3.574468 0.000000
3.000000 3.659574 0.000000
3.000000 3.744681 0.000000
3.000000 3.829787 0.000000
3.000000 3.914894 0.000000
3.000000 4.000000 0.000000
