0.040541 0.333333 0.108298
0.040541 1.000000 0.301408
0.040541 1.666667 0.494517
0.121622 0.333333 0.131784
0.121622 1.000000 0.324894
0.121622 1.666667 0.518003
0.202703 0.333333 0.155271
0.202703 1.000000 0.348380
0.202703 1.666667 0.541490
0.283784 0.333333 0.178757
0.283784 1.000000 0.371866
0.283784 1.666667 0.564976
0.364865 0.333333 0.202243
0.364865 1.000000 0.395353
0.364865 1.666667 0.588462
0.445946 0.333333 0.225729
0.445946 1.000000 0.418839
0.445946 1.666667 0.611949
0.527027 0.333333 0.249216
0.527027 1.000000 0.442325
0.527027 1.666667 0.635435
0.608108 0.333333 0.272702
0.608108 1.000000 0.465812
0.608108 1.666667 0.658921
0.689189 0.333333 0.296188
0.689189 1.000000 0.489298
0.689189 1.666667 0.682408
0.770270 0.333333 0.319675
0.770270 1.000000 0.512784
0.770270 1.666667 0.705894
0.851351 0.333333 0.343161
0.851351 1.000000 0.536271
0.851351 1.666667 0.729380
0.932432 0.333333 0.366647
0.932432 1.000000 0.559757
0.932432 1.666667 0.752866
1.013514 0.333333 0.390134
1.013514 1.000000 0.583243
1.013514 1.666667 0.776353
1.094595 0.333333 0.413620
1.094595 1.000000 0.606729
1.094595 1.666667 0.799839
1.175676 0.333333 0.437106
1.175676 1.000000 0.630216
1.175676 1.666667 0.823325
1.256757 0.333333 0.460592
1.256757 1.000000 0.653702
1.256757 1.666667 0.846812
1.337838 0.333333 0.484079
1.337838 1.000000 0.677188
1.337838 1.666667 0.870298
1.418919 0.333333 0.507565
1.418919 1.000000 0.700675
1.418919 1.666667 0.893784
1.500000 0.333333 0.531051
1.500000 1.000000 0.724161
1.500000 1.666667 0.917271
1.581081 0.333333 0.554538
1.581081 1.000000 0.747647
1.581081 1.666667 0.940757
1.662162 0.333333 0.578024
1.662162 1.000000 0.771134
1.662162 1.666667 0.964243
1.743243 0.333333 0.601510
1.743243 1.000000 0.794620
1.743243 1.666667 0.987729
1.824324 0.333333 0.624997
1.824324 1.000000 0.818106
1.824324 1.666667 1.011216
1.905405 0.333333 0.648483
1.905405 1.000000 0.841592
1.905405 1.666667 1.034702
1.986486 0.333333 0.671969
1.986486 1.000000 0.865079
1.986486 1.666667 1.058188
2.067568 0.333333 0.695455
2.067568 1.000000 0.888565
2.067568 1.666667 1.081675
2.148649 0.333333 0.718942
2.148649 1.000000 0.912051
2.148649 1.666667 1.105161
2.229730 0.333333 0.742428
2.229730 1.000000 0.935538
2.229730 1.666667 1.128647
2.310811 0.333333 0.765914
2.310811 1.000000 0.959024
2.310811 1.666667 1.152134
2.391892 0.333333 0.789401
2.391892 1.000000 0.982510
2.391892 1.666667 1.175620
2.472973 0.333333 0.812887
2.472973 1.000000 1.005997
2.472973 1.666667 1.199106
2.554054 0.333333 0.836373
2.554054 1.000000 1.029483
2.554054 1.666667 1.222592
2.635135 0.333333 0.859860
2.635135 1.000000 1.052969
2.635135 1.666667 1.246079
2.716216 0.333333 0.883346
2.716216 1.000000 1.076455
2.716216 1.666667 1.269565
2.797297 0.333333 0.906832
2.797297 1.000000 1.099942
2.797297 1.666667 1.293051
2.878378 0.333333 0.930318
2.878378 1.000000 1.123428
2.878378 1.666667 1.316538
2.959459 0.333333 0.953805
2.959459 1.000000 1.146914
2.959459 1.666667 1.340024
