0.040541 0.250000 0.076508
0.040541 0.750000 0.208174
0.040541 1.250000 0.339840
0.040541 1.750000 0.471505
0.121622 0.250000 0.097860
0.121622 0.750000 0.229525
0.121622 1.250000 0.361191
0.121622 1.750000 0.492856
0.202703 0.250000 0.119211
0.202703 0.750000 0.250876
0.202703 1.250000 0.382542
0.202703 1.750000 0.514208
0.283784 0.250000 0.140562
0.283784 0.750000 0.272228
0.283784 1.250000 0.403893
0.283784 1.750000 0.535559
0.364865 0.250000 0.161913
0.364865 0.750000 0.293579
0.364865 1.250000 0.425244
0.364865 1.750000 0.556910
0.445946 0.250000 0.183264
0.445946 0.750000 0.314930
0.445946 1.250000 0.446596
0.445946 1.750000 0.578261
0.527027 0.250000 0.204616
0.527027 0.750000 0.336281
0.527027 1.250000 0.467947
0.527027 1.750000 0.599612
0.608108 0.250000 0.225967
0.608108 0.750000 0.357632
0.608108 1.250000 0.489298
0.608108 1.750000 0.620964
0.689189 0.250000 0.247318
0.689189 0.750000 0.378983
0.689189 1.250000 0.510649
0.689189 1.750000 0.642315
0.770270 0.250000 0.268669
0.770270 0.750000 0.400335
0.770270 1.250000 0.532000
0.770270 1.750000 0.663666
0.851351 0.250000 0.290020
0.851351 0.750000 0.421686
0.851351 1.250000 0.553351
0.851351 1.750000 0.685017
0.932432 0.250000 0.311371
0.932432 0.750000 0.443037
0.932432 1.250000 0.574703
0.932432 1.750000 0.706368
1.013514 0.250000 0.332723
1.013514 0.750000 0.464388
1.013514 1.250000 0.596054
1.013514 1.750000 0.727719
1.094595 0.250000 0.354074
1.094595 0.750000 0.485739
1.094595 1.250000 0.617405
1.094595 1.750000 0.749071
1.175676 0.250000 0.375425
1.175676 0.750000 0.507091
1.175676 1.250000 0.638756
1.175676 1.750000 0.770422
1.256757 0.250000 0.396776
1.256757 0.750000 0.528442
1.256757 1.250000 0.660107
1.256757 1.750000 0.791773
1.337838 0.250000 0.418127
1.337838 0.750000 0.549793
1.337838 1.250000 0.681459
1.337838 1.750000 0.813124
1.418919 0.250000 0.439479
1.418919 0.750000 0.571144
1.418919 1.250000 0.702810
1.418919 1.750000 0.834475
1.500000 0.250000 0.460830
1.500000 0.750000 0.592495
1.500000 1.250000 0.724161
1.500000 1.750000 0.855827
1.581081 0.250000 0.482181
1.581081 0.750000 0.613847
1.581081 1.250000 0.745512
1.581081 1.750000 0.877178
1.662162 0.250000 0.503532
1.662162 0.750000 0.635198
1.662162 1.250000 0.766863
1.662162 1.750000 0.898529
1.743243 0.250000 0.524883
1.743243 0.750000 0.656549
1.743243 1.250000 0.788214
1.743243 1.750000 0.919880
1.824324 0.250000 0.546234
1.824324 0.750000 0.677900
1.824324 1.250000 0.809566
1.824324 1.750000 0.941231
1.905405 0.250000 0.567586
1.905405 0.750000 0.699251
1.905405 1.250000 0.830917
1.905405 1.750000 0.962582
1.986486 0.250000 0.588937
1.986486 0.750000 0.720602
1.986486 1.250000 0.852268
1.986486 1.750000 0.983934
2.067568 0.250000 0.610288
2.067568 0.750000 0.741954
2.067568 1.250000 0.873619
2.067568 1.750000 1.005285
2.148649 0.250000 0.631639
2.148649 0.750000 0.763305
2.148649 1.250000 0.894970
2.148649 1.750000 1.026636
2.229730 0.250000 0.652990
2.229730 0.750000 0.784656
2.229730 1.250000 0.916322
2.229730 1.750000 1.047987
2.310811 0.250000 0.674342
2.310811 0.750000 0.806007
2.310811 1.250000 0.937673
2.310811 1.750000 1.069338
2.391892 0.250000 0.695693
2.391892 0.750000 0.827358
2.391892 1.250000 0.959024
2.391892 1.750000 1.090690
2.472973 0.250000 0.717044
2.472973 0.750000 0.848710
2.472973 1.250000 0.980375
2.472973 1.750000 1.112041
2.554054 0.250000 0.738395
2.554054 0.750000 0.870061
2.554054 1.250000 1.001726
2.554054 1.750000 1.133392
2.635135 0.250000 0.759746
2.635135 0.750000 0.891412
2.635135 1.250000 1.023078
2.635135 1.750000 1.154743
2.716216 0.250000 0.781097
2.716216 0.750000 0.912763
2.716216 1.250000 1.044429
2.716216 1.750000 1.176094
2.797297 0.250000 0.802449
2.797297 0.750000 0.934114
2.797297 1.250000 1.065780
2.797297 1.750000 1.197446
2.878378 0.250000 0.823800
2.878378 0.750000 0.955465
2.878378 1.250000 1.087131
2.878378 1.750000 1.218797
2.959459 0.250000 0.845151
2.959459 0.750000 0.976817
2.959459 1.250000 1.108482
2.959459 1.750000 1.240148
