0.040541 0.250000 0.069553
0.040541 0.750000 0.189249
0.040541 1.250000 0.308945
0.040541 1.750000 0.428641
0.121622 0.250000 0.088963
0.121622 0.750000 0.208659
0.121622 1.250000 0.328355
0.121622 1.750000 0.448051
0.202703 0.250000 0.108373
0.202703 0.750000 0.228069
0.202703 1.250000 0.347765
0.202703 1.750000 0.467462
0.283784 0.250000 0.127784
0.283784 0.750000 0.247480
0.283784 1.250000 0.367176
0.283784 1.750000 0.486872
0.364865 0.250000 0.147194
0.364865 0.750000 0.266890
0.364865 1.250000 0.386586
0.364865 1.750000 0.506282
0.445946 0.250000 0.166604
0.445946 0.750000 0.286300
0.445946 1.250000 0.405996
0.445946 1.750000 0.525692
0.527027 0.250000 0.186014
0.527027 0.750000 0.305710
0.527027 1.250000 0.425406
0.527027 1.750000 0.545102
0.608108 0.250000 0.205424
0.608108 0.750000 0.325120
0.608108 1.250000 0.444816
0.608108 1.750000 0.564512
0.689189 0.250000 0.224834
0.689189 0.750000 0.344530
0.689189 1.250000 0.464226
0.689189 1.750000 0.583922
0.770270 0.250000 0.244245
0.770270 0.750000 0.363941
0.770270 1.250000 0.483637
0.770270 1.750000 0.603333
0.851351 0.250000 0.263655
0.851351 0.750000 0.383351
0.851351 1.250000 0.503047
0.851351 1.750000 0.622743
0.932432 0.250000 0.283065
0.932432 0.750000 0.402761
0.932432 1.250000 0.522457
0.932432 1.750000 0.642153
1.013514 0.250000 0.302475
1.013514 0.750000 0.422171
1.013514 1.250000 0.541867
1.013514 1.750000 0.661563
1.094595 0.250000 0.321885
1.094595 0.750000 0.441581
1.094595 1.250000 0.561277
1.094595 1.750000 0.680973
1.175676 0.250000 0.341295
1.175676 0.750000 0.460991
1.175676 1.250000 0.580687
1.175676 1.750000 0.700383
1.256757 0.250000 0.360706
1.256757 0.750000 0.480402
1.256757 1.250000 0.600098
1.256757 1.750000 0.719794
1.337838 0.250000 0.380116
1.337838 0.750000 0.499812
1.337838 1.250000 0.619508
1.337838 1.750000 0.739204
1.418919 0.250000 0.399526
1.418919 0.750000 0.519222
1.418919 1.250000 0.638918
1.418919 1.750000 0.758614
1.500000 0.250000 0.418936
1.500000 0.750000 0.538632
1.500000 1.250000 0.658328
1.500000 1.750000 0.778024
1.581081 0.250000 0.438346
1.581081 0.750000 0.558042
1.581081 1.250000 0.677738
1.581081 1.750000 0.797434
1.662162 0.250000 0.457756
1.662162 0.750000 0.577452
1.662162 1.250000 0.697148
1.662162 1.750000 0.816844
1.743243 0.250000 0.477167
1.743243 0.750000 0.596863
1.743243 1.250000 0.716559
1.743243 1.750000 0.836255
1.824324 0.250000 0.496577
1.824324 0.750000 0.616273
1.824324 1.250000 0.735969
1.824324 1.750000 0.855665
1.905405 0.250000 0.515987
1.905405 0.750000 0.635683
1.905405 1.250000 0.755379
1.905405 1.750000 0.875075
1.986486 0.250000 0.535397
1.986486 0.750000 0.655093
1.986486 1.250000 0.774789
1.986486 1.750000 0.894485
2.067568 0.250000 0.554807
2.067568 0.750000 0.674503
2.067568 1.250000 0.794199
2.067568 1.750000 0.913895
2.148649 0.250000 0.574217
2.148649 0.750000 0.693913
2.148649 1.250000 0.813609
2.148649 1.750000 0.933305
2.229730 0.250000 0.593628
2.229730 0.750000 0.713324
2.229730 1.250000 0.833020
2.229730 1.750000 0.952716
2.310811 0.250000 0.613038
2.310811 0.750000 0.732734
2.310811 1.250000 0.852430
2.310811 1.750000 0.972126
2.391892 0.250000 0.632448
2.391892 0.750000 0.752144
2.391892 1.250000 0.871840
2.391892 1.750000 0.991536
2.472973 0.250000 0.651858
2.472973 0.750000 0.771554
2.472973 1.250000 0.891250
2.472973 1.750000 1.010946
2.554054 0.250000 0.671268
2.554054 0.750000 0.790964
2.554054 1.250000 0.910660
2.554054 1.750000 1.030356
2.635135 0.250000 0.690678
2.635135 0.750000 0.810374
2.635135 1.250000 0.930070
2.635135 1.750000 1.049766
2.716216 0.250000 0.710089
2.716216 0.750000 0.829785
2.716216 1.250000 0.949481
2.716216 1.750000 1.069177
2.797297 0.250000 0.729499
2.797297 0.750000 0.849195
2.797297 1.250000 0.968891
2.797297 1.750000 1.088587
2.878378 0.250000 0.748909
2.878378 0.750000 0.868605
2.878378 1.250000 0.988301
2.878378 1.750000 1.107997
2.959459 0.250000 0.768319
2.959459 0.750000 0.888015
2.959459 1.250000 1.007711
2.959459 1.750000 1.127407
