0.040541 0.333333 0.081366
0.040541 1.000000 0.226452
0.040541 1.666667 0.371538
0.121622 0.333333 0.099011
0.121622 1.000000 0.244098
0.121622 1.666667 0.389184
0.202703 0.333333 0.116657
0.202703 1.000000 0.261743
0.202703 1.666667 0.406829
0.283784 0.333333 0.134303
0.283784 1.000000 0.279389
0.283784 1.666667 0.424475
0.364865 0.333333 0.151948
0.364865 1.000000 0.297034
0.364865 1.666667 0.442120
0.445946 0.333333 0.169594
0.445946 1.000000 0.314680
0.445946 1.666667 0.459766
0.527027 0.333333 0.187239
0.527027 1.000000 0.332326
0.527027 1.666667 0.477412
0.608108 0.333333 0.204885
0.608108 1.000000 0.349971
0.608108 1.666667 0.495057
0.689189 0.333333 0.222531
0.689189 1.000000 0.367617
0.689189 1.666667 0.512703
0.770270 0.333333 0.240176
0.770270 1.000000 0.385262
0.770270 1.666667 0.530348
0.851351 0.333333 0.257822
0.851351 1.000000 0.402908
0.851351 1.666667 0.547994
0.932432 0.333333 0.275468
0.932432 1.000000 0.420554
0.932432 1.666667 0.565640
1.013514 0.333333 0.293113
1.013514 1.000000 0.438199
1.013514 1.666667 0.583285
1.094595 0.333333 0.310759
1.094595 1.000000 0.455845
1.094595 1.666667 0.600931
1.175676 0.333333 0.328404
1.175676 1.000000 0.473490
1.175676 1.666667 0.618577
1.256757 0.333333 0.346050
1.256757 1.000000 0.491136
1.256757 1.666667 0.636222
1.337838 0.333333 0.363696
1.337838 1.000000 0.508782
1.337838 1.666667 0.653868
1.418919 0.333333 0.381341
1.418919 1.000000 0.526427
1.418919 1.666667 0.671513
1.500000 0.333333 0.398987
1.500000 1.000000 0.544073
1.500000 1.666667 0.689159
1.581081 0.333333 0.416632
1.581081 1.000000 0.561718
1.581081 1.666667 0.706805
1.662162 0.333333 0.434278
1.662162 1.000000 0.579364
1.662162 1.666667 0.724450
1.743243 0.333333 0.451924
1.743243 1.000000 0.597010
1.743243 1.666667 0.742096
1.824324 0.333333 0.469569
1.824324 1.000000 0.614655
1.824324 1.666667 0.759741
1.905405 0.333333 0.487215
1.905405 1.000000 0.632301
1.905405 1.666667 0.777387
1.986486 0.333333 0.504860
1.986486 1.000000 0.649946
1.986486 1.666667 0.795033
2.067568 0.333333 0.522506
2.067568 1.000000 0.667592
2.067568 1.666667 0.812678
2.148649 0.333333 0.540152
2.148649 1.000000 0.685238
2.148649 1.666667 0.830324
2.229730 0.333333 0.557797
2.229730 1.000000 0.702883
2.229730 1.666667 0.847969
2.310811 0.333333 0.575443
2.310811 1.000000 0.720529
2.310811 1.666667 0.865615
2.391892 0.333333 0.593088
2.391892 1.000000 0.738175
2.391892 1.666667 0.883261
2.472973 0.333333 0.610734
2.472973 1.000000 0.755820
2.472973 1.666667 0.900906
2.554054 0.333333 0.628380
2.554054 1.000000 0.773466
2.554054 1.666667 0.918552
2.635135 0.333333 0.646025
2.635135 1.000000 0.791111
2.635135 1.666667 0.936197
2.716216 0.333333 0.663671
2.716216 1.000000 0.808757
2.716216 1.666667 0.953843
2.797297 0.333333 0.681316
2.797297 1.000000 0.826403
2.797297 1.666667 0.971489
2.878378 0.333333 0.698962
2.878378 1.000000 0.844048
2.878378 1.666667 0.989134
2.959459 0.333333 0.716608
2.959459 1.000000 0.861694
2.959459 1.666667 1.006780
