0.000000 0.000000 0.850000
0.000000 0.090909 0.940909
0.000000 0.181818 1.031818
0.000000 0.272727 1.122727
0.000000 0.363636 1.213636
0.000000 0.454545 1.304545
0.000000 0.545455 1.395455
0.000000 0.636364 1.486364
0.000000 0.727273 1.577273
0.000000 0.818182 1.668182
0.000000 0.909091 1.759091
0.000000 1.000000 1.850000
0.142857 0.000000 0.992857
0.142857 0.090909 1.083766
0.142857 0.181818 1.174675
0.142857 0.272727 1.265584
0.142857 0.363636 1.356494
0.142857 0.454545 1.447403
0.142857 0.545455 1.538312
0.142857 0.636364 1.629221
0.142857 0.727273 1.720130
0.142857 0.818182 1.811039
0.142857 0.909091 1.901948
0.142857 1.000000 1.992857
0.285714 0.000000 1.135714
0.285714 0.090909 1.226623
0.285714 0.181818 1.317532
0.285714 0.272727 1.408442
0.285714 0.363636 1.499351
0.285714 0.454545 1.590260
0.285714 0.545455 1.681169
0.285714 0.636364 1.772078
0.285714 0.727273 1.862987
0.285714 0.818182 1.953896
0.285714 0.909091 2.044805
0.285714 1.000000 2.135714
0.428571 0.000000 1.278571
0.428571 0.090909 1.369481
0.428571 0.181818 1.460390
0.428571 0.272727 1.551299
0.428571 0.363636 1.642208
0.428571 0.454545 1.733117
0.428571 0.545455 1.824026
0.428571 0.636364 1.914935
0.428571 0.727273 2.005844
0.428571 0.818182 2.096753
0.428571 0.909091 2.187662
0.428571 1.000000 2.278571
0.571429 0.000000 1.421429
0.571429 0.090909 1.512338
0.571429 0.181818 1.603247
0.571429 0.272727 1.694156
0.571429 0.363636 1.785065
0.571429 0.454545 1.875974
0.571429 0.545455 1.966883
0.571429 0.636364 2.057792
0.571429 0.727273 2.148701
0.571429 0.818182 2.239610
0.571429 0.909091 2.330519
0.571429 1.000000 2.421429
0.714286 0.000000 1.564286
0.714286 0.090909 1.655195
0.714286 0.181818 1.746104
0.714286 0.272727 1.837013
0.714286 0.363636 1.927922
0.714286 0.454545 2.018831
0.714286 0.545455 2.109740
0.714286 0.636364 2.200649
0.714286 0.727273 2.291558
0.714286 0.818182 2.382468
0.714286 0.909091 2.473377
0.714286 1.000000 2.564286
0.857143 0.000000 1.707143
0.857143 0.090909 1.798052
0.857143 0.181818 1.888961
0.857143 0.272727 1.979870
0.857143 0.363636 2.070779
0.857143 0.454545 2.161688
0.857143 0.545455 2.252597
0.857143 0.636364 2.343506
0.857143 0.727273 2.434416
0.857143 0.818182 2.525325
0.857143 0.909091 2.616234
0.857143 1.000000 2.707143
1.000000 0.000000 1.850000
1.000000 0.090909 1.940909
1.000000 0.181818 2.031818
1.000000 0.272727 2.122727
1.000000 0.363636 2.213636
1.000000 0.454545 2.304545
1.000000 0.545455 2.395455
1.000000 0.636364 2.486364
1.000000 0.727273 2.577273
1.000000 0.818182 2.668182
1.000000 0.909091 2.759091
1.000000 1.000000 2.850000
