0.040541 0.333333 0.067245
0.040541 1.000000 0.187150
0.040541 1.666667 0.307056
0.121622 0.333333 0.081828
0.121622 1.000000 0.201734
0.121622 1.666667 0.321639
0.202703 0.333333 0.096411
0.202703 1.000000 0.216317
0.202703 1.666667 0.336223
0.283784 0.333333 0.110994
0.283784 1.000000 0.230900
0.283784 1.666667 0.350806
0.364865 0.333333 0.125577
0.364865 1.000000 0.245483
0.364865 1.666667 0.365389
0.445946 0.333333 0.140160
0.445946 1.000000 0.260066
0.445946 1.666667 0.379972
0.527027 0.333333 0.154743
0.527027 1.000000 0.274649
0.527027 1.666667 0.394555
0.608108 0.333333 0.169327
0.608108 1.000000 0.289232
0.608108 1.666667 0.409138
0.689189 0.333333 0.183910
0.689189 1.000000 0.303816
0.689189 1.666667 0.423721
0.770270 0.333333 0.198493
0.770270 1.000000 0.318399
0.770270 1.666667 0.438305
0.851351 0.333333 0.213076
0.851351 1.000000 0.332982
0.851351 1.666667 0.452888
0.932432 0.333333 0.227659
0.932432 1.000000 0.347565
0.932432 1.666667 0.467471
1.013514 0.333333 0.242242
1.013514 1.000000 0.362148
1.013514 1.666667 0.482054
1.094595 0.333333 0.256825
1.094595 1.000000 0.376731
1.094595 1.666667 0.496637
1.175676 0.333333 0.271409
1.175676 1.000000 0.391314
1.175676 1.666667 0.511220
1.256757 0.333333 0.285992
1.256757 1.000000 0.405898
1.256757 1.666667 0.525803
1.337838 0.333333 0.300575
1.337838 1.000000 0.420481
1.337838 1.666667 0.540387
1.418919 0.333333 0.315158
1.418919 1.000000 0.435064
1.418919 1.666667 0.554970
1.500000 0.333333 0.329741
1.500000 1.000000 0.449647
1.500000 1.666667 0.569553
1.581081 0.333333 0.344324
1.581081 1.000000 0.464230
1.581081 1.666667 0.584136
1.662162 0.333333 0.358907
1.662162 1.000000 0.478813
1.662162 1.666667 0.598719
1.743243 0.333333 0.373491
1.743243 1.000000 0.493396
1.743243 1.666667 0.613302
1.824324 0.333333 0.388074
1.824324 1.000000 0.507980
1.824324 1.666667 0.627885
1.905405 0.333333 0.402657
1.905405 1.000000 0.522563
1.905405 1.666667 0.642469
1.986486 0.333333 0.417240
1.986486 1.000000 0.537146
1.986486 1.666667 0.657052
2.067568 0.333333 0.431823
2.067568 1.000000 0.551729
2.067568 1.666667 0.671635
2.148649 0.333333 0.446406
2.148649 1.000000 0.566312
2.148649 1.666667 0.686218
2.229730 0.333333 0.460989
2.229730 1.000000 0.580895
2.229730 1.666667 0.700801
2.310811 0.333333 0.475573
2.310811 1.000000 0.595478
2.310811 1.666667 0.715384
2.391892 0.333333 0.490156
2.391892 1.000000 0.610062
2.391892 1.666667 0.729967
2.472973 0.333333 0.504739
2.472973 1.000000 0.624645
2.472973 1.666667 0.744551
2.554054 0.333333 0.519322
2.554054 1.000000 0.639228
2.554054 1.666667 0.759134
2.635135 0.333333 0.533905
2.635135 1.000000 0.653811
2.635135 1.666667 0.773717
2.716216 0.333333 0.548488
2.716216 1.000000 0.668394
2.716216 1.666667 0.788300
2.797297 0.333333 0.563071
2.797297 1.000000 0.682977
2.797297 1.666667 0.802883
2.878378 0.333333 0.577655
2.878378 1.000000 0.697560
2.878378 1.666667 0.817466
2.959459 0.333333 0.592238
2.959459 1.000000 0.712144
2.959459 1.666667 0.832049
