0.000000 0.000000 -0.999293
0.000000 0.047619 -1.048029
0.000000 0.095238 -1.099143
0.000000 0.142857 -1.152749
0.000000 0.190476 -1.208970
0.000000 0.238095 -1.267933
0.000000 0.285714 -1.329771
0.000000 0.333333 -1.394625
0.000000 0.380952 -1.462643
0.000000 0.428571 -1.533977
0.000000 0.476190 -1.608791
0.000000 0.523810 -1.687254
0.000000 0.571429 -1.769543
0.000000 0.619048 -1.855845
0.000000 0.666667 -1.946357
0.000000 0.714286 -2.041282
0.000000 0.761905 -2.140838
0.000000 0.809524 -2.245249
0.000000 0.857143 -2.354752
0.000000 0.904762 -2.469596
0.000000 0.952381 -2.590040
0.000000 1.000000 -2.716359
0.500000 0.000000 -0.876962
0.500000 0.047619 -0.919732
0.500000 0.095238 -0.964589
0.500000 0.142857 -1.011633
0.500000 0.190476 -1.060971
0.500000 0.238095 -1.112716
0.500000 0.285714 -1.166984
0.500000 0.333333 -1.223899
0.500000 0.380952 -1.283590
0.500000 0.428571 -1.346192
0.500000 0.476190 -1.411847
0.500000 0.523810 -1.480704
0.500000 0.571429 -1.552920
0.500000 0.619048 -1.628657
0.500000 0.666667 -1.708089
0.500000 0.714286 -1.791394
0.500000 0.761905 -1.878762
0.500000 0.809524 -1.970391
0.500000 0.857143 -2.066489
0.500000 0.904762 -2.167274
0.500000 0.952381 -2.272974
0.500000 1.000000 -2.383830
1.000000 0.000000 -0.539920
1.000000 0.047619 -0.566253
1.000000 0.095238 -0.593869
1.000000 0.142857 -0.622833
1.000000 0.190476 -0.653209
1.000000 0.238095 -0.685067
1.000000 0.285714 -0.718478
1.000000 0.333333 -0.753519
1.000000 0.380952 -0.790269
1.000000 0.428571 -0.828812
1.000000 0.476190 -0.869234
1.000000 0.523810 -0.911627
1.000000 0.571429 -0.956088
1.000000 0.619048 -1.002717
1.000000 0.666667 -1.051621
1.000000 0.714286 -1.102910
1.000000 0.761905 -1.156700
1.000000 0.809524 -1.213113
1.000000 0.857143 -1.272278
1.000000 0.904762 -1.334328
1.000000 0.952381 -1.399405
1.000000 1.000000 -1.467655
1.500000 0.000000 -0.070687
1.500000 0.047619 -0.074135
1.500000 0.095238 -0.077750
1.500000 0.142857 -0.081542
1.500000 0.190476 -0.085519
1.500000 0.238095 -0.089690
1.500000 0.285714 -0.094064
1.500000 0.333333 -0.098652
1.500000 0.380952 -0.103463
1.500000 0.428571 -0.108509
1.500000 0.476190 -0.113801
1.500000 0.523810 -0.119352
1.500000 0.571429 -0.125172
1.500000 0.619048 -0.131277
1.500000 0.666667 -0.137680
1.500000 0.714286 -0.144395
1.500000 0.761905 -0.151437
1.500000 0.809524 -0.158823
1.500000 0.857143 -0.166569
1.500000 0.904762 -0.174692
1.500000 0.952381 -0.183212
1.500000 1.000000 -0.192148
2.000000 0.000000 0.415853
2.000000 0.047619 0.436134
2.000000 0.095238 0.457405
2.000000 0.142857 0.479713
2.000000 0.190476 0.503109
2.000000 0.238095 0.527646
2.000000 0.285714 0.553380
2.000000 0.333333 0.580369
2.000000 0.380952 0.608674
2.000000 0.428571 0.638360
2.000000 0.476190 0.669493
2.000000 0.523810 0.702145
2.000000 0.571429 0.736390
2.000000 0.619048 0.772304
2.000000 0.666667 0.809970
2.000000 0.714286 0.849473
2.000000 0.761905 0.890903
2.000000 0.809524 0.934353
2.000000 0.857143 0.979923
2.000000 0.904762 1.027714
2.000000 0.952381 1.077837
2.000000 1.000000 1.130404
2.500000 0.000000 0.800577
2.500000 0.047619 0.839622
2.500000 0.095238 0.880571
2.500000 0.142857 0.923518
2.500000 0.190476 0.968559
2.500000 0.238095 1.015796
2.500000 0.285714 1.065338
2.500000 0.333333 1.117295
2.500000 0.380952 1.171787
2.500000 0.428571 1.228936
2.500000 0.476190 1.288873
2.500000 0.523810 1.351732
2.500000 0.571429 1.417658
2.500000 0.619048 1.486798
2.500000 0.666667 1.559311
2.500000 0.714286 1.635360
2.500000 0.761905 1.715119
2.500000 0.809524 1.798767
2.500000 0.857143 1.886494
2.500000 0.904762 1.978501
2.500000 0.952381 2.074994
2.500000 1.000000 2.176194
3.000000 0.000000 0.989292
3.000000 0.047619 1.037541
3.000000 0.095238 1.088143
3.000000 0.142857 1.141213
3.000000 0.190476 1.196871
3.000000 0.238095 1.255244
3.000000 0.285714 1.316463
3.000000 0.333333 1.380669
3.000000 0.380952 1.448005
3.000000 0.428571 1.518626
3.000000 0.476190 1.592691
3.000000 0.523810 1.670368
3.000000 0.571429 1.751834
3.000000 0.619048 1.837273
3.000000 0.666667 1.926878
3.000000 0.714286 2.020854
3.000000 0.761905 2.119413
3.000000 0.809524 2.222779
3.000000 0.857143 2.331187
3.000000 0.904762 2.444881
3.000000 0.952381 2.564121
3.000000 1.000000 2.689175
3.500000 0.000000 0.935794
3.500000 0.047619 0.981434
3.500000 0.095238 1.029300
3.500000 0.142857 1.079500
3.500000 0.190476 1.132148
3.500000 0.238095 1.187364
3.500000 0.285714 1.245273
3.500000 0.333333 1.306006
3.500000 0.380952 1.369702
3.500000 0.428571 1.436503
3.500000 0.476190 1.506563
3.500000 0.523810 1.580040
3.500000 0.571429 1.657100
3.500000 0.619048 1.737919
3.500000 0.666667 1.822679
3.500000 0.714286 1.911573
3.500000 0.761905 2.004802
3.500000 0.809524 2.102578
3.500000 0.857143 2.205123
3.500000 0.904762 2.312669
3.500000 0.952381 2.425461
3.500000 1.000000 2.543753
4.000000 0.000000 0.653181
4.000000 0.047619 0.685038
4.000000 0.095238 0.718448
4.000000 0.142857 0.753487
4.000000 0.190476 0.790236
4.000000 0.238095 0.828776
4.000000 0.285714 0.869196
4.000000 0.333333 0.911588
4.000000 0.380952 0.956047
4.000000 0.428571 1.002675
4.000000 0.476190 1.051576
4.000000 0.523810 1.102862
4.000000 0.571429 1.156650
4.000000 0.619048 1.213061
4.000000 0.666667 1.272224
4.000000 0.714286 1.334271
4.000000 0.761905 1.399345
4.000000 0.809524 1.467593
4.000000 0.857143 1.539169
4.000000 0.904762 1.614235
4.000000 0.952381 1.692963
4.000000 1.000000 1.775531
4.500000 0.000000 0.210647
4.500000 0.047619 0.220920
4.500000 0.095238 0.231695
4.500000 0.142857 0.242995
4.500000 0.190476 0.254846
4.500000 0.238095 0.267275
4.500000 0.285714 0.280310
4.500000 0.333333 0.293981
4.500000 0.380952 0.308319
4.500000 0.428571 0.323356
4.500000 0.476190 0.339126
4.500000 0.523810 0.355666
4.500000 0.571429 0.373012
4.500000 0.619048 0.391204
4.500000 0.666667 0.410284
4.500000 0.714286 0.430294
4.500000 0.761905 0.451280
4.500000 0.809524 0.473289
4.500000 0.857143 0.496372
4.500000 0.904762 0.520580
4.500000 0.952381 0.545970
4.500000 1.000000 0.572597
5.000000 0.000000 -0.283462
5.000000 0.047619 -0.297286
5.000000 0.095238 -0.311785
5.000000 0.142857 -0.326991
5.000000 0.190476 -0.342939
5.000000 0.238095 -0.359665
5.000000 0.285714 -0.377206
5.000000 0.333333 -0.395602
5.000000 0.380952 -0.414896
5.000000 0.428571 -0.435131
5.000000 0.476190 -0.456353
5.000000 0.523810 -0.478610
5.000000 0.571429 -0.501952
5.000000 0.619048 -0.526433
5.000000 0.666667 -0.552108
5.000000 0.714286 -0.579035
5.000000 0.761905 -0.607275
5.000000 0.809524 -0.636892
5.000000 0.857143 -0.667954
5.000000 0.904762 -0.700531
5.000000 0.952381 -0.734697
5.000000 1.000000 -0.770528
5.500000 0.000000 -0.708169
5.500000 0.047619 -0.742707
5.500000 0.095238 -0.778929
5.500000 0.142857 -0.816919
5.500000 0.190476 -0.856760
5.500000 0.238095 -0.898546
5.500000 0.285714 -0.942369
5.500000 0.333333 -0.988329
5.500000 0.380952 -1.036531
5.500000 0.428571 -1.087083
5.500000 0.476190 -1.140102
5.500000 0.523810 -1.195706
5.500000 0.571429 -1.254021
5.500000 0.619048 -1.315181
5.500000 0.666667 -1.379324
5.500000 0.714286 -1.446595
5.500000 0.761905 -1.517147
5.500000 0.809524 -1.591140
5.500000 0.857143 -1.668742
5.500000 0.904762 -1.750128
5.500000 0.952381 -1.835483
5.500000 1.000000 -1.925002
6.000000 0.000000 -0.959491
6.000000 0.047619 -1.006287
6.000000 0.095238 -1.055364
6.000000 0.142857 -1.106836
6.000000 0.190476 -1.160817
6.000000 0.238095 -1.217431
6.000000 0.285714 -1.276807
6.000000 0.333333 -1.339078
6.000000 0.380952 -1.404386
6.000000 0.428571 -1.472880
6.000000 0.476190 -1.544713
6.000000 0.523810 -1.620051
6.000000 0.571429 -1.699062
6.000000 0.619048 -1.781927
6.000000 0.666667 -1.868834
6.000000 0.714286 -1.959979
6.000000 0.761905 -2.055569
6.000000 0.809524 -2.155821
6.000000 0.857143 -2.260963
6.000000 0.904762 -2.371232
6.000000 0.952381 -2.486880
6.000000 1.000000 -2.608168
6.500000 0.000000 -0.975897
6.500000 0.047619 -1.023492
6.500000 0.095238 -1.073409
6.500000 0.142857 -1.125761
6.500000 0.190476 -1.180665
6.500000 0.238095 -1.238247
6.500000 0.285714 -1.298638
6.500000 0.333333 -1.361974
6.500000 0.380952 -1.428399
6.500000 0.428571 -1.498063
6.500000 0.476190 -1.571125
6.500000 0.523810 -1.647751
6.500000 0.571429 -1.728113
6.500000 0.619048 -1.812395
6.500000 0.666667 -1.900788
6.500000 0.714286 -1.993491
6.500000 0.761905 -2.090716
6.500000 0.809524 -2.192682
6.500000 0.857143 -2.299622
6.500000 0.904762 -2.411777
6.500000 0.952381 -2.529401
6.500000 1.000000 -2.652763
7.000000 0.000000 -0.753369
7.000000 0.047619 -0.790112
7.000000 0.095238 -0.828646
7.000000 0.142857 -0.869060
7.000000 0.190476 -0.911445
7.000000 0.238095 -0.955897
7.000000 0.285714 -1.002517
7.000000 0.333333 -1.051411
7.000000 0.380952 -1.102690
7.000000 0.428571 -1.156469
7.000000 0.476190 -1.212871
7.000000 0.523810 -1.272024
7.000000 0.571429 -1.334062
7.000000 0.619048 -1.399126
7.000000 0.666667 -1.467363
7.000000 0.714286 -1.538927
7.000000 0.761905 -1.613983
7.000000 0.809524 -1.692698
7.000000 0.857143 -1.775253
7.000000 0.904762 -1.861834
7.000000 0.952381 -1.952637
7.000000 1.000000 -2.047869
7.500000 0.000000 -0.346390
7.500000 0.047619 -0.363284
7.500000 0.095238 -0.381002
7.500000 0.142857 -0.399584
7.500000 0.190476 -0.419072
7.500000 0.238095 -0.439510
7.500000 0.285714 -0.460946
7.500000 0.333333 -0.483426
7.500000 0.380952 -0.507004
7.500000 0.428571 -0.531731
7.500000 0.476190 -0.557664
7.500000 0.523810 -0.584862
7.500000 0.571429 -0.613386
7.500000 0.619048 -0.643301
7.500000 0.666667 -0.674676
7.500000 0.714286 -0.707581
7.500000 0.761905 -0.742090
7.500000 0.809524 -0.778283
7.500000 0.857143 -0.816240
7.500000 0.904762 -0.856049
7.500000 0.952381 -0.897799
7.500000 1.000000 -0.941586
8.000000 0.000000 0.145397
8.000000 0.047619 0.152488
8.000000 0.095238 0.159925
8.000000 0.142857 0.167725
8.000000 0.190476 0.175905
8.000000 0.238095 0.184484
8.000000 0.285714 0.193482
8.000000 0.333333 0.202918
8.000000 0.380952 0.212815
8.000000 0.428571 0.223194
8.000000 0.476190 0.234079
8.000000 0.523810 0.245495
8.000000 0.571429 0.257469
8.000000 0.619048 0.270026
8.000000 0.666667 0.283195
8.000000 0.714286 0.297007
8.000000 0.761905 0.311492
8.000000 0.809524 0.326684
8.000000 0.857143 0.342616
8.000000 0.904762 0.359326
8.000000 0.952381 0.376851
8.000000 1.000000 0.395230
8.500000 0.000000 0.601586
8.500000 0.047619 0.630926
8.500000 0.095238 0.661697
8.500000 0.142857 0.693969
8.500000 0.190476 0.727814
8.500000 0.238095 0.763311
8.500000 0.285714 0.800538
8.500000 0.333333 0.839581
8.500000 0.380952 0.880528
8.500000 0.428571 0.923473
8.500000 0.476190 0.968511
8.500000 0.523810 1.015747
8.500000 0.571429 1.065286
8.500000 0.619048 1.117241
8.500000 0.666667 1.171730
8.500000 0.714286 1.228876
8.500000 0.761905 1.288810
8.500000 0.809524 1.351667
8.500000 0.857143 1.417589
8.500000 0.904762 1.486726
8.500000 0.952381 1.559235
8.500000 1.000000 1.635281
9.000000 0.000000 0.910486
9.000000 0.047619 0.954891
9.000000 0.095238 1.001462
9.000000 0.142857 1.050305
9.000000 0.190476 1.101529
9.000000 0.238095 1.155252
9.000000 0.285714 1.211595
9.000000 0.333333 1.270685
9.000000 0.380952 1.332658
9.000000 0.428571 1.397653
9.000000 0.476190 1.465818
9.000000 0.523810 1.537308
9.000000 0.571429 1.612284
9.000000 0.619048 1.690917
9.000000 0.666667 1.773384
9.000000 0.714286 1.859874
9.000000 0.761905 1.950582
9.000000 0.809524 2.045714
9.000000 0.857143 2.145486
9.000000 0.904762 2.250123
9.000000 0.952381 2.359864
9.000000 1.000000 2.474957
9.500000 0.000000 0.996467
9.500000 0.047619 1.045066
9.500000 0.095238 1.096035
9.500000 0.142857 1.149489
9.500000 0.190476 1.205551
9.500000 0.238095 1.264347
9.500000 0.285714 1.326011
9.500000 0.333333 1.390682
9.500000 0.380952 1.458507
9.500000 0.428571 1.529640
9.500000 0.476190 1.604242
9.500000 0.523810 1.682482
9.500000 0.571429 1.764539
9.500000 0.619048 1.850597
9.500000 0.666667 1.940853
9.500000 0.714286 2.035510
9.500000 0.761905 2.134784
9.500000 0.809524 2.238900
9.500000 0.857143 2.348093
9.500000 0.904762 2.462612
9.500000 0.952381 2.582716
9.500000 1.000000 2.708678
10.000000 0.000000 0.838478
10.000000 0.047619 0.879372
10.000000 0.095238 0.922259
10.000000 0.142857 0.967239
10.000000 0.190476 1.014412
10.000000 0.238095 1.063886
10.000000 0.285714 1.115773
10.000000 0.333333 1.170190
10.000000 0.380952 1.227262
10.000000 0.428571 1.287117
10.000000 0.476190 1.349891
10.000000 0.523810 1.415726
10.000000 0.571429 1.484773
10.000000 0.619048 1.557187
10.000000 0.666667 1.633132
10.000000 0.714286 1.712782
10.000000 0.761905 1.796316
10.000000 0.809524 1.883924
10.000000 0.857143 1.975805
10.000000 0.904762 2.072167
10.000000 0.952381 2.173229
10.000000 1.000000 2.279220
