0.000000 0.000000 0.100000
0.000000 0.090909 0.190909
0.000000 0.181818 0.281818
0.000000 0.272727 0.372727
0.000000 0.363636 0.463636
0.000000 0.454545 0.554545
0.000000 0.545455 0.645455
0.000000 0.636364 0.736364
0.000000 0.727273 0.827273
0.000000 0.818182 0.918182
0.000000 0.909091 1.009091
0.000000 1.000000 1.100000
0.142857 0.000000 0.242857
0.142857 0.090909 0.333766
0.142857 0.181818 0.424675
0.142857 0.272727 0.515584
0.142857 0.363636 0.606494
0.142857 0.454545 0.697403
0.142857 0.545455 0.788312
0.142857 0.636364 0.879221
0.142857 0.727273 0.970130
0.142857 0.818182 1.061039
0.142857 0.909091 1.151948
0.142857 1.000000 1.242857
0.285714 0.000000 0.385714
0.285714 0.090909 0.476623
0.285714 0.181818 0.567532
0.285714 0.272727 0.658442
0.285714 0.363636 0.749351
0.285714 0.454545 0.840260
0.285714 0.545455 0.931169
0.285714 0.636364 1.022078
0.285714 0.727273 1.112987
0.285714 0.818182 1.203896
0.285714 0.909091 1.294805
0.285714 1.000000 1.385714
0.428571 0.000000 0.528571
0.428571 0.090909 0.619481
0.428571 0.181818 0.710390
0.428571 0.272727 0.801299
0.428571 0.363636 0.892208
0.428571 0.454545 0.983117
0.428571 0.545455 1.074026
0.428571 0.636364 1.164935
0.428571 0.727273 1.255844
0.428571 0.818182 1.346753
0.428571 0.909091 1.437662
0.428571 1.000000 1.528571
0.571429 0.000000 0.671429
0.571429 0.090909 0.762338
0.571429 0.181818 0.853247
0.571429 0.272727 0.944156
0.571429 0.363636 1.035065
0.571429 0.454545 1.125974
0.571429 0.545455 1.216883
0.571429 0.636364 1.307792
0.571429 0.727273 1.398701
0.571429 0.818182 1.489610
0.571429 0.909091 1.580519
0.571429 1.000000 1.671429
0.714286 0.000000 0.814286
0.714286 0.090909 0.905195
0.714286 0.181818 0.996104
0.714286 0.272727 1.087013
0.714286 0.363636 1.177922
0.714286 0.454545 1.268831
0.714286 0.545455 1.359740
0.714286 0.636364 1.450649
0.714286 0.727273 1.541558
0.714286 0.818182 1.632468
0.714286 0.909091 1.723377
0.714286 1.000000 1.814286
0.857143 0.000000 0.957143
0.857143 0.090909 1.048052
0.857143 0.181818 1.138961
0.857143 0.272727 1.229870
0.857143 0.363636 1.320779
0.857143 0.454545 1.411688
0.857143 0.545455 1.502597
0.857143 0.636364 1.593506
0.857143 0.727273 1.684416
0.857143 0.818182 1.775325
0.857143 0.909091 1.866234
0.857143 1.000000 1.957143
1.000000 0.000000 1.100000
1.000000 0.090909 1.190909
1.000000 0.181818 1.281818
1.000000 0.272727 1.372727
1.000000 0.363636 1.463636
1.000000 0.454545 1.554545
1.000000 0.545455 1.645455
1.000000 0.636364 1.736364
1.000000 0.727273 1.827273
1.000000 0.818182 1.918182
1.000000 0.909091 2.009091
1.000000 1.000000 2.100000
