0.040541 0.250000 0.043187
0.040541 0.750000 0.117509
0.040541 1.250000 0.191831
0.040541 1.750000 0.266152
0.121622 0.250000 0.055239
0.121622 0.750000 0.129561
0.121622 1.250000 0.203883
0.121622 1.750000 0.278205
0.202703 0.250000 0.067291
0.202703 0.750000 0.141613
0.202703 1.250000 0.215935
0.202703 1.750000 0.290257
0.283784 0.250000 0.079344
0.283784 0.750000 0.153665
0.283784 1.250000 0.227987
0.283784 1.750000 0.302309
0.364865 0.250000 0.091396
0.364865 0.750000 0.165718
0.364865 1.250000 0.240039
0.364865 1.750000 0.314361
0.445946 0.250000 0.103448
0.445946 0.750000 0.177770
0.445946 1.250000 0.252092
0.445946 1.750000 0.326413
0.527027 0.250000 0.115500
0.527027 0.750000 0.189822
0.527027 1.250000 0.264144
0.527027 1.750000 0.338466
0.608108 0.250000 0.127552
0.608108 0.750000 0.201874
0.608108 1.250000 0.276196
0.608108 1.750000 0.350518
0.689189 0.250000 0.139604
0.689189 0.750000 0.213926
0.689189 1.250000 0.288248
0.689189 1.750000 0.362570
0.770270 0.250000 0.151657
0.770270 0.750000 0.225978
0.770270 1.250000 0.300300
0.770270 1.750000 0.374622
0.851351 0.250000 0.163709
0.851351 0.750000 0.238031
0.851351 1.250000 0.312352
0.851351 1.750000 0.386674
0.932432 0.250000 0.175761
0.932432 0.750000 0.250083
0.932432 1.250000 0.324405
0.932432 1.750000 0.398726
1.013514 0.250000 0.187813
1.013514 0.750000 0.262135
1.013514 1.250000 0.336457
1.013514 1.750000 0.410779
1.094595 0.250000 0.199865
1.094595 0.750000 0.274187
1.094595 1.250000 0.348509
1.094595 1.750000 0.422831
1.175676 0.250000 0.211918
1.175676 0.750000 0.286239
1.175676 1.250000 0.360561
1.175676 1.750000 0.434883
1.256757 0.250000 0.223970
1.256757 0.750000 0.298292
1.256757 1.250000 0.372613
1.256757 1.750000 0.446935
1.337838 0.250000 0.236022
1.337838 0.750000 0.310344
1.337838 1.250000 0.384666
1.337838 1.750000 0.458987
1.418919 0.250000 0.248074
1.418919 0.750000 0.322396
1.418919 1.250000 0.396718
1.418919 1.750000 0.471040
1.500000 0.250000 0.260126
1.500000 0.750000 0.334448
1.500000 1.250000 0.408770
1.500000 1.750000 0.483092
1.581081 0.250000 0.272179
1.581081 0.750000 0.346500
1.581081 1.250000 0.420822
1.581081 1.750000 0.495144
1.662162 0.250000 0.284231
1.662162 0.750000 0.358553
1.662162 1.250000 0.432874
1.662162 1.750000 0.507196
1.743243 0.250000 0.296283
1.743243 0.750000 0.370605
1.743243 1.250000 0.444927
1.743243 1.750000 0.519248
1.824324 0.250000 0.308335
1.824324 0.750000 0.382657
1.824324 1.250000 0.456979
1.824324 1.750000 0.531301
1.905405 0.250000 0.320387
1.905405 0.750000 0.394709
1.905405 1.250000 0.469031
1.905405 1.750000 0.543353
1.986486 0.250000 0.332439
1.986486 0.750000 0.406761
1.986486 1.250000 0.481083
1.986486 1.750000 0.555405
2.067568 0.250000 0.344492
2.067568 0.750000 0.418813
2.067568 1.250000 0.493135
2.067568 1.750000 0.567457
2.148649 0.250000 0.356544
2.148649 0.750000 0.430866
2.148649 1.250000 0.505187
2.148649 1.750000 0.579509
2.229730 0.250000 0.368596
2.229730 0.750000 0.442918
2.229730 1.250000 0.517240
2.229730 1.750000 0.591561
2.310811 0.250000 0.380648
2.310811 0.750000 0.454970
2.310811 1.250000 0.529292
2.310811 1.750000 0.603614
2.391892 0.250000 0.392700
2.391892 0.750000 0.467022
2.391892 1.250000 0.541344
2.391892 1.750000 0.615666
2.472973 0.250000 0.404753
2.472973 0.750000 0.479074
2.472973 1.250000 0.553396
2.472973 1.750000 0.627718
2.554054 0.250000 0.416805
2.554054 0.750000 0.491127
2.554054 1.250000 0.565448
2.554054 1.750000 0.639770
2.635135 0.250000 0.428857
2.635135 0.750000 0.503179
2.635135 1.250000 0.577501
2.635135 1.750000 0.651822
2.716216 0.250000 0.440909
2.716216 0.750000 0.515231
2.716216 1.250000 0.589553
2.716216 1.750000 0.663875
2.797297 0.250000 0.452961
2.797297 0.750000 0.527283
2.797297 1.250000 0.601605
2.797297 1.750000 0.675927
2.878378 0.250000 0.465014
2.878378 0.750000 0.539335
2.878378 1.250000 0.613657
2.878378 1.750000 0.687979
2.959459 0.250000 0.477066
2.959459 0.750000 0.551388
2.959459 1.250000 0.625709
2.959459 1.750000 0.700031
