0.040541 0.333333 0.050522
0.040541 1.000000 0.140609
0.040541 1.666667 0.230696
0.121622 0.333333 0.061478
0.121622 1.000000 0.151565
0.121622 1.666667 0.241652
0.202703 0.333333 0.072435
0.202703 1.000000 0.162522
0.202703 1.666667 0.252609
0.283784 0.333333 0.083391
0.283784 1.000000 0.173478
0.283784 1.666667 0.263565
0.364865 0.333333 0.094348
0.364865 1.000000 0.184435
0.364865 1.666667 0.274522
0.445946 0.333333 0.105304
0.445946 1.000000 0.195392
0.445946 1.666667 0.285479
0.527027 0.333333 0.116261
0.527027 1.000000 0.206348
0.527027 1.666667 0.296435
0.608108 0.333333 0.127218
0.608108 1.000000 0.217305
0.608108 1.666667 0.307392
0.689189 0.333333 0.138174
0.689189 1.000000 0.228261
0.689189 1.666667 0.318348
0.770270 0.333333 0.149131
0.770270 1.000000 0.239218
0.770270 1.666667 0.329305
0.851351 0.333333 0.160087
0.851351 1.000000 0.250174
0.851351 1.666667 0.340261
0.932432 0.333333 0.171044
0.932432 1.000000 0.261131
0.932432 1.666667 0.351218
1.013514 0.333333 0.182000
1.013514 1.000000 0.272087
1.013514 1.666667 0.362174
1.094595 0.333333 0.192957
1.094595 1.000000 0.283044
1.094595 1.666667 0.373131
1.175676 0.333333 0.203913
1.175676 1.000000 0.294000
1.175676 1.666667 0.384087
1.256757 0.333333 0.214870
1.256757 1.000000 0.304957
1.256757 1.666667 0.395044
1.337838 0.333333 0.225826
1.337838 1.000000 0.315913
1.337838 1.666667 0.406000
1.418919 0.333333 0.236783
1.418919 1.000000 0.326870
1.418919 1.666667 0.416957
1.500000 0.333333 0.247739
1.500000 1.000000 0.337826
1.500000 1.666667 0.427913
1.581081 0.333333 0.258696
1.581081 1.000000 0.348783
1.581081 1.666667 0.438870
1.662162 0.333333 0.269652
1.662162 1.000000 0.359739
1.662162 1.666667 0.449827
1.743243 0.333333 0.280609
1.743243 1.000000 0.370696
1.743243 1.666667 0.460783
1.824324 0.333333 0.291566
1.824324 1.000000 0.381653
1.824324 1.666667 0.471740
1.905405 0.333333 0.302522
1.905405 1.000000 0.392609
1.905405 1.666667 0.482696
1.986486 0.333333 0.313479
1.986486 1.000000 0.403566
1.986486 1.666667 0.493653
2.067568 0.333333 0.324435
2.067568 1.000000 0.414522
2.067568 1.666667 0.504609
2.148649 0.333333 0.335392
2.148649 1.000000 0.425479
2.148649 1.666667 0.515566
2.229730 0.333333 0.346348
2.229730 1.000000 0.436435
2.229730 1.666667 0.526522
2.310811 0.333333 0.357305
2.310811 1.000000 0.447392
2.310811 1.666667 0.537479
2.391892 0.333333 0.368261
2.391892 1.000000 0.458348
2.391892 1.666667 0.548435
2.472973 0.333333 0.379218
2.472973 1.000000 0.469305
2.472973 1.666667 0.559392
2.554054 0.333333 0.390174
2.554054 1.000000 0.480261
2.554054 1.666667 0.570348
2.635135 0.333333 0.401131
2.635135 1.000000 0.491218
2.635135 1.666667 0.581305
2.716216 0.333333 0.412087
2.716216 1.000000 0.502174
2.716216 1.666667 0.592261
2.797297 0.333333 0.423044
2.797297 1.000000 0.513131
2.797297 1.666667 0.603218
2.878378 0.333333 0.434000
2.878378 1.000000 0.524087
2.878378 1.666667 0.614175
2.959459 0.333333 0.444957
2.959459 1.000000 0.535044
2.959459 1.666667 0.625131
