0.040541 0.250000 0.035692
0.040541 0.750000 0.097115
0.040541 1.250000 0.158538
0.040541 1.750000 0.219961
0.121622 0.250000 0.045652
0.121622 0.750000 0.107075
0.121622 1.250000 0.168498
0.121622 1.750000 0.229921
0.202703 0.250000 0.055613
0.202703 0.750000 0.117036
0.202703 1.250000 0.178459
0.202703 1.750000 0.239882
0.283784 0.250000 0.065573
0.283784 0.750000 0.126996
0.283784 1.250000 0.188419
0.283784 1.750000 0.249842
0.364865 0.250000 0.075534
0.364865 0.750000 0.136957
0.364865 1.250000 0.198380
0.364865 1.750000 0.259803
0.445946 0.250000 0.085494
0.445946 0.750000 0.146917
0.445946 1.250000 0.208340
0.445946 1.750000 0.269763
0.527027 0.250000 0.095455
0.527027 0.750000 0.156878
0.527027 1.250000 0.218301
0.527027 1.750000 0.279724
0.608108 0.250000 0.105415
0.608108 0.750000 0.166838
0.608108 1.250000 0.228261
0.608108 1.750000 0.289684
0.689189 0.250000 0.115376
0.689189 0.750000 0.176799
0.689189 1.250000 0.238222
0.689189 1.750000 0.299645
0.770270 0.250000 0.125336
0.770270 0.750000 0.186759
0.770270 1.250000 0.248182
0.770270 1.750000 0.309605
0.851351 0.250000 0.135297
0.851351 0.750000 0.196720
0.851351 1.250000 0.258143
0.851351 1.750000 0.319566
0.932432 0.250000 0.145257
0.932432 0.750000 0.206680
0.932432 1.250000 0.268103
0.932432 1.750000 0.329526
1.013514 0.250000 0.155218
1.013514 0.750000 0.216641
1.013514 1.250000 0.278064
1.013514 1.750000 0.339487
1.094595 0.250000 0.165178
1.094595 0.750000 0.226601
1.094595 1.250000 0.288024
1.094595 1.750000 0.349447
1.175676 0.250000 0.175139
1.175676 0.750000 0.236562
1.175676 1.250000 0.297984
1.175676 1.750000 0.359407
1.256757 0.250000 0.185099
1.256757 0.750000 0.246522
1.256757 1.250000 0.307945
1.256757 1.750000 0.369368
1.337838 0.250000 0.195059
1.337838 0.750000 0.256482
1.337838 1.250000 0.317905
1.337838 1.750000 0.379328
1.418919 0.250000 0.205020
1.418919 0.750000 0.266443
1.418919 1.250000 0.327866
1.418919 1.750000 0.389289
1.500000 0.250000 0.214980
1.500000 0.750000 0.276403
1.500000 1.250000 0.337826
1.500000 1.750000 0.399249
1.581081 0.250000 0.224941
1.581081 0.750000 0.286364
1.581081 1.250000 0.347787
1.581081 1.750000 0.409210
1.662162 0.250000 0.234901
1.662162 0.750000 0.296324
1.662162 1.250000 0.357747
1.662162 1.750000 0.419170
1.743243 0.250000 0.244862
1.743243 0.750000 0.306285
1.743243 1.250000 0.367708
1.743243 1.750000 0.429131
1.824324 0.250000 0.254822
1.824324 0.750000 0.316245
1.824324 1.250000 0.377668
1.824324 1.750000 0.439091
1.905405 0.250000 0.264783
1.905405 0.750000 0.326206
1.905405 1.250000 0.387629
1.905405 1.750000 0.449052
1.986486 0.250000 0.274743
1.986486 0.750000 0.336166
1.986486 1.250000 0.397589
1.986486 1.750000 0.459012
2.067568 0.250000 0.284704
2.067568 0.750000 0.346127
2.067568 1.250000 0.407550
2.067568 1.750000 0.468973
2.148649 0.250000 0.294664
2.148649 0.750000 0.356087
2.148649 1.250000 0.417510
2.148649 1.750000 0.478933
2.229730 0.250000 0.304625
2.229730 0.750000 0.366048
2.229730 1.250000 0.427471
2.229730 1.750000 0.488894
2.310811 0.250000 0.314585
2.310811 0.750000 0.376008
2.310811 1.250000 0.437431
2.310811 1.750000 0.498854
2.391892 0.250000 0.324546
2.391892 0.750000 0.385969
2.391892 1.250000 0.447392
2.391892 1.750000 0.508815
2.472973 0.250000 0.334506
2.472973 0.750000 0.395929
2.472973 1.250000 0.457352
2.472973 1.750000 0.518775
2.554054 0.250000 0.344467
2.554054 0.750000 0.405890
2.554054 1.250000 0.467313
2.554054 1.750000 0.528736
2.635135 0.250000 0.354427
2.635135 0.750000 0.415850
2.635135 1.250000 0.477273
2.635135 1.750000 0.538696
2.716216 0.250000 0.364388
2.716216 0.750000 0.425811
2.716216 1.250000 0.487234
2.716216 1.750000 0.548657
2.797297 0.250000 0.374348
2.797297 0.750000 0.435771
2.797297 1.250000 0.497194
2.797297 1.750000 0.558617
2.878378 0.250000 0.384309
2.878378 0.750000 0.445732
2.878378 1.250000 0.507155
2.878378 1.750000 0.568578
2.959459 0.250000 0.394269
2.959459 0.750000 0.455692
2.959459 1.250000 0.517115
2.959459 1.750000 0.578538
