0.040541 0.333333 0.041754
0.040541 1.000000 0.116206
0.040541 1.666667 0.190658
0.121622 0.333333 0.050809
0.121622 1.000000 0.125261
0.121622 1.666667 0.199713
0.202703 0.333333 0.059864
0.202703 1.000000 0.134316
0.202703 1.666667 0.208768
0.283784 0.333333 0.068919
0.283784 1.000000 0.143371
0.283784 1.666667 0.217823
0.364865 0.333333 0.077973
0.364865 1.000000 0.152426
0.364865 1.666667 0.226878
0.445946 0.333333 0.087028
0.445946 1.000000 0.161481
0.445946 1.666667 0.235933
0.527027 0.333333 0.096083
0.527027 1.000000 0.170536
0.527027 1.666667 0.244988
0.608108 0.333333 0.105138
0.608108 1.000000 0.179591
0.608108 1.666667 0.254043
0.689189 0.333333 0.114193
0.689189 1.000000 0.188646
0.689189 1.666667 0.263098
0.770270 0.333333 0.123248
0.770270 1.000000 0.197701
0.770270 1.666667 0.272153
0.851351 0.333333 0.132303
0.851351 1.000000 0.206756
0.851351 1.666667 0.281208
0.932432 0.333333 0.141358
0.932432 1.000000 0.215810
0.932432 1.666667 0.290263
1.013514 0.333333 0.150413
1.013514 1.000000 0.224865
1.013514 1.666667 0.299318
1.094595 0.333333 0.159468
1.094595 1.000000 0.233920
1.094595 1.666667 0.308373
1.175676 0.333333 0.168523
1.175676 1.000000 0.242975
1.175676 1.666667 0.317428
1.256757 0.333333 0.177578
1.256757 1.000000 0.252030
1.256757 1.666667 0.326483
1.337838 0.333333 0.186633
1.337838 1.000000 0.261085
1.337838 1.666667 0.335538
1.418919 0.333333 0.195688
1.418919 1.000000 0.270140
1.418919 1.666667 0.344593
1.500000 0.333333 0.204743
1.500000 1.000000 0.279195
1.500000 1.666667 0.353647
1.581081 0.333333 0.213798
1.581081 1.000000 0.288250
1.581081 1.666667 0.362702
1.662162 0.333333 0.222853
1.662162 1.000000 0.297305
1.662162 1.666667 0.371757
1.743243 0.333333 0.231908
1.743243 1.000000 0.306360
1.743243 1.666667 0.380812
1.824324 0.333333 0.240963
1.824324 1.000000 0.315415
1.824324 1.666667 0.389867
1.905405 0.333333 0.250018
1.905405 1.000000 0.324470
1.905405 1.666667 0.398922
1.986486 0.333333 0.259073
1.986486 1.000000 0.333525
1.986486 1.666667 0.407977
2.067568 0.333333 0.268128
2.067568 1.000000 0.342580
2.067568 1.666667 0.417032
2.148649 0.333333 0.277183
2.148649 1.000000 0.351635
2.148649 1.666667 0.426087
2.229730 0.333333 0.286238
2.229730 1.000000 0.360690
2.229730 1.666667 0.435142
2.310811 0.333333 0.295293
2.310811 1.000000 0.369745
2.310811 1.666667 0.444197
2.391892 0.333333 0.304348
2.391892 1.000000 0.378800
2.391892 1.666667 0.453252
2.472973 0.333333 0.313403
2.472973 1.000000 0.387855
2.472973 1.666667 0.462307
2.554054 0.333333 0.322458
2.554054 1.000000 0.396910
2.554054 1.666667 0.471362
2.635135 0.333333 0.331513
2.635135 1.000000 0.405965
2.635135 1.666667 0.480417
2.716216 0.333333 0.340568
2.716216 1.000000 0.415020
2.716216 1.666667 0.489472
2.797297 0.333333 0.349623
2.797297 1.000000 0.424075
2.797297 1.666667 0.498527
2.878378 0.333333 0.358678
2.878378 1.000000 0.433130
2.878378 1.666667 0.507582
2.959459 0.333333 0.367733
2.959459 1.000000 0.442185
2.959459 1.666667 0.516637
