0.040541 0.250000 0.029497
0.040541 0.750000 0.080260
0.040541 1.250000 0.131023
0.040541 1.750000 0.181786
0.121622 0.250000 0.037729
0.121622 0.750000 0.088492
0.121622 1.250000 0.139255
0.121622 1.750000 0.190018
0.202703 0.250000 0.045961
0.202703 0.750000 0.096724
0.202703 1.250000 0.147487
0.202703 1.750000 0.198249
0.283784 0.250000 0.054193
0.283784 0.750000 0.104956
0.283784 1.250000 0.155718
0.283784 1.750000 0.206481
0.364865 0.250000 0.062425
0.364865 0.750000 0.113187
0.364865 1.250000 0.163950
0.364865 1.750000 0.214713
0.445946 0.250000 0.070656
0.445946 0.750000 0.121419
0.445946 1.250000 0.172182
0.445946 1.750000 0.222945
0.527027 0.250000 0.078888
0.527027 0.750000 0.129651
0.527027 1.250000 0.180414
0.527027 1.750000 0.231177
0.608108 0.250000 0.087120
0.608108 0.750000 0.137883
0.608108 1.250000 0.188646
0.608108 1.750000 0.239408
0.689189 0.250000 0.095352
0.689189 0.750000 0.146115
0.689189 1.250000 0.196877
0.689189 1.750000 0.247640
0.770270 0.250000 0.103584
0.770270 0.750000 0.154346
0.770270 1.250000 0.205109
0.770270 1.750000 0.255872
0.851351 0.250000 0.111815
0.851351 0.750000 0.162578
0.851351 1.250000 0.213341
0.851351 1.750000 0.264104
0.932432 0.250000 0.120047
0.932432 0.750000 0.170810
0.932432 1.250000 0.221573
0.932432 1.750000 0.272336
1.013514 0.250000 0.128279
1.013514 0.750000 0.179042
1.013514 1.250000 0.229805
1.013514 1.750000 0.280567
1.094595 0.250000 0.136511
1.094595 0.750000 0.187274
1.094595 1.250000 0.238036
1.094595 1.750000 0.288799
1.175676 0.250000 0.144743
1.175676 0.750000 0.195505
1.175676 1.250000 0.246268
1.175676 1.750000 0.297031
1.256757 0.250000 0.152974
1.256757 0.750000 0.203737
1.256757 1.250000 0.254500
1.256757 1.750000 0.305263
1.337838 0.250000 0.161206
1.337838 0.750000 0.211969
1.337838 1.250000 0.262732
1.337838 1.750000 0.313495
1.418919 0.250000 0.169438
1.418919 0.750000 0.220201
1.418919 1.250000 0.270964
1.418919 1.750000 0.321726
1.500000 0.250000 0.177670
1.500000 0.750000 0.228433
1.500000 1.250000 0.279195
1.500000 1.750000 0.329958
1.581081 0.250000 0.185902
1.581081 0.750000 0.236664
1.581081 1.250000 0.287427
1.581081 1.750000 0.338190
1.662162 0.250000 0.194133
1.662162 0.750000 0.244896
1.662162 1.250000 0.295659
1.662162 1.750000 0.346422
1.743243 0.250000 0.202365
1.743243 0.750000 0.253128
1.743243 1.250000 0.303891
1.743243 1.750000 0.354654
1.824324 0.250000 0.210597
1.824324 0.750000 0.261360
1.824324 1.250000 0.312123
1.824324 1.750000 0.362885
1.905405 0.250000 0.218829
1.905405 0.750000 0.269592
1.905405 1.250000 0.320354
1.905405 1.750000 0.371117
1.986486 0.250000 0.227061
1.986486 0.750000 0.277823
1.986486 1.250000 0.328586
1.986486 1.750000 0.379349
2.067568 0.250000 0.235292
2.067568 0.750000 0.286055
2.067568 1.250000 0.336818
2.067568 1.750000 0.387581
2.148649 0.250000 0.243524
2.148649 0.750000 0.294287
2.148649 1.250000 0.345050
2.148649 1.750000 0.395813
2.229730 0.250000 0.251756
2.229730 0.750000 0.302519
2.229730 1.250000 0.353282
2.229730 1.750000 0.404044
2.310811 0.250000 0.259988
2.310811 0.750000 0.310751
2.310811 1.250000 0.361513
2.310811 1.750000 0.412276
2.391892 0.250000 0.268220
2.391892 0.750000 0.318982
2.391892 1.250000 0.369745
2.391892 1.750000 0.420508
2.472973 0.250000 0.276451
2.472973 0.750000 0.327214
2.472973 1.250000 0.377977
2.472973 1.750000 0.428740
2.554054 0.250000 0.284683
2.554054 0.750000 0.335446
2.554054 1.250000 0.386209
2.554054 1.750000 0.436972
2.635135 0.250000 0.292915
2.635135 0.750000 0.343678
2.635135 1.250000 0.394441
2.635135 1.750000 0.445203
2.716216 0.250000 0.301147
2.716216 0.750000 0.351910
2.716216 1.250000 0.402672
2.716216 1.750000 0.453435
2.797297 0.250000 0.309379
2.797297 0.750000 0.360141
2.797297 1.250000 0.410904
2.797297 1.750000 0.461667
2.878378 0.250000 0.317610
2.878378 0.750000 0.368373
2.878378 1.250000 0.419136
2.878378 1.750000 0.469899
2.959459 0.250000 0.325842
2.959459 0.750000 0.376605
2.959459 1.250000 0.427368
2.959459 1.750000 0.478131
