0.040541 0.250000 0.026816
0.040541 0.750000 0.072964
0.040541 1.250000 0.119112
0.040541 1.750000 0.165260
0.121622 0.250000 0.034299
0.121622 0.750000 0.080447
0.121622 1.250000 0.126595
0.121622 1.750000 0.172743
0.202703 0.250000 0.041783
0.202703 0.750000 0.087931
0.202703 1.250000 0.134079
0.202703 1.750000 0.180227
0.283784 0.250000 0.049266
0.283784 0.750000 0.095414
0.283784 1.250000 0.141562
0.283784 1.750000 0.187710
0.364865 0.250000 0.056750
0.364865 0.750000 0.102898
0.364865 1.250000 0.149046
0.364865 1.750000 0.195194
0.445946 0.250000 0.064233
0.445946 0.750000 0.110381
0.445946 1.250000 0.156529
0.445946 1.750000 0.202677
0.527027 0.250000 0.071716
0.527027 0.750000 0.117864
0.527027 1.250000 0.164012
0.527027 1.750000 0.210160
0.608108 0.250000 0.079200
0.608108 0.750000 0.125348
0.608108 1.250000 0.171496
0.608108 1.750000 0.217644
0.689189 0.250000 0.086683
0.689189 0.750000 0.132831
0.689189 1.250000 0.178979
0.689189 1.750000 0.225127
0.770270 0.250000 0.094167
0.770270 0.750000 0.140315
0.770270 1.250000 0.186463
0.770270 1.750000 0.232611
0.851351 0.250000 0.101650
0.851351 0.750000 0.147798
0.851351 1.250000 0.193946
0.851351 1.750000 0.240094
0.932432 0.250000 0.109134
0.932432 0.750000 0.155282
0.932432 1.250000 0.201430
0.932432 1.750000 0.247578
1.013514 0.250000 0.116617
1.013514 0.750000 0.162765
1.013514 1.250000 0.208913
1.013514 1.750000 0.255061
1.094595 0.250000 0.124101
1.094595 0.750000 0.170249
1.094595 1.250000 0.216397
1.094595 1.750000 0.262545
1.175676 0.250000 0.131584
1.175676 0.750000 0.177732
1.175676 1.250000 0.223880
1.175676 1.750000 0.270028
1.256757 0.250000 0.139068
1.256757 0.750000 0.185216
1.256757 1.250000 0.231364
1.256757 1.750000 0.277512
1.337838 0.250000 0.146551
1.337838 0.750000 0.192699
1.337838 1.250000 0.238847
1.337838 1.750000 0.284995
1.418919 0.250000 0.154035
1.418919 0.750000 0.200183
1.418919 1.250000 0.246331
1.418919 1.750000 0.292479
1.500000 0.250000 0.161518
1.500000 0.750000 0.207666
1.500000 1.250000 0.253814
1.500000 1.750000 0.299962
1.581081 0.250000 0.169001
1.581081 0.750000 0.215149
1.581081 1.250000 0.261297
1.581081 1.750000 0.307445
1.662162 0.250000 0.176485
1.662162 0.750000 0.222633
1.662162 1.250000 0.268781
1.662162 1.750000 0.314929
1.743243 0.250000 0.183968
1.743243 0.750000 0.230116
1.743243 1.250000 0.276264
1.743243 1.750000 0.322412
1.824324 0.250000 0.191452
1.824324 0.750000 0.237600
1.824324 1.250000 0.283748
1.824324 1.750000 0.329896
1.905405 0.250000 0.198935
1.905405 0.750000 0.245083
1.905405 1.250000 0.291231
1.905405 1.750000 0.337379
1.986486 0.250000 0.206419
1.986486 0.750000 0.252567
1.986486 1.250000 0.298715
1.986486 1.750000 0.344863
2.067568 0.250000 0.213902
2.067568 0.750000 0.260050
2.067568 1.250000 0.306198
2.067568 1.750000 0.352346
2.148649 0.250000 0.221386
2.148649 0.750000 0.267534
2.148649 1.250000 0.313682
2.148649 1.750000 0.359830
2.229730 0.250000 0.228869
2.229730 0.750000 0.275017
2.229730 1.250000 0.321165
2.229730 1.750000 0.367313
2.310811 0.250000 0.236353
2.310811 0.750000 0.282501
2.310811 1.250000 0.328649
2.310811 1.750000 0.374797
2.391892 0.250000 0.243836
2.391892 0.750000 0.289984
2.391892 1.250000 0.336132
2.391892 1.750000 0.382280
2.472973 0.250000 0.251320
2.472973 0.750000 0.297468
2.472973 1.250000 0.343616
2.472973 1.750000 0.389764
2.554054 0.250000 0.258803
2.554054 0.750000 0.304951
2.554054 1.250000 0.351099
2.554054 1.750000 0.397247
2.635135 0.250000 0.266286
2.635135 0.750000 0.312434
2.635135 1.250000 0.358582
2.635135 1.750000 0.404730
2.716216 0.250000 0.273770
2.716216 0.750000 0.319918
2.716216 1.250000 0.366066
2.716216 1.750000 0.412214
2.797297 0.250000 0.281253
2.797297 0.750000 0.327401
2.797297 1.250000 0.373549
2.797297 1.750000 0.419697
2.878378 0.250000 0.288737
2.878378 0.750000 0.334885
2.878378 1.250000 0.381033
2.878378 1.750000 0.427181
2.959459 0.250000 0.296220
2.959459 0.750000 0.342368
2.959459 1.250000 0.388516
2.959459 1.750000 0.434664
