0.040541 0.250000 0.024378
0.040541 0.750000 0.066331
0.040541 1.250000 0.108283
0.040541 1.750000 0.150236
0.121622 0.250000 0.031181
0.121622 0.750000 0.073134
0.121622 1.250000 0.115087
0.121622 1.750000 0.157039
0.202703 0.250000 0.037984
0.202703 0.750000 0.079937
0.202703 1.250000 0.121890
0.202703 1.750000 0.163842
0.283784 0.250000 0.044787
0.283784 0.750000 0.086740
0.283784 1.250000 0.128693
0.283784 1.750000 0.170646
0.364865 0.250000 0.051591
0.364865 0.750000 0.093543
0.364865 1.250000 0.135496
0.364865 1.750000 0.177449
0.445946 0.250000 0.058394
0.445946 0.750000 0.100346
0.445946 1.250000 0.142299
0.445946 1.750000 0.184252
0.527027 0.250000 0.065197
0.527027 0.750000 0.107150
0.527027 1.250000 0.149102
0.527027 1.750000 0.191055
0.608108 0.250000 0.072000
0.608108 0.750000 0.113953
0.608108 1.250000 0.155905
0.608108 1.750000 0.197858
0.689189 0.250000 0.078803
0.689189 0.750000 0.120756
0.689189 1.250000 0.162709
0.689189 1.750000 0.204661
0.770270 0.250000 0.085606
0.770270 0.750000 0.127559
0.770270 1.250000 0.169512
0.770270 1.750000 0.211464
0.851351 0.250000 0.092409
0.851351 0.750000 0.134362
0.851351 1.250000 0.176315
0.851351 1.750000 0.218268
0.932432 0.250000 0.099213
0.932432 0.750000 0.141165
0.932432 1.250000 0.183118
0.932432 1.750000 0.225071
1.013514 0.250000 0.106016
1.013514 0.750000 0.147968
1.013514 1.250000 0.189921
1.013514 1.750000 0.231874
1.094595 0.250000 0.112819
1.094595 0.750000 0.154772
1.094595 1.250000 0.196724
1.094595 1.750000 0.238677
1.175676 0.250000 0.119622
1.175676 0.750000 0.161575
1.175676 1.250000 0.203527
1.175676 1.750000 0.245480
1.256757 0.250000 0.126425
1.256757 0.750000 0.168378
1.256757 1.250000 0.210331
1.256757 1.750000 0.252283
1.337838 0.250000 0.133228
1.337838 0.750000 0.175181
1.337838 1.250000 0.217134
1.337838 1.750000 0.259086
1.418919 0.250000 0.140031
1.418919 0.750000 0.181984
1.418919 1.250000 0.223937
1.418919 1.750000 0.265890
1.500000 0.250000 0.146835
1.500000 0.750000 0.188787
1.500000 1.250000 0.230740
1.500000 1.750000 0.272693
1.581081 0.250000 0.153638
1.581081 0.750000 0.195590
1.581081 1.250000 0.237543
1.581081 1.750000 0.279496
1.662162 0.250000 0.160441
1.662162 0.750000 0.202394
1.662162 1.250000 0.244346
1.662162 1.750000 0.286299
1.743243 0.250000 0.167244
1.743243 0.750000 0.209197
1.743243 1.250000 0.251149
1.743243 1.750000 0.293102
1.824324 0.250000 0.174047
1.824324 0.750000 0.216000
1.824324 1.250000 0.257953
1.824324 1.750000 0.299905
1.905405 0.250000 0.180850
1.905405 0.750000 0.222803
1.905405 1.250000 0.264756
1.905405 1.750000 0.306708
1.986486 0.250000 0.187653
1.986486 0.750000 0.229606
1.986486 1.250000 0.271559
1.986486 1.750000 0.313512
2.067568 0.250000 0.194457
2.067568 0.750000 0.236409
2.067568 1.250000 0.278362
2.067568 1.750000 0.320315
2.148649 0.250000 0.201260
2.148649 0.750000 0.243212
2.148649 1.250000 0.285165
2.148649 1.750000 0.327118
2.229730 0.250000 0.208063
2.229730 0.750000 0.250016
2.229730 1.250000 0.291968
2.229730 1.750000 0.333921
2.310811 0.250000 0.214866
2.310811 0.750000 0.256819
2.310811 1.250000 0.298771
2.310811 1.750000 0.340724
2.391892 0.250000 0.221669
2.391892 0.750000 0.263622
2.391892 1.250000 0.305575
2.391892 1.750000 0.347527
2.472973 0.250000 0.228472
2.472973 0.750000 0.270425
2.472973 1.250000 0.312378
2.472973 1.750000 0.354330
2.554054 0.250000 0.235275
2.554054 0.750000 0.277228
2.554054 1.250000 0.319181
2.554054 1.750000 0.361134
2.635135 0.250000 0.242079
2.635135 0.750000 0.284031
2.635135 1.250000 0.325984
2.635135 1.750000 0.367937
2.716216 0.250000 0.248882
2.716216 0.750000 0.290834
2.716216 1.250000 0.332787
2.716216 1.750000 0.374740
2.797297 0.250000 0.255685
2.797297 0.750000 0.297638
2.797297 1.250000 0.339590
2.797297 1.750000 0.381543
2.878378 0.250000 0.262488
2.878378 0.750000 0.304441
2.878378 1.250000 0.346393
2.878378 1.750000 0.388346
2.959459 0.250000 0.269291
2.959459 0.750000 0.311244
2.959459 1.250000 0.353197
2.959459 1.750000 0.395149
