0.000000 0.000000 0.450044
0.000000 0.047619 0.471993
0.000000 0.095238 0.495013
0.000000 0.142857 0.519155
0.000000 0.190476 0.544475
0.000000 0.238095 0.571029
0.000000 0.285714 0.598879
0.000000 0.333333 0.628087
0.000000 0.380952 0.658720
0.000000 0.428571 0.690846
0.000000 0.476190 0.724539
0.000000 0.523810 0.759876
0.000000 0.571429 0.796936
0.000000 0.619048 0.835803
0.000000 0.666667 0.876566
0.000000 0.714286 0.919317
0.000000 0.761905 0.964153
0.000000 0.809524 1.011176
0.000000 0.857143 1.060492
0.000000 0.904762 1.112213
0.000000 0.952381 1.166457
0.000000 1.000000 1.223347
0.500000 0.000000 0.394951
0.500000 0.047619 0.414213
0.500000 0.095238 0.434415
0.500000 0.142857 0.455601
0.500000 0.190476 0.477822
0.500000 0.238095 0.501125
0.500000 0.285714 0.525566
0.500000 0.333333 0.551198
0.500000 0.380952 0.578081
0.500000 0.428571 0.606274
0.500000 0.476190 0.635843
0.500000 0.523810 0.666854
0.500000 0.571429 0.699377
0.500000 0.619048 0.733486
0.500000 0.666667 0.769259
0.500000 0.714286 0.806777
0.500000 0.761905 0.846124
0.500000 0.809524 0.887390
0.500000 0.857143 0.930669
0.500000 0.904762 0.976059
0.500000 0.952381 1.023663
0.500000 1.000000 1.073588
1.000000 0.000000 0.243160
1.000000 0.047619 0.255019
1.000000 0.095238 0.267457
1.000000 0.142857 0.280501
1.000000 0.190476 0.294181
1.000000 0.238095 0.308529
1.000000 0.285714 0.323576
1.000000 0.333333 0.339357
1.000000 0.380952 0.355908
1.000000 0.428571 0.373266
1.000000 0.476190 0.391470
1.000000 0.523810 0.410563
1.000000 0.571429 0.430586
1.000000 0.619048 0.451586
1.000000 0.666667 0.473611
1.000000 0.714286 0.496709
1.000000 0.761905 0.520934
1.000000 0.809524 0.546341
1.000000 0.857143 0.572986
1.000000 0.904762 0.600932
1.000000 0.952381 0.630240
1.000000 1.000000 0.660977
1.500000 0.000000 0.031835
1.500000 0.047619 0.033387
1.500000 0.095238 0.035016
1.500000 0.142857 0.036724
1.500000 0.190476 0.038515
1.500000 0.238095 0.040393
1.500000 0.285714 0.042363
1.500000 0.333333 0.044429
1.500000 0.380952 0.046596
1.500000 0.428571 0.048869
1.500000 0.476190 0.051252
1.500000 0.523810 0.053751
1.500000 0.571429 0.056373
1.500000 0.619048 0.059122
1.500000 0.666667 0.062006
1.500000 0.714286 0.065030
1.500000 0.761905 0.068202
1.500000 0.809524 0.071528
1.500000 0.857143 0.075016
1.500000 0.904762 0.078675
1.500000 0.952381 0.082512
1.500000 1.000000 0.086536
2.000000 0.000000 -0.187284
2.000000 0.047619 -0.196418
2.000000 0.095238 -0.205998
2.000000 0.142857 -0.216045
2.000000 0.190476 -0.226581
2.000000 0.238095 -0.237632
2.000000 0.285714 -0.249222
2.000000 0.333333 -0.261376
2.000000 0.380952 -0.274124
2.000000 0.428571 -0.287493
2.000000 0.476190 -0.301515
2.000000 0.523810 -0.316220
2.000000 0.571429 -0.331642
2.000000 0.619048 -0.347817
2.000000 0.666667 -0.364780
2.000000 0.714286 -0.382571
2.000000 0.761905 -0.401229
2.000000 0.809524 -0.420798
2.000000 0.857143 -0.441320
2.000000 0.904762 -0.462844
2.000000 0.952381 -0.485418
2.000000 1.000000 -0.509092
2.500000 0.000000 -0.360550
2.500000 0.047619 -0.378134
2.500000 0.095238 -0.396576
2.500000 0.142857 -0.415918
2.500000 0.190476 -0.436203
2.500000 0.238095 -0.457477
2.500000 0.285714 -0.479788
2.500000 0.333333 -0.503188
2.500000 0.380952 -0.527729
2.500000 0.428571 -0.553467
2.500000 0.476190 -0.580460
2.500000 0.523810 -0.608770
2.500000 0.571429 -0.638460
2.500000 0.619048 -0.669598
2.500000 0.666667 -0.702255
2.500000 0.714286 -0.736505
2.500000 0.761905 -0.772425
2.500000 0.809524 -0.810097
2.500000 0.857143 -0.849607
2.500000 0.904762 -0.891043
2.500000 0.952381 -0.934500
2.500000 1.000000 -0.980076
3.000000 0.000000 -0.445540
3.000000 0.047619 -0.467270
3.000000 0.095238 -0.490059
3.000000 0.142857 -0.513960
3.000000 0.190476 -0.539026
3.000000 0.238095 -0.565315
3.000000 0.285714 -0.592886
3.000000 0.333333 -0.621802
3.000000 0.380952 -0.652127
3.000000 0.428571 -0.683932
3.000000 0.476190 -0.717288
3.000000 0.523810 -0.752271
3.000000 0.571429 -0.788960
3.000000 0.619048 -0.827439
3.000000 0.666667 -0.867794
3.000000 0.714286 -0.910117
3.000000 0.761905 -0.954505
3.000000 0.809524 -1.001057
3.000000 0.857143 -1.049879
3.000000 0.904762 -1.101083
3.000000 0.952381 -1.154784
3.000000 1.000000 -1.211104
3.500000 0.000000 -0.421447
3.500000 0.047619 -0.442001
3.500000 0.095238 -0.463558
3.500000 0.142857 -0.486166
3.500000 0.190476 -0.509877
3.500000 0.238095 -0.534744
3.500000 0.285714 -0.560824
3.500000 0.333333 -0.588176
3.500000 0.380952 -0.616862
3.500000 0.428571 -0.646947
3.500000 0.476190 -0.678500
3.500000 0.523810 -0.711591
3.500000 0.571429 -0.746296
3.500000 0.619048 -0.782693
3.500000 0.666667 -0.820866
3.500000 0.714286 -0.860901
3.500000 0.761905 -0.902888
3.500000 0.809524 -0.946923
3.500000 0.857143 -0.993105
3.500000 0.904762 -1.041540
3.500000 0.952381 -1.092337
3.500000 1.000000 -1.145611
4.000000 0.000000 -0.294168
4.000000 0.047619 -0.308515
4.000000 0.095238 -0.323562
4.000000 0.142857 -0.339342
4.000000 0.190476 -0.355892
4.000000 0.238095 -0.373250
4.000000 0.285714 -0.391454
4.000000 0.333333 -0.410545
4.000000 0.380952 -0.430568
4.000000 0.428571 -0.451567
4.000000 0.476190 -0.473590
4.000000 0.523810 -0.496688
4.000000 0.571429 -0.520912
4.000000 0.619048 -0.546317
4.000000 0.666667 -0.572962
4.000000 0.714286 -0.600906
4.000000 0.761905 -0.630213
4.000000 0.809524 -0.660949
4.000000 0.857143 -0.693184
4.000000 0.904762 -0.726991
4.000000 0.952381 -0.762447
4.000000 1.000000 -0.799633
4.500000 0.000000 -0.094867
4.500000 0.047619 -0.099494
4.500000 0.095238 -0.104347
4.500000 0.142857 -0.109436
4.500000 0.190476 -0.114773
4.500000 0.238095 -0.120371
4.500000 0.285714 -0.126241
4.500000 0.333333 -0.132398
4.500000 0.380952 -0.138855
4.500000 0.428571 -0.145627
4.500000 0.476190 -0.152730
4.500000 0.523810 -0.160179
4.500000 0.571429 -0.167991
4.500000 0.619048 -0.176184
4.500000 0.666667 -0.184776
4.500000 0.714286 -0.193788
4.500000 0.761905 -0.203239
4.500000 0.809524 -0.213152
4.500000 0.857143 -0.223547
4.500000 0.904762 -0.234450
4.500000 0.952381 -0.245884
4.500000 1.000000 -0.257876
5.000000 0.000000 0.127660
5.000000 0.047619 0.133887
5.000000 0.095238 0.140416
5.000000 0.142857 0.147265
5.000000 0.190476 0.154447
5.000000 0.238095 0.161979
5.000000 0.285714 0.169879
5.000000 0.333333 0.178165
5.000000 0.380952 0.186854
5.000000 0.428571 0.195967
5.000000 0.476190 0.205524
5.000000 0.523810 0.215548
5.000000 0.571429 0.226061
5.000000 0.619048 0.237086
5.000000 0.666667 0.248649
5.000000 0.714286 0.260776
5.000000 0.761905 0.273494
5.000000 0.809524 0.286832
5.000000 0.857143 0.300822
5.000000 0.904762 0.315493
5.000000 0.952381 0.330880
5.000000 1.000000 0.347017
5.500000 0.000000 0.318933
5.500000 0.047619 0.334487
5.500000 0.095238 0.350801
5.500000 0.142857 0.367910
5.500000 0.190476 0.385853
5.500000 0.238095 0.404671
5.500000 0.285714 0.424408
5.500000 0.333333 0.445106
5.500000 0.380952 0.466815
5.500000 0.428571 0.489582
5.500000 0.476190 0.513459
5.500000 0.523810 0.538501
5.500000 0.571429 0.564764
5.500000 0.619048 0.592308
5.500000 0.666667 0.621196
5.500000 0.714286 0.651492
5.500000 0.761905 0.683266
5.500000 0.809524 0.716590
5.500000 0.857143 0.751539
5.500000 0.904762 0.788192
5.500000 0.952381 0.826633
5.500000 1.000000 0.866949
6.000000 0.000000 0.432119
6.000000 0.047619 0.453194
6.000000 0.095238 0.475297
6.000000 0.142857 0.498477
6.000000 0.190476 0.522789
6.000000 0.238095 0.548285
6.000000 0.285714 0.575026
6.000000 0.333333 0.603071
6.000000 0.380952 0.632483
6.000000 0.428571 0.663330
6.000000 0.476190 0.695681
6.000000 0.523810 0.729610
6.000000 0.571429 0.765194
6.000000 0.619048 0.802513
6.000000 0.666667 0.841653
6.000000 0.714286 0.882701
6.000000 0.761905 0.925751
6.000000 0.809524 0.970901
6.000000 0.857143 1.018253
6.000000 0.904762 1.067914
6.000000 0.952381 1.119998
6.000000 1.000000 1.174621
6.500000 0.000000 0.439507
6.500000 0.047619 0.460943
6.500000 0.095238 0.483423
6.500000 0.142857 0.507000
6.500000 0.190476 0.531727
6.500000 0.238095 0.557660
6.500000 0.285714 0.584858
6.500000 0.333333 0.613382
6.500000 0.380952 0.643297
6.500000 0.428571 0.674672
6.500000 0.476190 0.707576
6.500000 0.523810 0.742085
6.500000 0.571429 0.778278
6.500000 0.619048 0.816235
6.500000 0.666667 0.856044
6.500000 0.714286 0.897794
6.500000 0.761905 0.941580
6.500000 0.809524 0.987502
6.500000 0.857143 1.035664
6.500000 0.904762 1.086174
6.500000 0.952381 1.139148
6.500000 1.000000 1.194705
7.000000 0.000000 0.339289
7.000000 0.047619 0.355837
7.000000 0.095238 0.373191
7.000000 0.142857 0.391392
7.000000 0.190476 0.410481
7.000000 0.238095 0.430500
7.000000 0.285714 0.451496
7.000000 0.333333 0.473516
7.000000 0.380952 0.496610
7.000000 0.428571 0.520830
7.000000 0.476190 0.546232
7.000000 0.523810 0.572872
7.000000 0.571429 0.600812
7.000000 0.619048 0.630114
7.000000 0.666667 0.660845
7.000000 0.714286 0.693075
7.000000 0.761905 0.726877
7.000000 0.809524 0.762328
7.000000 0.857143 0.799507
7.000000 0.904762 0.838500
7.000000 0.952381 0.879395
7.000000 1.000000 0.922284
7.500000 0.000000 0.156001
7.500000 0.047619 0.163610
7.500000 0.095238 0.171589
7.500000 0.142857 0.179957
7.500000 0.190476 0.188734
7.500000 0.238095 0.197939
7.500000 0.285714 0.207593
7.500000 0.333333 0.217717
7.500000 0.380952 0.228335
7.500000 0.428571 0.239472
7.500000 0.476190 0.251151
7.500000 0.523810 0.263400
7.500000 0.571429 0.276246
7.500000 0.619048 0.289719
7.500000 0.666667 0.303849
7.500000 0.714286 0.318668
7.500000 0.761905 0.334210
7.500000 0.809524 0.350509
7.500000 0.857143 0.367604
7.500000 0.904762 0.385532
7.500000 0.952381 0.404335
7.500000 1.000000 0.424055
8.000000 0.000000 -0.065481
8.000000 0.047619 -0.068675
8.000000 0.095238 -0.072024
8.000000 0.142857 -0.075537
8.000000 0.190476 -0.079221
8.000000 0.238095 -0.083085
8.000000 0.285714 -0.087137
8.000000 0.333333 -0.091387
8.000000 0.380952 -0.095844
8.000000 0.428571 -0.100518
8.000000 0.476190 -0.105420
8.000000 0.523810 -0.110562
8.000000 0.571429 -0.115954
8.000000 0.619048 -0.121609
8.000000 0.666667 -0.127540
8.000000 0.714286 -0.133761
8.000000 0.761905 -0.140284
8.000000 0.809524 -0.147126
8.000000 0.857143 -0.154302
8.000000 0.904762 -0.161827
8.000000 0.952381 -0.169720
8.000000 1.000000 -0.177997
8.500000 0.000000 -0.270932
8.500000 0.047619 -0.284146
8.500000 0.095238 -0.298004
8.500000 0.142857 -0.312538
8.500000 0.190476 -0.327780
8.500000 0.238095 -0.343767
8.500000 0.285714 -0.360532
8.500000 0.333333 -0.378116
8.500000 0.380952 -0.396557
8.500000 0.428571 -0.415898
8.500000 0.476190 -0.436181
8.500000 0.523810 -0.457454
8.500000 0.571429 -0.479765
8.500000 0.619048 -0.503163
8.500000 0.666667 -0.527703
8.500000 0.714286 -0.553440
8.500000 0.761905 -0.580432
8.500000 0.809524 -0.608740
8.500000 0.857143 -0.638429
8.500000 0.904762 -0.669566
8.500000 0.952381 -0.702221
8.500000 1.000000 -0.736469
9.000000 0.000000 -0.410049
9.000000 0.047619 -0.430047
9.000000 0.095238 -0.451021
9.000000 0.142857 -0.473018
9.000000 0.190476 -0.496087
9.000000 0.238095 -0.520282
9.000000 0.285714 -0.545657
9.000000 0.333333 -0.572269
9.000000 0.380952 -0.600179
9.000000 0.428571 -0.629451
9.000000 0.476190 -0.660150
9.000000 0.523810 -0.692346
9.000000 0.571429 -0.726112
9.000000 0.619048 -0.761526
9.000000 0.666667 -0.798666
9.000000 0.714286 -0.837618
9.000000 0.761905 -0.878469
9.000000 0.809524 -0.921313
9.000000 0.857143 -0.966246
9.000000 0.904762 -1.013371
9.000000 0.952381 -1.062795
9.000000 1.000000 -1.114628
9.500000 0.000000 -0.448771
9.500000 0.047619 -0.470658
9.500000 0.095238 -0.493613
9.500000 0.142857 -0.517687
9.500000 0.190476 -0.542935
9.500000 0.238095 -0.569415
9.500000 0.285714 -0.597186
9.500000 0.333333 -0.626311
9.500000 0.380952 -0.656857
9.500000 0.428571 -0.688892
9.500000 0.476190 -0.722490
9.500000 0.523810 -0.757727
9.500000 0.571429 -0.794682
9.500000 0.619048 -0.833440
9.500000 0.666667 -0.874087
9.500000 0.714286 -0.916718
9.500000 0.761905 -0.961427
9.500000 0.809524 -1.008317
9.500000 0.857143 -1.057493
9.500000 0.904762 -1.109068
9.500000 0.952381 -1.163159
9.500000 1.000000 -1.219887
10.000000 0.000000 -0.377619
10.000000 0.047619 -0.396036
10.000000 0.095238 -0.415351
10.000000 0.142857 -0.435608
10.000000 0.190476 -0.456853
10.000000 0.238095 -0.479135
10.000000 0.285714 -0.502502
10.000000 0.333333 -0.527010
10.000000 0.380952 -0.552713
10.000000 0.428571 -0.579669
10.000000 0.476190 -0.607940
10.000000 0.523810 -0.637590
10.000000 0.571429 -0.668686
10.000000 0.619048 -0.701299
10.000000 0.666667 -0.735502
10.000000 0.714286 -0.771373
10.000000 0.761905 -0.808994
10.000000 0.809524 -0.848449
10.000000 0.857143 -0.889829
10.000000 0.904762 -0.933227
10.000000 0.952381 -0.978741
10.000000 1.000000 -1.026475
