0.040541 0.333333 0.025926
0.040541 1.000000 0.072155
0.040541 1.666667 0.118383
0.121622 0.333333 0.031548
0.121622 1.000000 0.077777
0.121622 1.666667 0.124006
0.202703 0.333333 0.037171
0.202703 1.000000 0.083399
0.202703 1.666667 0.129628
0.283784 0.333333 0.042793
0.283784 1.000000 0.089022
0.283784 1.666667 0.135251
0.364865 0.333333 0.048415
0.364865 1.000000 0.094644
0.364865 1.666667 0.140873
0.445946 0.333333 0.054038
0.445946 1.000000 0.100267
0.445946 1.666667 0.146496
0.527027 0.333333 0.059660
0.527027 1.000000 0.105889
0.527027 1.666667 0.152118
0.608108 0.333333 0.065283
0.608108 1.000000 0.111512
0.608108 1.666667 0.157741
0.689189 0.333333 0.070905
0.689189 1.000000 0.117134
0.689189 1.666667 0.163363
0.770270 0.333333 0.076528
0.770270 1.000000 0.122756
0.770270 1.666667 0.168985
0.851351 0.333333 0.082150
0.851351 1.000000 0.128379
0.851351 1.666667 0.174608
0.932432 0.333333 0.087772
0.932432 1.000000 0.134001
0.932432 1.666667 0.180230
1.013514 0.333333 0.093395
1.013514 1.000000 0.139624
1.013514 1.666667 0.185853
1.094595 0.333333 0.099017
1.094595 1.000000 0.145246
1.094595 1.666667 0.191475
1.175676 0.333333 0.104640
1.175676 1.000000 0.150869
1.175676 1.666667 0.197098
1.256757 0.333333 0.110262
1.256757 1.000000 0.156491
1.256757 1.666667 0.202720
1.337838 0.333333 0.115885
1.337838 1.000000 0.162114
1.337838 1.666667 0.208342
1.418919 0.333333 0.121507
1.418919 1.000000 0.167736
1.418919 1.666667 0.213965
1.500000 0.333333 0.127129
1.500000 1.000000 0.173358
1.500000 1.666667 0.219587
1.581081 0.333333 0.132752
1.581081 1.000000 0.178981
1.581081 1.666667 0.225210
1.662162 0.333333 0.138374
1.662162 1.000000 0.184603
1.662162 1.666667 0.230832
1.743243 0.333333 0.143997
1.743243 1.000000 0.190226
1.743243 1.666667 0.236455
1.824324 0.333333 0.149619
1.824324 1.000000 0.195848
1.824324 1.666667 0.242077
1.905405 0.333333 0.155242
1.905405 1.000000 0.201471
1.905405 1.666667 0.247699
1.986486 0.333333 0.160864
1.986486 1.000000 0.207093
1.986486 1.666667 0.253322
2.067568 0.333333 0.166487
2.067568 1.000000 0.212715
2.067568 1.666667 0.258944
2.148649 0.333333 0.172109
2.148649 1.000000 0.218338
2.148649 1.666667 0.264567
2.229730 0.333333 0.177731
2.229730 1.000000 0.223960
2.229730 1.666667 0.270189
2.310811 0.333333 0.183354
2.310811 1.000000 0.229583
2.310811 1.666667 0.275812
2.391892 0.333333 0.188976
2.391892 1.000000 0.235205
2.391892 1.666667 0.281434
2.472973 0.333333 0.194599
2.472973 1.000000 0.240828
2.472973 1.666667 0.287056
2.554054 0.333333 0.200221
2.554054 1.000000 0.246450
2.554054 1.666667 0.292679
2.635135 0.333333 0.205844
2.635135 1.000000 0.252072
2.635135 1.666667 0.298301
2.716216 0.333333 0.211466
2.716216 1.000000 0.257695
2.716216 1.666667 0.303924
2.797297 0.333333 0.217088
2.797297 1.000000 0.263317
2.797297 1.666667 0.309546
2.878378 0.333333 0.222711
2.878378 1.000000 0.268940
2.878378 1.666667 0.315169
2.959459 0.333333 0.228333
2.959459 1.000000 0.274562
2.959459 1.666667 0.320791
