0.040541 0.333333 0.023569
0.040541 1.000000 0.065595
0.040541 1.666667 0.107621
0.121622 0.333333 0.028680
0.121622 1.000000 0.070706
0.121622 1.666667 0.112733
0.202703 0.333333 0.033791
0.202703 1.000000 0.075818
0.202703 1.666667 0.117844
0.283784 0.333333 0.038903
0.283784 1.000000 0.080929
0.283784 1.666667 0.122955
0.364865 0.333333 0.044014
0.364865 1.000000 0.086040
0.364865 1.666667 0.128067
0.445946 0.333333 0.049125
0.445946 1.000000 0.091152
0.445946 1.666667 0.133178
0.527027 0.333333 0.054237
0.527027 1.000000 0.096263
0.527027 1.666667 0.138289
0.608108 0.333333 0.059348
0.608108 1.000000 0.101374
0.608108 1.666667 0.143400
0.689189 0.333333 0.064459
0.689189 1.000000 0.106485
0.689189 1.666667 0.148512
0.770270 0.333333 0.069571
0.770270 1.000000 0.111597
0.770270 1.666667 0.153623
0.851351 0.333333 0.074682
0.851351 1.000000 0.116708
0.851351 1.666667 0.158734
0.932432 0.333333 0.079793
0.932432 1.000000 0.121819
0.932432 1.666667 0.163846
1.013514 0.333333 0.084904
1.013514 1.000000 0.126931
1.013514 1.666667 0.168957
1.094595 0.333333 0.090016
1.094595 1.000000 0.132042
1.094595 1.666667 0.174068
1.175676 0.333333 0.095127
1.175676 1.000000 0.137153
1.175676 1.666667 0.179180
1.256757 0.333333 0.100238
1.256757 1.000000 0.142265
1.256757 1.666667 0.184291
1.337838 0.333333 0.105350
1.337838 1.000000 0.147376
1.337838 1.666667 0.189402
1.418919 0.333333 0.110461
1.418919 1.000000 0.152487
1.418919 1.666667 0.194513
1.500000 0.333333 0.115572
1.500000 1.000000 0.157599
1.500000 1.666667 0.199625
1.581081 0.333333 0.120684
1.581081 1.000000 0.162710
1.581081 1.666667 0.204736
1.662162 0.333333 0.125795
1.662162 1.000000 0.167821
1.662162 1.666667 0.209847
1.743243 0.333333 0.130906
1.743243 1.000000 0.172932
1.743243 1.666667 0.214959
1.824324 0.333333 0.136017
1.824324 1.000000 0.178044
1.824324 1.666667 0.220070
1.905405 0.333333 0.141129
1.905405 1.000000 0.183155
1.905405 1.666667 0.225181
1.986486 0.333333 0.146240
1.986486 1.000000 0.188266
1.986486 1.666667 0.230293
2.067568 0.333333 0.151351
2.067568 1.000000 0.193378
2.067568 1.666667 0.235404
2.148649 0.333333 0.156463
2.148649 1.000000 0.198489
2.148649 1.666667 0.240515
2.229730 0.333333 0.161574
2.229730 1.000000 0.203600
2.229730 1.666667 0.245627
2.310811 0.333333 0.166685
2.310811 1.000000 0.208712
2.310811 1.666667 0.250738
2.391892 0.333333 0.171797
2.391892 1.000000 0.213823
2.391892 1.666667 0.255849
2.472973 0.333333 0.176908
2.472973 1.000000 0.218934
2.472973 1.666667 0.260960
2.554054 0.333333 0.182019
2.554054 1.000000 0.224045
2.554054 1.666667 0.266072
2.635135 0.333333 0.187130
2.635135 1.000000 0.229157
2.635135 1.666667 0.271183
2.716216 0.333333 0.192242
2.716216 1.000000 0.234268
2.716216 1.666667 0.276294
2.797297 0.333333 0.197353
2.797297 1.000000 0.239379
2.797297 1.666667 0.281406
2.878378 0.333333 0.202464
2.878378 1.000000 0.244491
2.878378 1.666667 0.286517
2.959459 0.333333 0.207576
2.959459 1.000000 0.249602
2.959459 1.666667 0.291628
