0.040541 0.333333 0.280897
0.040541 1.000000 0.781774
0.040541 1.666667 1.282650
0.121622 0.333333 0.341814
0.121622 1.000000 0.842691
0.121622 1.666667 1.343567
0.202703 0.333333 0.402732
0.202703 1.000000 0.903608
0.202703 1.666667 1.404485
0.283784 0.333333 0.463649
0.283784 1.000000 0.964526
0.283784 1.666667 1.465402
0.364865 0.333333 0.524567
0.364865 1.000000 1.025443
0.364865 1.666667 1.526320
0.445946 0.333333 0.585484
0.445946 1.000000 1.086361
0.445946 1.666667 1.587237
0.527027 0.333333 0.646401
0.527027 1.000000 1.147278
0.527027 1.666667 1.648155
0.608108 0.333333 0.707319
0.608108 1.000000 1.208195
0.608108 1.666667 1.709072
0.689189 0.333333 0.768236
0.689189 1.000000 1.269113
0.689189 1.666667 1.769989
0.770270 0.333333 0.829154
0.770270 1.000000 1.330030
0.770270 1.666667 1.830907
0.851351 0.333333 0.890071
0.851351 1.000000 1.390948
0.851351 1.666667 1.891824
0.932432 0.333333 0.950989
0.932432 1.000000 1.451865
0.932432 1.666667 1.952742
1.013514 0.333333 1.011906
1.013514 1.000000 1.512783
1.013514 1.666667 2.013659
1.094595 0.333333 1.072823
1.094595 1.000000 1.573700
1.094595 1.666667 2.074576
1.175676 0.333333 1.133741
1.175676 1.000000 1.634617
1.175676 1.666667 2.135494
1.256757 0.333333 1.194658
1.256757 1.000000 1.695535
1.256757 1.666667 2.196411
1.337838 0.333333 1.255576
1.337838 1.000000 1.756452
1.337838 1.666667 2.257329
1.418919 0.333333 1.316493
1.418919 1.000000 1.817370
1.418919 1.666667 2.318246
1.500000 0.333333 1.377410
1.500000 1.000000 1.878287
1.500000 1.666667 2.379164
1.581081 0.333333 1.438328
1.581081 1.000000 1.939204
1.581081 1.666667 2.440081
1.662162 0.333333 1.499245
1.662162 1.000000 2.000122
1.662162 1.666667 2.500998
1.743243 0.333333 1.560163
1.743243 1.000000 2.061039
1.743243 1.666667 2.561916
1.824324 0.333333 1.621080
1.824324 1.000000 2.121957
1.824324 1.666667 2.622833
1.905405 0.333333 1.681998
1.905405 1.000000 2.182874
1.905405 1.666667 2.683751
1.986486 0.333333 1.742915
1.986486 1.000000 2.243791
1.986486 1.666667 2.744668
2.067568 0.333333 1.803832
2.067568 1.000000 2.304709
2.067568 1.666667 2.805585
2.148649 0.333333 1.864750
2.148649 1.000000 2.365626
2.148649 1.666667 2.866503
2.229730 0.333333 1.925667
2.229730 1.000000 2.426544
2.229730 1.666667 2.927420
2.310811 0.333333 1.986585
2.310811 1.000000 2.487461
2.310811 1.666667 2.988338
2.391892 0.333333 2.047502
2.391892 1.000000 2.548379
2.391892 1.666667 3.049255
2.472973 0.333333 2.108419
2.472973 1.000000 2.609296
2.472973 1.666667 3.110173
2.554054 0.333333 2.169337
2.554054 1.000000 2.670213
2.554054 1.666667 3.171090
2.635135 0.333333 2.230254
2.635135 1.000000 2.731131
2.635135 1.666667 3.232007
2.716216 0.333333 2.291172
2.716216 1.000000 2.792048
2.716216 1.666667 3.292925
2.797297 0.333333 2.352089
2.797297 1.000000 2.852966
2.797297 1.666667 3.353842
2.878378 0.333333 2.413007
2.878378 1.000000 2.913883
2.878378 1.666667 3.414760
2.959459 0.333333 2.473924
2.959459 1.000000 2.974800
2.959459 1.666667 3.475677
