0.000000 0.000000 0.938000
0.000000 0.047619 0.983747
0.000000 0.095238 1.031726
0.000000 0.142857 1.082044
0.000000 0.190476 1.134816
0.000000 0.238095 1.190163
0.000000 0.285714 1.248208
0.000000 0.333333 1.309084
0.000000 0.380952 1.372930
0.000000 0.428571 1.439889
0.000000 0.476190 1.510114
0.000000 0.523810 1.583764
0.000000 0.571429 1.661006
0.000000 0.619048 1.742015
0.000000 0.666667 1.826974
0.000000 0.714286 1.916078
0.000000 0.761905 2.009527
0.000000 0.809524 2.107534
0.000000 0.857143 2.210320
0.000000 0.904762 2.318120
0.000000 0.952381 2.431177
0.000000 1.000000 2.549748
0.500000 0.000000 0.823172
0.500000 0.047619 0.863319
0.500000 0.095238 0.905424
0.500000 0.142857 0.949583
0.500000 0.190476 0.995895
0.500000 0.238095 1.044466
0.500000 0.285714 1.095406
0.500000 0.333333 1.148830
0.500000 0.380952 1.204859
0.500000 0.428571 1.263622
0.500000 0.476190 1.325250
0.500000 0.523810 1.389883
0.500000 0.571429 1.457670
0.500000 0.619048 1.528762
0.500000 0.666667 1.603321
0.500000 0.714286 1.681517
0.500000 0.761905 1.763526
0.500000 0.809524 1.849535
0.500000 0.857143 1.939739
0.500000 0.904762 2.034342
0.500000 0.952381 2.133559
0.500000 1.000000 2.237615
1.000000 0.000000 0.506804
1.000000 0.047619 0.531521
1.000000 0.095238 0.557444
1.000000 0.142857 0.584631
1.000000 0.190476 0.613144
1.000000 0.238095 0.643048
1.000000 0.285714 0.674410
1.000000 0.333333 0.707301
1.000000 0.380952 0.741797
1.000000 0.428571 0.777975
1.000000 0.476190 0.815918
1.000000 0.523810 0.855711
1.000000 0.571429 0.897445
1.000000 0.619048 0.941215
1.000000 0.666667 0.987119
1.000000 0.714286 1.035261
1.000000 0.761905 1.085752
1.000000 0.809524 1.138705
1.000000 0.857143 1.194241
1.000000 0.904762 1.252486
1.000000 0.952381 1.313571
1.000000 1.000000 1.377635
1.500000 0.000000 0.066351
1.500000 0.047619 0.069588
1.500000 0.095238 0.072981
1.500000 0.142857 0.076541
1.500000 0.190476 0.080274
1.500000 0.238095 0.084189
1.500000 0.285714 0.088295
1.500000 0.333333 0.092601
1.500000 0.380952 0.097117
1.500000 0.428571 0.101854
1.500000 0.476190 0.106821
1.500000 0.523810 0.112031
1.500000 0.571429 0.117495
1.500000 0.619048 0.123225
1.500000 0.666667 0.129235
1.500000 0.714286 0.135538
1.500000 0.761905 0.142148
1.500000 0.809524 0.149081
1.500000 0.857143 0.156352
1.500000 0.904762 0.163977
1.500000 0.952381 0.171975
1.500000 1.000000 0.180362
2.000000 0.000000 -0.390346
2.000000 0.047619 -0.409383
2.000000 0.095238 -0.429349
2.000000 0.142857 -0.450289
2.000000 0.190476 -0.472250
2.000000 0.238095 -0.495282
2.000000 0.285714 -0.519438
2.000000 0.333333 -0.544771
2.000000 0.380952 -0.571340
2.000000 0.428571 -0.599205
2.000000 0.476190 -0.628429
2.000000 0.523810 -0.659078
2.000000 0.571429 -0.691222
2.000000 0.619048 -0.724934
2.000000 0.666667 -0.760290
2.000000 0.714286 -0.797370
2.000000 0.761905 -0.836258
2.000000 0.809524 -0.877044
2.000000 0.857143 -0.919818
2.000000 0.904762 -0.964678
2.000000 0.952381 -1.011727
2.000000 1.000000 -1.061070
2.500000 0.000000 -0.751473
2.500000 0.047619 -0.788123
2.500000 0.095238 -0.826560
2.500000 0.142857 -0.866873
2.500000 0.190476 -0.909151
2.500000 0.238095 -0.953491
2.500000 0.285714 -0.999994
2.500000 0.333333 -1.048765
2.500000 0.380952 -1.099914
2.500000 0.428571 -1.153558
2.500000 0.476190 -1.209818
2.500000 0.523810 -1.268822
2.500000 0.571429 -1.330704
2.500000 0.619048 -1.395604
2.500000 0.666667 -1.463669
2.500000 0.714286 -1.535054
2.500000 0.761905 -1.609920
2.500000 0.809524 -1.688437
2.500000 0.857143 -1.770784
2.500000 0.904762 -1.857147
2.500000 0.952381 -1.947722
2.500000 1.000000 -2.042715
3.000000 0.000000 -0.928613
3.000000 0.047619 -0.973902
3.000000 0.095238 -1.021401
3.000000 0.142857 -1.071215
3.000000 0.190476 -1.123460
3.000000 0.238095 -1.178252
3.000000 0.285714 -1.235717
3.000000 0.333333 -1.295984
3.000000 0.380952 -1.359190
3.000000 0.428571 -1.425479
3.000000 0.476190 -1.495001
3.000000 0.523810 -1.567914
3.000000 0.571429 -1.644383
3.000000 0.619048 -1.724581
3.000000 0.666667 -1.808691
3.000000 0.714286 -1.896903
3.000000 0.761905 -1.989417
3.000000 0.809524 -2.086443
3.000000 0.857143 -2.188201
3.000000 0.904762 -2.294921
3.000000 0.952381 -2.406847
3.000000 1.000000 -2.524232
3.500000 0.000000 -0.878396
3.500000 0.047619 -0.921237
3.500000 0.095238 -0.966166
3.500000 0.142857 -1.013287
3.500000 0.190476 -1.062706
3.500000 0.238095 -1.114536
3.500000 0.285714 -1.168893
3.500000 0.333333 -1.225901
3.500000 0.380952 -1.285689
3.500000 0.428571 -1.348394
3.500000 0.476190 -1.414156
3.500000 0.523810 -1.483126
3.500000 0.571429 -1.555460
3.500000 0.619048 -1.631321
3.500000 0.666667 -1.710882
3.500000 0.714286 -1.794324
3.500000 0.761905 -1.881835
3.500000 0.809524 -1.973614
3.500000 0.857143 -2.069869
3.500000 0.904762 -2.170819
3.500000 0.952381 -2.276692
3.500000 1.000000 -2.387729
4.000000 0.000000 -0.613118
4.000000 0.047619 -0.643020
4.000000 0.095238 -0.674381
4.000000 0.142857 -0.707271
4.000000 0.190476 -0.741765
4.000000 0.238095 -0.777942
4.000000 0.285714 -0.815883
4.000000 0.333333 -0.855675
4.000000 0.380952 -0.897407
4.000000 0.428571 -0.941174
4.000000 0.476190 -0.987076
4.000000 0.523810 -1.035217
4.000000 0.571429 -1.085706
4.000000 0.619048 -1.138657
4.000000 0.666667 -1.194190
4.000000 0.714286 -1.252432
4.000000 0.761905 -1.313515
4.000000 0.809524 -1.377576
4.000000 0.857143 -1.444762
4.000000 0.904762 -1.515224
4.000000 0.952381 -1.589123
4.000000 1.000000 -1.666627
4.500000 0.000000 -0.197726
4.500000 0.047619 -0.207370
4.500000 0.095238 -0.217483
4.500000 0.142857 -0.228090
4.500000 0.190476 -0.239215
4.500000 0.238095 -0.250881
4.500000 0.285714 -0.263117
4.500000 0.333333 -0.275949
4.500000 0.380952 -0.289408
4.500000 0.428571 -0.303523
4.500000 0.476190 -0.318326
4.500000 0.523810 -0.333851
4.500000 0.571429 -0.350133
4.500000 0.619048 -0.367209
4.500000 0.666667 -0.385119
4.500000 0.714286 -0.403901
4.500000 0.761905 -0.423600
4.500000 0.809524 -0.444259
4.500000 0.857143 -0.465926
4.500000 0.904762 -0.488650
4.500000 0.952381 -0.512482
4.500000 1.000000 -0.537476
5.000000 0.000000 0.266075
5.000000 0.047619 0.279052
5.000000 0.095238 0.292662
5.000000 0.142857 0.306935
5.000000 0.190476 0.321904
5.000000 0.238095 0.337604
5.000000 0.285714 0.354069
5.000000 0.333333 0.371338
5.000000 0.380952 0.389448
5.000000 0.428571 0.408442
5.000000 0.476190 0.428362
5.000000 0.523810 0.449254
5.000000 0.571429 0.471164
5.000000 0.619048 0.494144
5.000000 0.666667 0.518244
5.000000 0.714286 0.543519
5.000000 0.761905 0.570027
5.000000 0.809524 0.597828
5.000000 0.857143 0.626984
5.000000 0.904762 0.657563
5.000000 0.952381 0.689633
5.000000 1.000000 0.723267
5.500000 0.000000 0.664732
5.500000 0.047619 0.697152
5.500000 0.095238 0.731153
5.500000 0.142857 0.766812
5.500000 0.190476 0.804210
5.500000 0.238095 0.843432
5.500000 0.285714 0.884567
5.500000 0.333333 0.927709
5.500000 0.380952 0.972954
5.500000 0.428571 1.020406
5.500000 0.476190 1.070172
5.500000 0.523810 1.122366
5.500000 0.571429 1.177104
5.500000 0.619048 1.234513
5.500000 0.666667 1.294722
5.500000 0.714286 1.357867
5.500000 0.761905 1.424091
5.500000 0.809524 1.493546
5.500000 0.857143 1.566387
5.500000 0.904762 1.642782
5.500000 0.952381 1.722902
5.500000 1.000000 1.806930
6.000000 0.000000 0.900640
6.000000 0.047619 0.944565
6.000000 0.095238 0.990632
6.000000 0.142857 1.038946
6.000000 0.190476 1.089617
6.000000 0.238095 1.142759
6.000000 0.285714 1.198492
6.000000 0.333333 1.256944
6.000000 0.380952 1.318246
6.000000 0.428571 1.382539
6.000000 0.476190 1.449967
6.000000 0.523810 1.520683
6.000000 0.571429 1.594848
6.000000 0.619048 1.672631
6.000000 0.666667 1.754207
6.000000 0.714286 1.839761
6.000000 0.761905 1.929488
6.000000 0.809524 2.023591
6.000000 0.857143 2.122284
6.000000 0.904762 2.225790
6.000000 0.952381 2.334344
6.000000 1.000000 2.448193
6.500000 0.000000 0.916039
6.500000 0.047619 0.960715
6.500000 0.095238 1.007570
6.500000 0.142857 1.056711
6.500000 0.190476 1.108248
6.500000 0.238095 1.162298
6.500000 0.285714 1.218984
6.500000 0.333333 1.278436
6.500000 0.380952 1.340786
6.500000 0.428571 1.406178
6.500000 0.476190 1.474759
6.500000 0.523810 1.546684
6.500000 0.571429 1.622118
6.500000 0.619048 1.701230
6.500000 0.666667 1.784201
6.500000 0.714286 1.871218
6.500000 0.761905 1.962479
6.500000 0.809524 2.058191
6.500000 0.857143 2.158572
6.500000 0.904762 2.263847
6.500000 0.952381 2.374258
6.500000 1.000000 2.490053
7.000000 0.000000 0.707160
7.000000 0.047619 0.741649
7.000000 0.095238 0.777820
7.000000 0.142857 0.815755
7.000000 0.190476 0.855541
7.000000 0.238095 0.897266
7.000000 0.285714 0.941027
7.000000 0.333333 0.986922
7.000000 0.380952 1.035055
7.000000 0.428571 1.085536
7.000000 0.476190 1.138478
7.000000 0.523810 1.194003
7.000000 0.571429 1.252236
7.000000 0.619048 1.313309
7.000000 0.666667 1.377360
7.000000 0.714286 1.444535
7.000000 0.761905 1.514987
7.000000 0.809524 1.588874
7.000000 0.857143 1.666366
7.000000 0.904762 1.747636
7.000000 0.952381 1.832870
7.000000 1.000000 1.922261
7.500000 0.000000 0.325144
7.500000 0.047619 0.341002
7.500000 0.095238 0.357633
7.500000 0.142857 0.375075
7.500000 0.190476 0.393367
7.500000 0.238095 0.412552
7.500000 0.285714 0.432673
7.500000 0.333333 0.453775
7.500000 0.380952 0.475906
7.500000 0.428571 0.499116
7.500000 0.476190 0.523459
7.500000 0.523810 0.548988
7.500000 0.571429 0.575763
7.500000 0.619048 0.603844
7.500000 0.666667 0.633294
7.500000 0.714286 0.664180
7.500000 0.761905 0.696573
7.500000 0.809524 0.730546
7.500000 0.857143 0.766175
7.500000 0.904762 0.803542
7.500000 0.952381 0.842732
7.500000 1.000000 0.883833
8.000000 0.000000 -0.136479
8.000000 0.047619 -0.143135
8.000000 0.095238 -0.150116
8.000000 0.142857 -0.157437
8.000000 0.190476 -0.165116
8.000000 0.238095 -0.173169
8.000000 0.285714 -0.181614
8.000000 0.333333 -0.190472
8.000000 0.380952 -0.199761
8.000000 0.428571 -0.209504
8.000000 0.476190 -0.219722
8.000000 0.523810 -0.230438
8.000000 0.571429 -0.241676
8.000000 0.619048 -0.253463
8.000000 0.666667 -0.265825
8.000000 0.714286 -0.278789
8.000000 0.761905 -0.292386
8.000000 0.809524 -0.306646
8.000000 0.857143 -0.321602
8.000000 0.904762 -0.337287
8.000000 0.952381 -0.353736
8.000000 1.000000 -0.370988
8.500000 0.000000 -0.564687
8.500000 0.047619 -0.592228
8.500000 0.095238 -0.621111
8.500000 0.142857 -0.651403
8.500000 0.190476 -0.683173
8.500000 0.238095 -0.716492
8.500000 0.285714 -0.751436
8.500000 0.333333 -0.788084
8.500000 0.380952 -0.826520
8.500000 0.428571 -0.866830
8.500000 0.476190 -0.909107
8.500000 0.523810 -0.953445
8.500000 0.571429 -0.999945
8.500000 0.619048 -1.048714
8.500000 0.666667 -1.099860
8.500000 0.714286 -1.153502
8.500000 0.761905 -1.209759
8.500000 0.809524 -1.268760
8.500000 0.857143 -1.330639
8.500000 0.904762 -1.395536
8.500000 0.952381 -1.463598
8.500000 1.000000 -1.534979
9.000000 0.000000 -0.854640
9.000000 0.047619 -0.896322
9.000000 0.095238 -0.940036
9.000000 0.142857 -0.985883
9.000000 0.190476 -1.033966
9.000000 0.238095 -1.084393
9.000000 0.285714 -1.137280
9.000000 0.333333 -1.192746
9.000000 0.380952 -1.250918
9.000000 0.428571 -1.311927
9.000000 0.476190 -1.375911
9.000000 0.523810 -1.443015
9.000000 0.571429 -1.513392
9.000000 0.619048 -1.587202
9.000000 0.666667 -1.664612
9.000000 0.714286 -1.745797
9.000000 0.761905 -1.830941
9.000000 0.809524 -1.920238
9.000000 0.857143 -2.013890
9.000000 0.904762 -2.112109
9.000000 0.952381 -2.215119
9.000000 1.000000 -2.323153
9.500000 0.000000 -0.935347
9.500000 0.047619 -0.980965
9.500000 0.095238 -1.028808
9.500000 0.142857 -1.078984
9.500000 0.190476 -1.131607
9.500000 0.238095 -1.186797
9.500000 0.285714 -1.244678
9.500000 0.333333 -1.305383
9.500000 0.380952 -1.369047
9.500000 0.428571 -1.435817
9.500000 0.476190 -1.505844
9.500000 0.523810 -1.579285
9.500000 0.571429 -1.656309
9.500000 0.619048 -1.737088
9.500000 0.666667 -1.821808
9.500000 0.714286 -1.910660
9.500000 0.761905 -2.003844
9.500000 0.809524 -2.101574
9.500000 0.857143 -2.204070
9.500000 0.904762 -2.311565
9.500000 0.952381 -2.424302
9.500000 1.000000 -2.542538
10.000000 0.000000 -0.787049
10.000000 0.047619 -0.825434
10.000000 0.095238 -0.865692
10.000000 0.142857 -0.907912
10.000000 0.190476 -0.952192
10.000000 0.238095 -0.998631
10.000000 0.285714 -1.047336
10.000000 0.333333 -1.098415
10.000000 0.380952 -1.151986
10.000000 0.428571 -1.208170
10.000000 0.476190 -1.267094
10.000000 0.523810 -1.328891
10.000000 0.571429 -1.393703
10.000000 0.619048 -1.461675
10.000000 0.666667 -1.532962
10.000000 0.714286 -1.607726
10.000000 0.761905 -1.686137
10.000000 0.809524 -1.768372
10.000000 0.857143 -1.854617
10.000000 0.904762 -1.945069
10.000000 0.952381 -2.039932
10.000000 1.000000 -2.139421
