0.000000 0.000000 0.994599
0.000000 0.047619 1.043106
0.000000 0.095238 1.093980
0.000000 0.142857 1.147334
0.000000 0.190476 1.203291
0.000000 0.238095 1.261977
0.000000 0.285714 1.323525
0.000000 0.333333 1.388074
0.000000 0.380952 1.455772
0.000000 0.428571 1.526772
0.000000 0.476190 1.601234
0.000000 0.523810 1.679328
0.000000 0.571429 1.761230
0.000000 0.619048 1.847128
0.000000 0.666667 1.937214
0.000000 0.714286 2.031694
0.000000 0.761905 2.130782
0.000000 0.809524 2.234702
0.000000 0.857143 2.343691
0.000000 0.904762 2.457995
0.000000 0.952381 2.577874
0.000000 1.000000 2.703600
0.500000 0.000000 0.872843
0.500000 0.047619 0.915412
0.500000 0.095238 0.960058
0.500000 0.142857 1.006881
0.500000 0.190476 1.055987
0.500000 0.238095 1.107489
0.500000 0.285714 1.161502
0.500000 0.333333 1.218150
0.500000 0.380952 1.277560
0.500000 0.428571 1.339868
0.500000 0.476190 1.405215
0.500000 0.523810 1.473749
0.500000 0.571429 1.545625
0.500000 0.619048 1.621007
0.500000 0.666667 1.700065
0.500000 0.714286 1.782979
0.500000 0.761905 1.869937
0.500000 0.809524 1.961136
0.500000 0.857143 2.056782
0.500000 0.904762 2.157094
0.500000 0.952381 2.262297
0.500000 1.000000 2.372632
1.000000 0.000000 0.537384
1.000000 0.047619 0.563593
1.000000 0.095238 0.591080
1.000000 0.142857 0.619907
1.000000 0.190476 0.650141
1.000000 0.238095 0.681849
1.000000 0.285714 0.715103
1.000000 0.333333 0.749980
1.000000 0.380952 0.786557
1.000000 0.428571 0.824918
1.000000 0.476190 0.865150
1.000000 0.523810 0.907345
1.000000 0.571429 0.951597
1.000000 0.619048 0.998007
1.000000 0.666667 1.046681
1.000000 0.714286 1.097729
1.000000 0.761905 1.151266
1.000000 0.809524 1.207415
1.000000 0.857143 1.266302
1.000000 0.904762 1.328060
1.000000 0.952381 1.392831
1.000000 1.000000 1.460761
1.500000 0.000000 0.070355
1.500000 0.047619 0.073786
1.500000 0.095238 0.077385
1.500000 0.142857 0.081159
1.500000 0.190476 0.085117
1.500000 0.238095 0.089269
1.500000 0.285714 0.093622
1.500000 0.333333 0.098188
1.500000 0.380952 0.102977
1.500000 0.428571 0.108000
1.500000 0.476190 0.113267
1.500000 0.523810 0.118791
1.500000 0.571429 0.124585
1.500000 0.619048 0.130661
1.500000 0.666667 0.137033
1.500000 0.714286 0.143716
1.500000 0.761905 0.150726
1.500000 0.809524 0.158077
1.500000 0.857143 0.165786
1.500000 0.904762 0.173872
1.500000 0.952381 0.182352
1.500000 1.000000 0.191245
2.000000 0.000000 -0.413899
2.000000 0.047619 -0.434085
2.000000 0.095238 -0.455256
2.000000 0.142857 -0.477460
2.000000 0.190476 -0.500746
2.000000 0.238095 -0.525168
2.000000 0.285714 -0.550781
2.000000 0.333333 -0.577643
2.000000 0.380952 -0.605815
2.000000 0.428571 -0.635361
2.000000 0.476190 -0.666348
2.000000 0.523810 -0.698847
2.000000 0.571429 -0.732931
2.000000 0.619048 -0.768676
2.000000 0.666667 -0.806165
2.000000 0.714286 -0.845483
2.000000 0.761905 -0.886718
2.000000 0.809524 -0.929964
2.000000 0.857143 -0.975320
2.000000 0.904762 -1.022887
2.000000 0.952381 -1.072774
2.000000 1.000000 -1.125094
2.500000 0.000000 -0.796816
2.500000 0.047619 -0.835678
2.500000 0.095238 -0.876435
2.500000 0.142857 -0.919180
2.500000 0.190476 -0.964009
2.500000 0.238095 -1.011025
2.500000 0.285714 -1.060333
2.500000 0.333333 -1.112047
2.500000 0.380952 -1.166283
2.500000 0.428571 -1.223163
2.500000 0.476190 -1.282818
2.500000 0.523810 -1.345383
2.500000 0.571429 -1.410999
2.500000 0.619048 -1.479814
2.500000 0.666667 -1.551987
2.500000 0.714286 -1.627679
2.500000 0.761905 -1.707062
2.500000 0.809524 -1.790317
2.500000 0.857143 -1.877633
2.500000 0.904762 -1.969207
2.500000 0.952381 -2.065247
2.500000 1.000000 -2.165972
3.000000 0.000000 -0.984645
3.000000 0.047619 -1.032668
3.000000 0.095238 -1.083032
3.000000 0.142857 -1.135852
3.000000 0.190476 -1.191249
3.000000 0.238095 -1.249348
3.000000 0.285714 -1.310280
3.000000 0.333333 -1.374183
3.000000 0.380952 -1.441204
3.000000 0.428571 -1.511493
3.000000 0.476190 -1.585210
3.000000 0.523810 -1.662522
3.000000 0.571429 -1.743605
3.000000 0.619048 -1.828642
3.000000 0.666667 -1.917827
3.000000 0.714286 -2.011362
3.000000 0.761905 -2.109458
3.000000 0.809524 -2.212338
3.000000 0.857143 -2.320236
3.000000 0.904762 -2.433397
3.000000 0.952381 -2.552076
3.000000 1.000000 -2.676544
3.500000 0.000000 -0.931399
3.500000 0.047619 -0.976824
3.500000 0.095238 -1.024465
3.500000 0.142857 -1.074429
3.500000 0.190476 -1.126830
3.500000 0.238095 -1.181787
3.500000 0.285714 -1.239424
3.500000 0.333333 -1.299872
3.500000 0.380952 -1.363268
3.500000 0.428571 -1.429756
3.500000 0.476190 -1.499486
3.500000 0.523810 -1.572618
3.500000 0.571429 -1.649316
3.500000 0.619048 -1.729755
3.500000 0.666667 -1.814117
3.500000 0.714286 -1.902593
3.500000 0.761905 -1.995385
3.500000 0.809524 -2.092702
3.500000 0.857143 -2.194765
3.500000 0.904762 -2.301806
3.500000 0.952381 -2.414068
3.500000 1.000000 -2.531804
4.000000 0.000000 -0.650113
4.000000 0.047619 -0.681820
4.000000 0.095238 -0.715073
4.000000 0.142857 -0.749948
4.000000 0.190476 -0.786524
4.000000 0.238095 -0.824883
4.000000 0.285714 -0.865113
4.000000 0.333333 -0.907306
4.000000 0.380952 -0.951556
4.000000 0.428571 -0.997965
4.000000 0.476190 -1.046636
4.000000 0.523810 -1.097682
4.000000 0.571429 -1.151217
4.000000 0.619048 -1.207363
4.000000 0.666667 -1.266248
4.000000 0.714286 -1.328004
4.000000 0.761905 -1.392772
4.000000 0.809524 -1.460699
4.000000 0.857143 -1.531939
4.000000 0.904762 -1.606653
4.000000 0.952381 -1.685011
4.000000 1.000000 -1.767191
4.500000 0.000000 -0.209657
4.500000 0.047619 -0.219882
4.500000 0.095238 -0.230606
4.500000 0.142857 -0.241853
4.500000 0.190476 -0.253649
4.500000 0.238095 -0.266019
4.500000 0.285714 -0.278993
4.500000 0.333333 -0.292600
4.500000 0.380952 -0.306871
4.500000 0.428571 -0.321837
4.500000 0.476190 -0.337533
4.500000 0.523810 -0.353995
4.500000 0.571429 -0.371260
4.500000 0.619048 -0.389367
4.500000 0.666667 -0.408357
4.500000 0.714286 -0.428273
4.500000 0.761905 -0.449160
4.500000 0.809524 -0.471066
4.500000 0.857143 -0.494040
4.500000 0.904762 -0.518135
4.500000 0.952381 -0.543405
4.500000 1.000000 -0.569907
5.000000 0.000000 0.282130
5.000000 0.047619 0.295890
5.000000 0.095238 0.310321
5.000000 0.142857 0.325455
5.000000 0.190476 0.341328
5.000000 0.238095 0.357975
5.000000 0.285714 0.375434
5.000000 0.333333 0.393744
5.000000 0.380952 0.412948
5.000000 0.428571 0.433087
5.000000 0.476190 0.454210
5.000000 0.523810 0.476362
5.000000 0.571429 0.499594
5.000000 0.619048 0.523960
5.000000 0.666667 0.549514
5.000000 0.714286 0.576315
5.000000 0.761905 0.604422
5.000000 0.809524 0.633900
5.000000 0.857143 0.664816
5.000000 0.904762 0.697240
5.000000 0.952381 0.731245
5.000000 1.000000 0.766909
5.500000 0.000000 0.704842
5.500000 0.047619 0.739218
5.500000 0.095238 0.775270
5.500000 0.142857 0.813081
5.500000 0.190476 0.852736
5.500000 0.238095 0.894325
5.500000 0.285714 0.937942
5.500000 0.333333 0.983686
5.500000 0.380952 1.031662
5.500000 0.428571 1.081977
5.500000 0.476190 1.134746
5.500000 0.523810 1.190089
5.500000 0.571429 1.248131
5.500000 0.619048 1.309003
5.500000 0.666667 1.372845
5.500000 0.714286 1.439800
5.500000 0.761905 1.510021
5.500000 0.809524 1.583666
5.500000 0.857143 1.660903
5.500000 0.904762 1.741907
5.500000 0.952381 1.826862
5.500000 1.000000 1.915959
6.000000 0.000000 0.954984
6.000000 0.047619 1.001560
6.000000 0.095238 1.050407
6.000000 0.142857 1.101636
6.000000 0.190476 1.155364
6.000000 0.238095 1.211713
6.000000 0.285714 1.270809
6.000000 0.333333 1.332788
6.000000 0.380952 1.397789
6.000000 0.428571 1.465961
6.000000 0.476190 1.537457
6.000000 0.523810 1.612441
6.000000 0.571429 1.691081
6.000000 0.619048 1.773557
6.000000 0.666667 1.860055
6.000000 0.714286 1.950772
6.000000 0.761905 2.045913
6.000000 0.809524 2.145695
6.000000 0.857143 2.250342
6.000000 0.904762 2.360094
6.000000 0.952381 2.475198
6.000000 1.000000 2.595916
6.500000 0.000000 0.971313
6.500000 0.047619 1.018685
6.500000 0.095238 1.068367
6.500000 0.142857 1.120473
6.500000 0.190476 1.175119
6.500000 0.238095 1.232431
6.500000 0.285714 1.292538
6.500000 0.333333 1.355576
6.500000 0.380952 1.421689
6.500000 0.428571 1.491026
6.500000 0.476190 1.563745
6.500000 0.523810 1.640011
6.500000 0.571429 1.719996
6.500000 0.619048 1.803882
6.500000 0.666667 1.891859
6.500000 0.714286 1.984127
6.500000 0.761905 2.080895
6.500000 0.809524 2.182382
6.500000 0.857143 2.288820
6.500000 0.904762 2.400448
6.500000 0.952381 2.517520
6.500000 1.000000 2.640302
7.000000 0.000000 0.749830
7.000000 0.047619 0.786400
7.000000 0.095238 0.824754
7.000000 0.142857 0.864978
7.000000 0.190476 0.907164
7.000000 0.238095 0.951407
7.000000 0.285714 0.997808
7.000000 0.333333 1.046472
7.000000 0.380952 1.097510
7.000000 0.428571 1.151037
7.000000 0.476190 1.207174
7.000000 0.523810 1.266049
7.000000 0.571429 1.327796
7.000000 0.619048 1.392554
7.000000 0.666667 1.460470
7.000000 0.714286 1.531699
7.000000 0.761905 1.606401
7.000000 0.809524 1.684747
7.000000 0.857143 1.766914
7.000000 0.904762 1.853088
7.000000 0.952381 1.943465
7.000000 1.000000 2.038250
7.500000 0.000000 0.344763
7.500000 0.047619 0.361578
7.500000 0.095238 0.379212
7.500000 0.142857 0.397707
7.500000 0.190476 0.417103
7.500000 0.238095 0.437446
7.500000 0.285714 0.458780
7.500000 0.333333 0.481156
7.500000 0.380952 0.504622
7.500000 0.428571 0.529233
7.500000 0.476190 0.555044
7.500000 0.523810 0.582114
7.500000 0.571429 0.610505
7.500000 0.619048 0.640280
7.500000 0.666667 0.671507
7.500000 0.714286 0.704257
7.500000 0.761905 0.738604
7.500000 0.809524 0.774627
7.500000 0.857143 0.812406
7.500000 0.904762 0.852028
7.500000 0.952381 0.893582
7.500000 1.000000 0.937163
8.000000 0.000000 -0.144714
8.000000 0.047619 -0.151772
8.000000 0.095238 -0.159174
8.000000 0.142857 -0.166937
8.000000 0.190476 -0.175079
8.000000 0.238095 -0.183618
8.000000 0.285714 -0.192573
8.000000 0.333333 -0.201965
8.000000 0.380952 -0.211815
8.000000 0.428571 -0.222145
8.000000 0.476190 -0.232980
8.000000 0.523810 -0.244342
8.000000 0.571429 -0.256259
8.000000 0.619048 -0.268757
8.000000 0.666667 -0.281865
8.000000 0.714286 -0.295612
8.000000 0.761905 -0.310029
8.000000 0.809524 -0.325149
8.000000 0.857143 -0.341007
8.000000 0.904762 -0.357638
8.000000 0.952381 -0.375081
8.000000 1.000000 -0.393374
8.500000 0.000000 -0.598760
8.500000 0.047619 -0.627962
8.500000 0.095238 -0.658589
8.500000 0.142857 -0.690709
8.500000 0.190476 -0.724396
8.500000 0.238095 -0.759725
8.500000 0.285714 -0.796778
8.500000 0.333333 -0.835637
8.500000 0.380952 -0.876392
8.500000 0.428571 -0.919135
8.500000 0.476190 -0.963962
8.500000 0.523810 -1.010975
8.500000 0.571429 -1.060282
8.500000 0.619048 -1.111993
8.500000 0.666667 -1.166226
8.500000 0.714286 -1.223104
8.500000 0.761905 -1.282756
8.500000 0.809524 -1.345317
8.500000 0.857143 -1.410930
8.500000 0.904762 -1.479742
8.500000 0.952381 -1.551911
8.500000 1.000000 -1.627599
9.000000 0.000000 -0.906209
9.000000 0.047619 -0.950406
9.000000 0.095238 -0.996758
9.000000 0.142857 -1.045371
9.000000 0.190476 -1.096355
9.000000 0.238095 -1.149825
9.000000 0.285714 -1.205903
9.000000 0.333333 -1.264717
9.000000 0.380952 -1.326398
9.000000 0.428571 -1.391088
9.000000 0.476190 -1.458933
9.000000 0.523810 -1.530086
9.000000 0.571429 -1.604710
9.000000 0.619048 -1.682974
9.000000 0.666667 -1.765054
9.000000 0.714286 -1.851138
9.000000 0.761905 -1.941420
9.000000 0.809524 -2.036105
9.000000 0.857143 -2.135408
9.000000 0.904762 -2.239554
9.000000 0.952381 -2.348779
9.000000 1.000000 -2.463332
9.500000 0.000000 -0.991786
9.500000 0.047619 -1.040157
9.500000 0.095238 -1.090886
9.500000 0.142857 -1.144090
9.500000 0.190476 -1.199888
9.500000 0.238095 -1.258408
9.500000 0.285714 -1.319782
9.500000 0.333333 -1.384149
9.500000 0.380952 -1.451656
9.500000 0.428571 -1.522454
9.500000 0.476190 -1.596706
9.500000 0.523810 -1.674579
9.500000 0.571429 -1.756250
9.500000 0.619048 -1.841904
9.500000 0.666667 -1.931736
9.500000 0.714286 -2.025949
9.500000 0.761905 -2.124756
9.500000 0.809524 -2.228383
9.500000 0.857143 -2.337063
9.500000 0.904762 -2.451044
9.500000 0.952381 -2.570584
9.500000 1.000000 -2.695954
10.000000 0.000000 -0.834540
10.000000 0.047619 -0.875241
10.000000 0.095238 -0.917927
10.000000 0.142857 -0.962696
10.000000 0.190476 -1.009647
10.000000 0.238095 -1.058889
10.000000 0.285714 -1.110532
10.000000 0.333333 -1.164694
10.000000 0.380952 -1.221497
10.000000 0.428571 -1.281071
10.000000 0.476190 -1.343550
10.000000 0.523810 -1.409076
10.000000 0.571429 -1.477798
10.000000 0.619048 -1.549872
10.000000 0.666667 -1.625461
10.000000 0.714286 -1.704736
10.000000 0.761905 -1.787878
10.000000 0.809524 -1.875075
10.000000 0.857143 -1.966524
10.000000 0.904762 -2.062434
10.000000 0.952381 -2.163021
10.000000 1.000000 -2.268514
