0.040541 0.250000 0.013761
0.040541 0.750000 0.037442
0.040541 1.250000 0.061123
0.040541 1.750000 0.084804
0.121622 0.250000 0.017601
0.121622 0.750000 0.041282
0.121622 1.250000 0.064963
0.121622 1.750000 0.088645
0.202703 0.250000 0.021441
0.202703 0.750000 0.045122
0.202703 1.250000 0.068804
0.202703 1.750000 0.092485
0.283784 0.250000 0.025281
0.283784 0.750000 0.048963
0.283784 1.250000 0.072644
0.283784 1.750000 0.096325
0.364865 0.250000 0.029122
0.364865 0.750000 0.052803
0.364865 1.250000 0.076484
0.364865 1.750000 0.100165
0.445946 0.250000 0.032962
0.445946 0.750000 0.056643
0.445946 1.250000 0.080324
0.445946 1.750000 0.104005
0.527027 0.250000 0.036802
0.527027 0.750000 0.060483
0.527027 1.250000 0.084164
0.527027 1.750000 0.107846
0.608108 0.250000 0.040642
0.608108 0.750000 0.064323
0.608108 1.250000 0.088005
0.608108 1.750000 0.111686
0.689189 0.250000 0.044482
0.689189 0.750000 0.068164
0.689189 1.250000 0.091845
0.689189 1.750000 0.115526
0.770270 0.250000 0.048322
0.770270 0.750000 0.072004
0.770270 1.250000 0.095685
0.770270 1.750000 0.119366
0.851351 0.250000 0.052163
0.851351 0.750000 0.075844
0.851351 1.250000 0.099525
0.851351 1.750000 0.123206
0.932432 0.250000 0.056003
0.932432 0.750000 0.079684
0.932432 1.250000 0.103365
0.932432 1.750000 0.127047
1.013514 0.250000 0.059843
1.013514 0.750000 0.083524
1.013514 1.250000 0.107206
1.013514 1.750000 0.130887
1.094595 0.250000 0.063683
1.094595 0.750000 0.087365
1.094595 1.250000 0.111046
1.094595 1.750000 0.134727
1.175676 0.250000 0.067523
1.175676 0.750000 0.091205
1.175676 1.250000 0.114886
1.175676 1.750000 0.138567
1.256757 0.250000 0.071364
1.256757 0.750000 0.095045
1.256757 1.250000 0.118726
1.256757 1.750000 0.142407
1.337838 0.250000 0.075204
1.337838 0.750000 0.098885
1.337838 1.250000 0.122566
1.337838 1.750000 0.146248
1.418919 0.250000 0.079044
1.418919 0.750000 0.102725
1.418919 1.250000 0.126407
1.418919 1.750000 0.150088
1.500000 0.250000 0.082884
1.500000 0.750000 0.106565
1.500000 1.250000 0.130247
1.500000 1.750000 0.153928
1.581081 0.250000 0.086724
1.581081 0.750000 0.110406
1.581081 1.250000 0.134087
1.581081 1.750000 0.157768
1.662162 0.250000 0.090565
1.662162 0.750000 0.114246
1.662162 1.250000 0.137927
1.662162 1.750000 0.161608
1.743243 0.250000 0.094405
1.743243 0.750000 0.118086
1.743243 1.250000 0.141767
1.743243 1.750000 0.165449
1.824324 0.250000 0.098245
1.824324 0.750000 0.121926
1.824324 1.250000 0.145608
1.824324 1.750000 0.169289
1.905405 0.250000 0.102085
1.905405 0.750000 0.125766
1.905405 1.250000 0.149448
1.905405 1.750000 0.173129
1.986486 0.250000 0.105925
1.986486 0.750000 0.129607
1.986486 1.250000 0.153288
1.986486 1.750000 0.176969
2.067568 0.250000 0.109766
2.067568 0.750000 0.133447
2.067568 1.250000 0.157128
2.067568 1.750000 0.180809
2.148649 0.250000 0.113606
2.148649 0.750000 0.137287
2.148649 1.250000 0.160968
2.148649 1.750000 0.184650
2.229730 0.250000 0.117446
2.229730 0.750000 0.141127
2.229730 1.250000 0.164808
2.229730 1.750000 0.188490
2.310811 0.250000 0.121286
2.310811 0.750000 0.144967
2.310811 1.250000 0.168649
2.310811 1.750000 0.192330
2.391892 0.250000 0.125126
2.391892 0.750000 0.148808
2.391892 1.250000 0.172489
2.391892 1.750000 0.196170
2.472973 0.250000 0.128967
2.472973 0.750000 0.152648
2.472973 1.250000 0.176329
2.472973 1.750000 0.200010
2.554054 0.250000 0.132807
2.554054 0.750000 0.156488
2.554054 1.250000 0.180169
2.554054 1.750000 0.203851
2.635135 0.250000 0.136647
2.635135 0.750000 0.160328
2.635135 1.250000 0.184009
2.635135 1.750000 0.207691
2.716216 0.250000 0.140487
2.716216 0.750000 0.164168
2.716216 1.250000 0.187850
2.716216 1.750000 0.211531
2.797297 0.250000 0.144327
2.797297 0.750000 0.168009
2.797297 1.250000 0.191690
2.797297 1.750000 0.215371
2.878378 0.250000 0.148168
2.878378 0.750000 0.171849
2.878378 1.250000 0.195530
2.878378 1.750000 0.219211
2.959459 0.250000 0.152008
2.959459 0.750000 0.175689
2.959459 1.250000 0.199370
2.959459 1.750000 0.223051
