0.040541 0.333333 0.016098
0.040541 1.000000 0.044802
0.040541 1.666667 0.073507
0.121622 0.333333 0.019589
0.121622 1.000000 0.048293
0.121622 1.666667 0.076998
0.202703 0.333333 0.023080
0.202703 1.000000 0.051784
0.202703 1.666667 0.080489
0.283784 0.333333 0.026571
0.283784 1.000000 0.055276
0.283784 1.666667 0.083980
0.364865 0.333333 0.030062
0.364865 1.000000 0.058767
0.364865 1.666667 0.087471
0.445946 0.333333 0.033553
0.445946 1.000000 0.062258
0.445946 1.666667 0.090962
0.527027 0.333333 0.037044
0.527027 1.000000 0.065749
0.527027 1.666667 0.094453
0.608108 0.333333 0.040535
0.608108 1.000000 0.069240
0.608108 1.666667 0.097944
0.689189 0.333333 0.044027
0.689189 1.000000 0.072731
0.689189 1.666667 0.101436
0.770270 0.333333 0.047518
0.770270 1.000000 0.076222
0.770270 1.666667 0.104927
0.851351 0.333333 0.051009
0.851351 1.000000 0.079713
0.851351 1.666667 0.108418
0.932432 0.333333 0.054500
0.932432 1.000000 0.083204
0.932432 1.666667 0.111909
1.013514 0.333333 0.057991
1.013514 1.000000 0.086695
1.013514 1.666667 0.115400
1.094595 0.333333 0.061482
1.094595 1.000000 0.090186
1.094595 1.666667 0.118891
1.175676 0.333333 0.064973
1.175676 1.000000 0.093678
1.175676 1.666667 0.122382
1.256757 0.333333 0.068464
1.256757 1.000000 0.097169
1.256757 1.666667 0.125873
1.337838 0.333333 0.071955
1.337838 1.000000 0.100660
1.337838 1.666667 0.129364
1.418919 0.333333 0.075446
1.418919 1.000000 0.104151
1.418919 1.666667 0.132855
1.500000 0.333333 0.078937
1.500000 1.000000 0.107642
1.500000 1.666667 0.136346
1.581081 0.333333 0.082428
1.581081 1.000000 0.111133
1.581081 1.666667 0.139838
1.662162 0.333333 0.085920
1.662162 1.000000 0.114624
1.662162 1.666667 0.143329
1.743243 0.333333 0.089411
1.743243 1.000000 0.118115
1.743243 1.666667 0.146820
1.824324 0.333333 0.092902
1.824324 1.000000 0.121606
1.824324 1.666667 0.150311
1.905405 0.333333 0.096393
1.905405 1.000000 0.125097
1.905405 1.666667 0.153802
1.986486 0.333333 0.099884
1.986486 1.000000 0.128588
1.986486 1.666667 0.157293
2.067568 0.333333 0.103375
2.067568 1.000000 0.132080
2.067568 1.666667 0.160784
2.148649 0.333333 0.106866
2.148649 1.000000 0.135571
2.148649 1.666667 0.164275
2.229730 0.333333 0.110357
2.229730 1.000000 0.139062
2.229730 1.666667 0.167766
2.310811 0.333333 0.113848
2.310811 1.000000 0.142553
2.310811 1.666667 0.171257
2.391892 0.333333 0.117339
2.391892 1.000000 0.146044
2.391892 1.666667 0.174748
2.472973 0.333333 0.120830
2.472973 1.000000 0.149535
2.472973 1.666667 0.178239
2.554054 0.333333 0.124322
2.554054 1.000000 0.153026
2.554054 1.666667 0.181731
2.635135 0.333333 0.127813
2.635135 1.000000 0.156517
2.635135 1.666667 0.185222
2.716216 0.333333 0.131304
2.716216 1.000000 0.160008
2.716216 1.666667 0.188713
2.797297 0.333333 0.134795
2.797297 1.000000 0.163499
2.797297 1.666667 0.192204
2.878378 0.333333 0.138286
2.878378 1.000000 0.166990
2.878378 1.666667 0.195695
2.959459 0.333333 0.141777
2.959459 1.000000 0.170482
2.959459 1.666667 0.199186
