0.040541 0.250000 0.011372
0.040541 0.750000 0.030944
0.040541 1.250000 0.050515
0.040541 1.750000 0.070086
0.121622 0.250000 0.014546
0.121622 0.750000 0.034117
0.121622 1.250000 0.053689
0.121622 1.750000 0.073260
0.202703 0.250000 0.017720
0.202703 0.750000 0.037291
0.202703 1.250000 0.056862
0.202703 1.750000 0.076434
0.283784 0.250000 0.020894
0.283784 0.750000 0.040465
0.283784 1.250000 0.060036
0.283784 1.750000 0.079607
0.364865 0.250000 0.024067
0.364865 0.750000 0.043639
0.364865 1.250000 0.063210
0.364865 1.750000 0.082781
0.445946 0.250000 0.027241
0.445946 0.750000 0.046812
0.445946 1.250000 0.066384
0.445946 1.750000 0.085955
0.527027 0.250000 0.030415
0.527027 0.750000 0.049986
0.527027 1.250000 0.069557
0.527027 1.750000 0.089129
0.608108 0.250000 0.033589
0.608108 0.750000 0.053160
0.608108 1.250000 0.072731
0.608108 1.750000 0.092302
0.689189 0.250000 0.036762
0.689189 0.750000 0.056333
0.689189 1.250000 0.075905
0.689189 1.750000 0.095476
0.770270 0.250000 0.039936
0.770270 0.750000 0.059507
0.770270 1.250000 0.079078
0.770270 1.750000 0.098650
0.851351 0.250000 0.043110
0.851351 0.750000 0.062681
0.851351 1.250000 0.082252
0.851351 1.750000 0.101823
0.932432 0.250000 0.046283
0.932432 0.750000 0.065855
0.932432 1.250000 0.085426
0.932432 1.750000 0.104997
1.013514 0.250000 0.049457
1.013514 0.750000 0.069028
1.013514 1.250000 0.088600
1.013514 1.750000 0.108171
1.094595 0.250000 0.052631
1.094595 0.750000 0.072202
1.094595 1.250000 0.091773
1.094595 1.750000 0.111345
1.175676 0.250000 0.055805
1.175676 0.750000 0.075376
1.175676 1.250000 0.094947
1.175676 1.750000 0.114518
1.256757 0.250000 0.058978
1.256757 0.750000 0.078550
1.256757 1.250000 0.098121
1.256757 1.750000 0.117692
1.337838 0.250000 0.062152
1.337838 0.750000 0.081723
1.337838 1.250000 0.101294
1.337838 1.750000 0.120866
1.418919 0.250000 0.065326
1.418919 0.750000 0.084897
1.418919 1.250000 0.104468
1.418919 1.750000 0.124039
1.500000 0.250000 0.068499
1.500000 0.750000 0.088071
1.500000 1.250000 0.107642
1.500000 1.750000 0.127213
1.581081 0.250000 0.071673
1.581081 0.750000 0.091244
1.581081 1.250000 0.110816
1.581081 1.750000 0.130387
1.662162 0.250000 0.074847
1.662162 0.750000 0.094418
1.662162 1.250000 0.113989
1.662162 1.750000 0.133561
1.743243 0.250000 0.078021
1.743243 0.750000 0.097592
1.743243 1.250000 0.117163
1.743243 1.750000 0.136734
1.824324 0.250000 0.081194
1.824324 0.750000 0.100766
1.824324 1.250000 0.120337
1.824324 1.750000 0.139908
1.905405 0.250000 0.084368
1.905405 0.750000 0.103939
1.905405 1.250000 0.123510
1.905405 1.750000 0.143082
1.986486 0.250000 0.087542
1.986486 0.750000 0.107113
1.986486 1.250000 0.126684
1.986486 1.750000 0.146255
2.067568 0.250000 0.090715
2.067568 0.750000 0.110287
2.067568 1.250000 0.129858
2.067568 1.750000 0.149429
2.148649 0.250000 0.093889
2.148649 0.750000 0.113460
2.148649 1.250000 0.133032
2.148649 1.750000 0.152603
2.229730 0.250000 0.097063
2.229730 0.750000 0.116634
2.229730 1.250000 0.136205
2.229730 1.750000 0.155777
2.310811 0.250000 0.100237
2.310811 0.750000 0.119808
2.310811 1.250000 0.139379
2.310811 1.750000 0.158950
2.391892 0.250000 0.103410
2.391892 0.750000 0.122982
2.391892 1.250000 0.142553
2.391892 1.750000 0.162124
2.472973 0.250000 0.106584
2.472973 0.750000 0.126155
2.472973 1.250000 0.145727
2.472973 1.750000 0.165298
2.554054 0.250000 0.109758
2.554054 0.750000 0.129329
2.554054 1.250000 0.148900
2.554054 1.750000 0.168471
2.635135 0.250000 0.112931
2.635135 0.750000 0.132503
2.635135 1.250000 0.152074
2.635135 1.750000 0.171645
2.716216 0.250000 0.116105
2.716216 0.750000 0.135676
2.716216 1.250000 0.155248
2.716216 1.750000 0.174819
2.797297 0.250000 0.119279
2.797297 0.750000 0.138850
2.797297 1.250000 0.158421
2.797297 1.750000 0.177993
2.878378 0.250000 0.122453
2.878378 0.750000 0.142024
2.878378 1.250000 0.161595
2.878378 1.750000 0.181166
2.959459 0.250000 0.125626
2.959459 0.750000 0.145198
2.959459 1.250000 0.164769
2.959459 1.750000 0.184340
