0.040541 0.333333 0.013304
0.040541 1.000000 0.037027
0.040541 1.666667 0.060749
0.121622 0.333333 0.016189
0.121622 1.000000 0.039912
0.121622 1.666667 0.063635
0.202703 0.333333 0.019074
0.202703 1.000000 0.042797
0.202703 1.666667 0.066520
0.283784 0.333333 0.021960
0.283784 1.000000 0.045682
0.283784 1.666667 0.069405
0.364865 0.333333 0.024845
0.364865 1.000000 0.048567
0.364865 1.666667 0.072290
0.445946 0.333333 0.027730
0.445946 1.000000 0.051453
0.445946 1.666667 0.075175
0.527027 0.333333 0.030615
0.527027 1.000000 0.054338
0.527027 1.666667 0.078061
0.608108 0.333333 0.033500
0.608108 1.000000 0.057223
0.608108 1.666667 0.080946
0.689189 0.333333 0.036386
0.689189 1.000000 0.060108
0.689189 1.666667 0.083831
0.770270 0.333333 0.039271
0.770270 1.000000 0.062993
0.770270 1.666667 0.086716
0.851351 0.333333 0.042156
0.851351 1.000000 0.065879
0.851351 1.666667 0.089601
0.932432 0.333333 0.045041
0.932432 1.000000 0.068764
0.932432 1.666667 0.092487
1.013514 0.333333 0.047926
1.013514 1.000000 0.071649
1.013514 1.666667 0.095372
1.094595 0.333333 0.050812
1.094595 1.000000 0.074534
1.094595 1.666667 0.098257
1.175676 0.333333 0.053697
1.175676 1.000000 0.077419
1.175676 1.666667 0.101142
1.256757 0.333333 0.056582
1.256757 1.000000 0.080305
1.256757 1.666667 0.104027
1.337838 0.333333 0.059467
1.337838 1.000000 0.083190
1.337838 1.666667 0.106913
1.418919 0.333333 0.062352
1.418919 1.000000 0.086075
1.418919 1.666667 0.109798
1.500000 0.333333 0.065238
1.500000 1.000000 0.088960
1.500000 1.666667 0.112683
1.581081 0.333333 0.068123
1.581081 1.000000 0.091845
1.581081 1.666667 0.115568
1.662162 0.333333 0.071008
1.662162 1.000000 0.094731
1.662162 1.666667 0.118453
1.743243 0.333333 0.073893
1.743243 1.000000 0.097616
1.743243 1.666667 0.121339
1.824324 0.333333 0.076778
1.824324 1.000000 0.100501
1.824324 1.666667 0.124224
1.905405 0.333333 0.079664
1.905405 1.000000 0.103386
1.905405 1.666667 0.127109
1.986486 0.333333 0.082549
1.986486 1.000000 0.106271
1.986486 1.666667 0.129994
2.067568 0.333333 0.085434
2.067568 1.000000 0.109157
2.067568 1.666667 0.132879
2.148649 0.333333 0.088319
2.148649 1.000000 0.112042
2.148649 1.666667 0.135765
2.229730 0.333333 0.091204
2.229730 1.000000 0.114927
2.229730 1.666667 0.138650
2.310811 0.333333 0.094089
2.310811 1.000000 0.117812
2.310811 1.666667 0.141535
2.391892 0.333333 0.096975
2.391892 1.000000 0.120697
2.391892 1.666667 0.144420
2.472973 0.333333 0.099860
2.472973 1.000000 0.123583
2.472973 1.666667 0.147305
2.554054 0.333333 0.102745
2.554054 1.000000 0.126468
2.554054 1.666667 0.150191
2.635135 0.333333 0.105630
2.635135 1.000000 0.129353
2.635135 1.666667 0.153076
2.716216 0.333333 0.108515
2.716216 1.000000 0.132238
2.716216 1.666667 0.155961
2.797297 0.333333 0.111401
2.797297 1.000000 0.135123
2.797297 1.666667 0.158846
2.878378 0.333333 0.114286
2.878378 1.000000 0.138009
2.878378 1.666667 0.161731
2.959459 0.333333 0.117171
2.959459 1.000000 0.140894
2.959459 1.666667 0.164617
