0.040541 0.250000 0.009399
0.040541 0.750000 0.025573
0.040541 1.250000 0.041748
0.040541 1.750000 0.057923
0.121622 0.250000 0.012022
0.121622 0.750000 0.028196
0.121622 1.250000 0.044371
0.121622 1.750000 0.060545
0.202703 0.250000 0.014645
0.202703 0.750000 0.030819
0.202703 1.250000 0.046994
0.202703 1.750000 0.063168
0.283784 0.250000 0.017267
0.283784 0.750000 0.033442
0.283784 1.250000 0.049617
0.283784 1.750000 0.065791
0.364865 0.250000 0.019890
0.364865 0.750000 0.036065
0.364865 1.250000 0.052240
0.364865 1.750000 0.068414
0.445946 0.250000 0.022513
0.445946 0.750000 0.038688
0.445946 1.250000 0.054862
0.445946 1.750000 0.071037
0.527027 0.250000 0.025136
0.527027 0.750000 0.041311
0.527027 1.250000 0.057485
0.527027 1.750000 0.073660
0.608108 0.250000 0.027759
0.608108 0.750000 0.043934
0.608108 1.250000 0.060108
0.608108 1.750000 0.076283
0.689189 0.250000 0.030382
0.689189 0.750000 0.046557
0.689189 1.250000 0.062731
0.689189 1.750000 0.078906
0.770270 0.250000 0.033005
0.770270 0.750000 0.049180
0.770270 1.250000 0.065354
0.770270 1.750000 0.081529
0.851351 0.250000 0.035628
0.851351 0.750000 0.051802
0.851351 1.250000 0.067977
0.851351 1.750000 0.084152
0.932432 0.250000 0.038251
0.932432 0.750000 0.054425
0.932432 1.250000 0.070600
0.932432 1.750000 0.086775
1.013514 0.250000 0.040874
1.013514 0.750000 0.057048
1.013514 1.250000 0.073223
1.013514 1.750000 0.089397
1.094595 0.250000 0.043497
1.094595 0.750000 0.059671
1.094595 1.250000 0.075846
1.094595 1.750000 0.092020
1.175676 0.250000 0.046119
1.175676 0.750000 0.062294
1.175676 1.250000 0.078469
1.175676 1.750000 0.094643
1.256757 0.250000 0.048742
1.256757 0.750000 0.064917
1.256757 1.250000 0.081092
1.256757 1.750000 0.097266
1.337838 0.250000 0.051365
1.337838 0.750000 0.067540
1.337838 1.250000 0.083714
1.337838 1.750000 0.099889
1.418919 0.250000 0.053988
1.418919 0.750000 0.070163
1.418919 1.250000 0.086337
1.418919 1.750000 0.102512
1.500000 0.250000 0.056611
1.500000 0.750000 0.072786
1.500000 1.250000 0.088960
1.500000 1.750000 0.105135
1.581081 0.250000 0.059234
1.581081 0.750000 0.075409
1.581081 1.250000 0.091583
1.581081 1.750000 0.107758
1.662162 0.250000 0.061857
1.662162 0.750000 0.078031
1.662162 1.250000 0.094206
1.662162 1.750000 0.110381
1.743243 0.250000 0.064480
1.743243 0.750000 0.080654
1.743243 1.250000 0.096829
1.743243 1.750000 0.113004
1.824324 0.250000 0.067103
1.824324 0.750000 0.083277
1.824324 1.250000 0.099452
1.824324 1.750000 0.115626
1.905405 0.250000 0.069726
1.905405 0.750000 0.085900
1.905405 1.250000 0.102075
1.905405 1.750000 0.118249
1.986486 0.250000 0.072349
1.986486 0.750000 0.088523
1.986486 1.250000 0.104698
1.986486 1.750000 0.120872
2.067568 0.250000 0.074971
2.067568 0.750000 0.091146
2.067568 1.250000 0.107321
2.067568 1.750000 0.123495
2.148649 0.250000 0.077594
2.148649 0.750000 0.093769
2.148649 1.250000 0.109944
2.148649 1.750000 0.126118
2.229730 0.250000 0.080217
2.229730 0.750000 0.096392
2.229730 1.250000 0.112566
2.229730 1.750000 0.128741
2.310811 0.250000 0.082840
2.310811 0.750000 0.099015
2.310811 1.250000 0.115189
2.310811 1.750000 0.131364
2.391892 0.250000 0.085463
2.391892 0.750000 0.101638
2.391892 1.250000 0.117812
2.391892 1.750000 0.133987
2.472973 0.250000 0.088086
2.472973 0.750000 0.104261
2.472973 1.250000 0.120435
2.472973 1.750000 0.136610
2.554054 0.250000 0.090709
2.554054 0.750000 0.106883
2.554054 1.250000 0.123058
2.554054 1.750000 0.139233
2.635135 0.250000 0.093332
2.635135 0.750000 0.109506
2.635135 1.250000 0.125681
2.635135 1.750000 0.141856
2.716216 0.250000 0.095955
2.716216 0.750000 0.112129
2.716216 1.250000 0.128304
2.716216 1.750000 0.144478
2.797297 0.250000 0.098578
2.797297 0.750000 0.114752
2.797297 1.250000 0.130927
2.797297 1.750000 0.147101
2.878378 0.250000 0.101200
2.878378 0.750000 0.117375
2.878378 1.250000 0.133550
2.878378 1.750000 0.149724
2.959459 0.250000 0.103823
2.959459 0.750000 0.119998
2.959459 1.250000 0.136173
2.959459 1.750000 0.152347
