0.040541 0.250000 0.008544
0.040541 0.750000 0.023248
0.040541 1.250000 0.037953
0.040541 1.750000 0.052657
0.121622 0.250000 0.010929
0.121622 0.750000 0.025633
0.121622 1.250000 0.040337
0.121622 1.750000 0.055041
0.202703 0.250000 0.013313
0.202703 0.750000 0.028017
0.202703 1.250000 0.042722
0.202703 1.750000 0.057426
0.283784 0.250000 0.015698
0.283784 0.750000 0.030402
0.283784 1.250000 0.045106
0.283784 1.750000 0.059810
0.364865 0.250000 0.018082
0.364865 0.750000 0.032786
0.364865 1.250000 0.047491
0.364865 1.750000 0.062195
0.445946 0.250000 0.020467
0.445946 0.750000 0.035171
0.445946 1.250000 0.049875
0.445946 1.750000 0.064579
0.527027 0.250000 0.022851
0.527027 0.750000 0.037555
0.527027 1.250000 0.052259
0.527027 1.750000 0.066964
0.608108 0.250000 0.025236
0.608108 0.750000 0.039940
0.608108 1.250000 0.054644
0.608108 1.750000 0.069348
0.689189 0.250000 0.027620
0.689189 0.750000 0.042324
0.689189 1.250000 0.057028
0.689189 1.750000 0.071733
0.770270 0.250000 0.030004
0.770270 0.750000 0.044709
0.770270 1.250000 0.059413
0.770270 1.750000 0.074117
0.851351 0.250000 0.032389
0.851351 0.750000 0.047093
0.851351 1.250000 0.061797
0.851351 1.750000 0.076501
0.932432 0.250000 0.034773
0.932432 0.750000 0.049478
0.932432 1.250000 0.064182
0.932432 1.750000 0.078886
1.013514 0.250000 0.037158
1.013514 0.750000 0.051862
1.013514 1.250000 0.066566
1.013514 1.750000 0.081270
1.094595 0.250000 0.039542
1.094595 0.750000 0.054246
1.094595 1.250000 0.068951
1.094595 1.750000 0.083655
1.175676 0.250000 0.041927
1.175676 0.750000 0.056631
1.175676 1.250000 0.071335
1.175676 1.750000 0.086039
1.256757 0.250000 0.044311
1.256757 0.750000 0.059015
1.256757 1.250000 0.073720
1.256757 1.750000 0.088424
1.337838 0.250000 0.046696
1.337838 0.750000 0.061400
1.337838 1.250000 0.076104
1.337838 1.750000 0.090808
1.418919 0.250000 0.049080
1.418919 0.750000 0.063784
1.418919 1.250000 0.078489
1.418919 1.750000 0.093193
1.500000 0.250000 0.051465
1.500000 0.750000 0.066169
1.500000 1.250000 0.080873
1.500000 1.750000 0.095577
1.581081 0.250000 0.053849
1.581081 0.750000 0.068553
1.581081 1.250000 0.083257
1.581081 1.750000 0.097962
1.662162 0.250000 0.056234
1.662162 0.750000 0.070938
1.662162 1.250000 0.085642
1.662162 1.750000 0.100346
1.743243 0.250000 0.058618
1.743243 0.750000 0.073322
1.743243 1.250000 0.088026
1.743243 1.750000 0.102731
1.824324 0.250000 0.061002
1.824324 0.750000 0.075707
1.824324 1.250000 0.090411
1.824324 1.750000 0.105115
1.905405 0.250000 0.063387
1.905405 0.750000 0.078091
1.905405 1.250000 0.092795
1.905405 1.750000 0.107499
1.986486 0.250000 0.065771
1.986486 0.750000 0.080476
1.986486 1.250000 0.095180
1.986486 1.750000 0.109884
2.067568 0.250000 0.068156
2.067568 0.750000 0.082860
2.067568 1.250000 0.097564
2.067568 1.750000 0.112268
2.148649 0.250000 0.070540
2.148649 0.750000 0.085244
2.148649 1.250000 0.099949
2.148649 1.750000 0.114653
2.229730 0.250000 0.072925
2.229730 0.750000 0.087629
2.229730 1.250000 0.102333
2.229730 1.750000 0.117037
2.310811 0.250000 0.075309
2.310811 0.750000 0.090013
2.310811 1.250000 0.104718
2.310811 1.750000 0.119422
2.391892 0.250000 0.077694
2.391892 0.750000 0.092398
2.391892 1.250000 0.107102
2.391892 1.750000 0.121806
2.472973 0.250000 0.080078
2.472973 0.750000 0.094782
2.472973 1.250000 0.109486
2.472973 1.750000 0.124191
2.554054 0.250000 0.082463
2.554054 0.750000 0.097167
2.554054 1.250000 0.111871
2.554054 1.750000 0.126575
2.635135 0.250000 0.084847
2.635135 0.750000 0.099551
2.635135 1.250000 0.114255
2.635135 1.750000 0.128960
2.716216 0.250000 0.087232
2.716216 0.750000 0.101936
2.716216 1.250000 0.116640
2.716216 1.750000 0.131344
2.797297 0.250000 0.089616
2.797297 0.750000 0.104320
2.797297 1.250000 0.119024
2.797297 1.750000 0.133729
2.878378 0.250000 0.092000
2.878378 0.750000 0.106705
2.878378 1.250000 0.121409
2.878378 1.750000 0.136113
2.959459 0.250000 0.094385
2.959459 0.750000 0.109089
2.959459 1.250000 0.123793
2.959459 1.750000 0.138497
