0.040541 0.333333 0.009995
0.040541 1.000000 0.027819
0.040541 1.666667 0.045642
0.121622 0.333333 0.012163
0.121622 1.000000 0.029986
0.121622 1.666667 0.047810
0.202703 0.333333 0.014331
0.202703 1.000000 0.032154
0.202703 1.666667 0.049977
0.283784 0.333333 0.016499
0.283784 1.000000 0.034322
0.283784 1.666667 0.052145
0.364865 0.333333 0.018666
0.364865 1.000000 0.036489
0.364865 1.666667 0.054313
0.445946 0.333333 0.020834
0.445946 1.000000 0.038657
0.445946 1.666667 0.056480
0.527027 0.333333 0.023002
0.527027 1.000000 0.040825
0.527027 1.666667 0.058648
0.608108 0.333333 0.025169
0.608108 1.000000 0.042993
0.608108 1.666667 0.060816
0.689189 0.333333 0.027337
0.689189 1.000000 0.045160
0.689189 1.666667 0.062983
0.770270 0.333333 0.029505
0.770270 1.000000 0.047328
0.770270 1.666667 0.065151
0.851351 0.333333 0.031672
0.851351 1.000000 0.049496
0.851351 1.666667 0.067319
0.932432 0.333333 0.033840
0.932432 1.000000 0.051663
0.932432 1.666667 0.069487
1.013514 0.333333 0.036008
1.013514 1.000000 0.053831
1.013514 1.666667 0.071654
1.094595 0.333333 0.038175
1.094595 1.000000 0.055999
1.094595 1.666667 0.073822
1.175676 0.333333 0.040343
1.175676 1.000000 0.058166
1.175676 1.666667 0.075990
1.256757 0.333333 0.042511
1.256757 1.000000 0.060334
1.256757 1.666667 0.078157
1.337838 0.333333 0.044679
1.337838 1.000000 0.062502
1.337838 1.666667 0.080325
1.418919 0.333333 0.046846
1.418919 1.000000 0.064669
1.418919 1.666667 0.082493
1.500000 0.333333 0.049014
1.500000 1.000000 0.066837
1.500000 1.666667 0.084660
1.581081 0.333333 0.051182
1.581081 1.000000 0.069005
1.581081 1.666667 0.086828
1.662162 0.333333 0.053349
1.662162 1.000000 0.071173
1.662162 1.666667 0.088996
1.743243 0.333333 0.055517
1.743243 1.000000 0.073340
1.743243 1.666667 0.091163
1.824324 0.333333 0.057685
1.824324 1.000000 0.075508
1.824324 1.666667 0.093331
1.905405 0.333333 0.059852
1.905405 1.000000 0.077676
1.905405 1.666667 0.095499
1.986486 0.333333 0.062020
1.986486 1.000000 0.079843
1.986486 1.666667 0.097667
2.067568 0.333333 0.064188
2.067568 1.000000 0.082011
2.067568 1.666667 0.099834
2.148649 0.333333 0.066355
2.148649 1.000000 0.084179
2.148649 1.666667 0.102002
2.229730 0.333333 0.068523
2.229730 1.000000 0.086346
2.229730 1.666667 0.104170
2.310811 0.333333 0.070691
2.310811 1.000000 0.088514
2.310811 1.666667 0.106337
2.391892 0.333333 0.072859
2.391892 1.000000 0.090682
2.391892 1.666667 0.108505
2.472973 0.333333 0.075026
2.472973 1.000000 0.092849
2.472973 1.666667 0.110673
2.554054 0.333333 0.077194
2.554054 1.000000 0.095017
2.554054 1.666667 0.112840
2.635135 0.333333 0.079362
2.635135 1.000000 0.097185
2.635135 1.666667 0.115008
2.716216 0.333333 0.081529
2.716216 1.000000 0.099353
2.716216 1.666667 0.117176
2.797297 0.333333 0.083697
2.797297 1.000000 0.101520
2.797297 1.666667 0.119343
2.878378 0.333333 0.085865
2.878378 1.000000 0.103688
2.878378 1.666667 0.121511
2.959459 0.333333 0.088032
2.959459 1.000000 0.105856
2.959459 1.666667 0.123679
