0.000000 0.000000 -0.319519
0.000000 0.047619 -0.335102
0.000000 0.095238 -0.351446
0.000000 0.142857 -0.368586
0.000000 0.190476 -0.386562
0.000000 0.238095 -0.405416
0.000000 0.285714 -0.425188
0.000000 0.333333 -0.445925
0.000000 0.380952 -0.467673
0.000000 0.428571 -0.490482
0.000000 0.476190 -0.514403
0.000000 0.523810 -0.539491
0.000000 0.571429 -0.565803
0.000000 0.619048 -0.593398
0.000000 0.666667 -0.622338
0.000000 0.714286 -0.652691
0.000000 0.761905 -0.684523
0.000000 0.809524 -0.717908
0.000000 0.857143 -0.752921
0.000000 0.904762 -0.789642
0.000000 0.952381 -0.828153
0.000000 1.000000 -0.868543
0.500000 0.000000 -0.280404
0.500000 0.047619 -0.294080
0.500000 0.095238 -0.308423
0.500000 0.142857 -0.323465
0.500000 0.190476 -0.339241
0.500000 0.238095 -0.355786
0.500000 0.285714 -0.373138
0.500000 0.333333 -0.391336
0.500000 0.380952 -0.410422
0.500000 0.428571 -0.430439
0.500000 0.476190 -0.451431
0.500000 0.523810 -0.473448
0.500000 0.571429 -0.496539
0.500000 0.619048 -0.520756
0.500000 0.666667 -0.546153
0.500000 0.714286 -0.572790
0.500000 0.761905 -0.600725
0.500000 0.809524 -0.630023
0.500000 0.857143 -0.660750
0.500000 0.904762 -0.692976
0.500000 0.952381 -0.726773
0.500000 1.000000 -0.762218
1.000000 0.000000 -0.172637
1.000000 0.047619 -0.181057
1.000000 0.095238 -0.189887
1.000000 0.142857 -0.199148
1.000000 0.190476 -0.208861
1.000000 0.238095 -0.219047
1.000000 0.285714 -0.229730
1.000000 0.333333 -0.240934
1.000000 0.380952 -0.252685
1.000000 0.428571 -0.265009
1.000000 0.476190 -0.277933
1.000000 0.523810 -0.291488
1.000000 0.571429 -0.305705
1.000000 0.619048 -0.320614
1.000000 0.666667 -0.336251
1.000000 0.714286 -0.352650
1.000000 0.761905 -0.369849
1.000000 0.809524 -0.387887
1.000000 0.857143 -0.406805
1.000000 0.904762 -0.426645
1.000000 0.952381 -0.447453
1.000000 1.000000 -0.469276
1.500000 0.000000 -0.022602
1.500000 0.047619 -0.023704
1.500000 0.095238 -0.024860
1.500000 0.142857 -0.026073
1.500000 0.190476 -0.027344
1.500000 0.238095 -0.028678
1.500000 0.285714 -0.030077
1.500000 0.333333 -0.031543
1.500000 0.380952 -0.033082
1.500000 0.428571 -0.034695
1.500000 0.476190 -0.036387
1.500000 0.523810 -0.038162
1.500000 0.571429 -0.040023
1.500000 0.619048 -0.041975
1.500000 0.666667 -0.044022
1.500000 0.714286 -0.046169
1.500000 0.761905 -0.048421
1.500000 0.809524 -0.050783
1.500000 0.857143 -0.053260
1.500000 0.904762 -0.055857
1.500000 0.952381 -0.058581
1.500000 1.000000 -0.061438
2.000000 0.000000 0.132967
2.000000 0.047619 0.139452
2.000000 0.095238 0.146253
2.000000 0.142857 0.153386
2.000000 0.190476 0.160867
2.000000 0.238095 0.168712
2.000000 0.285714 0.176941
2.000000 0.333333 0.185570
2.000000 0.380952 0.194621
2.000000 0.428571 0.204113
2.000000 0.476190 0.214067
2.000000 0.523810 0.224508
2.000000 0.571429 0.235457
2.000000 0.619048 0.246941
2.000000 0.666667 0.258984
2.000000 0.714286 0.271615
2.000000 0.761905 0.284862
2.000000 0.809524 0.298755
2.000000 0.857143 0.313326
2.000000 0.904762 0.328607
2.000000 0.952381 0.344633
2.000000 1.000000 0.361442
2.500000 0.000000 0.255981
2.500000 0.047619 0.268465
2.500000 0.095238 0.281559
2.500000 0.142857 0.295290
2.500000 0.190476 0.309692
2.500000 0.238095 0.324796
2.500000 0.285714 0.340637
2.500000 0.333333 0.357250
2.500000 0.380952 0.374673
2.500000 0.428571 0.392947
2.500000 0.476190 0.412111
2.500000 0.523810 0.432210
2.500000 0.571429 0.453289
2.500000 0.619048 0.475397
2.500000 0.666667 0.498582
2.500000 0.714286 0.522899
2.500000 0.761905 0.548401
2.500000 0.809524 0.575147
2.500000 0.857143 0.603198
2.500000 0.904762 0.632616
2.500000 0.952381 0.663470
2.500000 1.000000 0.695828
3.000000 0.000000 0.316322
3.000000 0.047619 0.331749
3.000000 0.095238 0.347929
3.000000 0.142857 0.364898
3.000000 0.190476 0.382694
3.000000 0.238095 0.401358
3.000000 0.285714 0.420933
3.000000 0.333333 0.441462
3.000000 0.380952 0.462993
3.000000 0.428571 0.485574
3.000000 0.476190 0.509256
3.000000 0.523810 0.534092
3.000000 0.571429 0.560141
3.000000 0.619048 0.587459
3.000000 0.666667 0.616110
3.000000 0.714286 0.646159
3.000000 0.761905 0.677673
3.000000 0.809524 0.710723
3.000000 0.857143 0.745386
3.000000 0.904762 0.781739
3.000000 0.952381 0.819866
3.000000 1.000000 0.859851
3.500000 0.000000 0.299216
3.500000 0.047619 0.313809
3.500000 0.095238 0.329114
3.500000 0.142857 0.345165
3.500000 0.190476 0.361999
3.500000 0.238095 0.379654
3.500000 0.285714 0.398170
3.500000 0.333333 0.417589
3.500000 0.380952 0.437956
3.500000 0.428571 0.459315
3.500000 0.476190 0.481717
3.500000 0.523810 0.505210
3.500000 0.571429 0.529850
3.500000 0.619048 0.555691
3.500000 0.666667 0.582793
3.500000 0.714286 0.611216
3.500000 0.761905 0.641026
3.500000 0.809524 0.672290
3.500000 0.857143 0.705078
3.500000 0.904762 0.739465
3.500000 0.952381 0.775530
3.500000 1.000000 0.813353
4.000000 0.000000 0.208852
4.000000 0.047619 0.219038
4.000000 0.095238 0.229720
4.000000 0.142857 0.240924
4.000000 0.190476 0.252674
4.000000 0.238095 0.264997
4.000000 0.285714 0.277921
4.000000 0.333333 0.291476
4.000000 0.380952 0.305692
4.000000 0.428571 0.320600
4.000000 0.476190 0.336237
4.000000 0.523810 0.352635
4.000000 0.571429 0.369834
4.000000 0.619048 0.387871
4.000000 0.666667 0.406788
4.000000 0.714286 0.426627
4.000000 0.761905 0.447434
4.000000 0.809524 0.469256
4.000000 0.857143 0.492142
4.000000 0.904762 0.516144
4.000000 0.952381 0.541317
4.000000 1.000000 0.567718
4.500000 0.000000 0.067353
4.500000 0.047619 0.070638
4.500000 0.095238 0.074083
4.500000 0.142857 0.077696
4.500000 0.190476 0.081486
4.500000 0.238095 0.085460
4.500000 0.285714 0.089628
4.500000 0.333333 0.093999
4.500000 0.380952 0.098584
4.500000 0.428571 0.103392
4.500000 0.476190 0.108434
4.500000 0.523810 0.113723
4.500000 0.571429 0.119269
4.500000 0.619048 0.125086
4.500000 0.666667 0.131186
4.500000 0.714286 0.137584
4.500000 0.761905 0.144295
4.500000 0.809524 0.151332
4.500000 0.857143 0.158713
4.500000 0.904762 0.166453
4.500000 0.952381 0.174571
4.500000 1.000000 0.183085
5.000000 0.000000 -0.090636
5.000000 0.047619 -0.095056
5.000000 0.095238 -0.099692
5.000000 0.142857 -0.104554
5.000000 0.190476 -0.109653
5.000000 0.238095 -0.115001
5.000000 0.285714 -0.120610
5.000000 0.333333 -0.126492
5.000000 0.380952 -0.132661
5.000000 0.428571 -0.139131
5.000000 0.476190 -0.145917
5.000000 0.523810 -0.153033
5.000000 0.571429 -0.160497
5.000000 0.619048 -0.168325
5.000000 0.666667 -0.176534
5.000000 0.714286 -0.185144
5.000000 0.761905 -0.194173
5.000000 0.809524 -0.203643
5.000000 0.857143 -0.213575
5.000000 0.904762 -0.223991
5.000000 0.952381 -0.234916
5.000000 1.000000 -0.246373
5.500000 0.000000 -0.226434
5.500000 0.047619 -0.237477
5.500000 0.095238 -0.249059
5.500000 0.142857 -0.261206
5.500000 0.190476 -0.273945
5.500000 0.238095 -0.287306
5.500000 0.285714 -0.301318
5.500000 0.333333 -0.316014
5.500000 0.380952 -0.331426
5.500000 0.428571 -0.347590
5.500000 0.476190 -0.364542
5.500000 0.523810 -0.382321
5.500000 0.571429 -0.400967
5.500000 0.619048 -0.420523
5.500000 0.666667 -0.441032
5.500000 0.714286 -0.462542
5.500000 0.761905 -0.485101
5.500000 0.809524 -0.508760
5.500000 0.857143 -0.533572
5.500000 0.904762 -0.559595
5.500000 0.952381 -0.586887
5.500000 1.000000 -0.615510
6.000000 0.000000 -0.306793
6.000000 0.047619 -0.321755
6.000000 0.095238 -0.337448
6.000000 0.142857 -0.353905
6.000000 0.190476 -0.371166
6.000000 0.238095 -0.389268
6.000000 0.285714 -0.408253
6.000000 0.333333 -0.428164
6.000000 0.380952 -0.449046
6.000000 0.428571 -0.470946
6.000000 0.476190 -0.493915
6.000000 0.523810 -0.518004
6.000000 0.571429 -0.543267
6.000000 0.619048 -0.569763
6.000000 0.666667 -0.597551
6.000000 0.714286 -0.626694
6.000000 0.761905 -0.657259
6.000000 0.809524 -0.689314
6.000000 0.857143 -0.722932
6.000000 0.904762 -0.758190
6.000000 0.952381 -0.795168
6.000000 1.000000 -0.833949
6.500000 0.000000 -0.312038
6.500000 0.047619 -0.327257
6.500000 0.095238 -0.343218
6.500000 0.142857 -0.359957
6.500000 0.190476 -0.377512
6.500000 0.238095 -0.395924
6.500000 0.285714 -0.415233
6.500000 0.333333 -0.435485
6.500000 0.380952 -0.456724
6.500000 0.428571 -0.478999
6.500000 0.476190 -0.502360
6.500000 0.523810 -0.526861
6.500000 0.571429 -0.552556
6.500000 0.619048 -0.579505
6.500000 0.666667 -0.607768
6.500000 0.714286 -0.637409
6.500000 0.761905 -0.668497
6.500000 0.809524 -0.701100
6.500000 0.857143 -0.735293
6.500000 0.904762 -0.771154
6.500000 0.952381 -0.808764
6.500000 1.000000 -0.848209
7.000000 0.000000 -0.240886
7.000000 0.047619 -0.252635
7.000000 0.095238 -0.264956
7.000000 0.142857 -0.277878
7.000000 0.190476 -0.291430
7.000000 0.238095 -0.305644
7.000000 0.285714 -0.320550
7.000000 0.333333 -0.336184
7.000000 0.380952 -0.352580
7.000000 0.428571 -0.369776
7.000000 0.476190 -0.387810
7.000000 0.523810 -0.406724
7.000000 0.571429 -0.426560
7.000000 0.619048 -0.447364
7.000000 0.666667 -0.469182
7.000000 0.714286 -0.492065
7.000000 0.761905 -0.516063
7.000000 0.809524 -0.541232
7.000000 0.857143 -0.567629
7.000000 0.904762 -0.595313
7.000000 0.952381 -0.624347
7.000000 1.000000 -0.654797
7.500000 0.000000 -0.110757
7.500000 0.047619 -0.116158
7.500000 0.095238 -0.121824
7.500000 0.142857 -0.127765
7.500000 0.190476 -0.133996
7.500000 0.238095 -0.140531
7.500000 0.285714 -0.147385
7.500000 0.333333 -0.154573
7.500000 0.380952 -0.162112
7.500000 0.428571 -0.170018
7.500000 0.476190 -0.178310
7.500000 0.523810 -0.187007
7.500000 0.571429 -0.196127
7.500000 0.619048 -0.205693
7.500000 0.666667 -0.215724
7.500000 0.714286 -0.226246
7.500000 0.761905 -0.237280
7.500000 0.809524 -0.248852
7.500000 0.857143 -0.260989
7.500000 0.904762 -0.273718
7.500000 0.952381 -0.287067
7.500000 1.000000 -0.301068
8.000000 0.000000 0.046490
8.000000 0.047619 0.048757
8.000000 0.095238 0.051135
8.000000 0.142857 0.053629
8.000000 0.190476 0.056245
8.000000 0.238095 0.058988
8.000000 0.285714 0.061865
8.000000 0.333333 0.064882
8.000000 0.380952 0.068046
8.000000 0.428571 0.071365
8.000000 0.476190 0.074846
8.000000 0.523810 0.078496
8.000000 0.571429 0.082324
8.000000 0.619048 0.086339
8.000000 0.666667 0.090550
8.000000 0.714286 0.094966
8.000000 0.761905 0.099598
8.000000 0.809524 0.104456
8.000000 0.857143 0.109550
8.000000 0.904762 0.114893
8.000000 0.952381 0.120496
8.000000 1.000000 0.126373
8.500000 0.000000 0.192354
8.500000 0.047619 0.201736
8.500000 0.095238 0.211575
8.500000 0.142857 0.221893
8.500000 0.190476 0.232715
8.500000 0.238095 0.244065
8.500000 0.285714 0.255968
8.500000 0.333333 0.268452
8.500000 0.380952 0.281545
8.500000 0.428571 0.295276
8.500000 0.476190 0.309677
8.500000 0.523810 0.324780
8.500000 0.571429 0.340620
8.500000 0.619048 0.357233
8.500000 0.666667 0.374655
8.500000 0.714286 0.392927
8.500000 0.761905 0.412091
8.500000 0.809524 0.432189
8.500000 0.857143 0.453267
8.500000 0.904762 0.475374
8.500000 0.952381 0.498558
8.500000 1.000000 0.522873
9.000000 0.000000 0.291124
9.000000 0.047619 0.305322
9.000000 0.095238 0.320213
9.000000 0.142857 0.335830
9.000000 0.190476 0.352209
9.000000 0.238095 0.369386
9.000000 0.285714 0.387402
9.000000 0.333333 0.406296
9.000000 0.380952 0.426111
9.000000 0.428571 0.446893
9.000000 0.476190 0.468689
9.000000 0.523810 0.491547
9.000000 0.571429 0.515520
9.000000 0.619048 0.540663
9.000000 0.666667 0.567031
9.000000 0.714286 0.594686
9.000000 0.761905 0.623690
9.000000 0.809524 0.654108
9.000000 0.857143 0.686009
9.000000 0.904762 0.719466
9.000000 0.952381 0.754556
9.000000 1.000000 0.791356
9.500000 0.000000 0.318616
9.500000 0.047619 0.334155
9.500000 0.095238 0.350452
9.500000 0.142857 0.367544
9.500000 0.190476 0.385469
9.500000 0.238095 0.404269
9.500000 0.285714 0.423986
9.500000 0.333333 0.444664
9.500000 0.380952 0.466351
9.500000 0.428571 0.489095
9.500000 0.476190 0.512949
9.500000 0.523810 0.537966
9.500000 0.571429 0.564203
9.500000 0.619048 0.591720
9.500000 0.666667 0.620579
9.500000 0.714286 0.650845
9.500000 0.761905 0.682587
9.500000 0.809524 0.715878
9.500000 0.857143 0.750792
9.500000 0.904762 0.787409
9.500000 0.952381 0.825811
9.500000 1.000000 0.866087
10.000000 0.000000 0.268099
10.000000 0.047619 0.281175
10.000000 0.095238 0.294888
10.000000 0.142857 0.309270
10.000000 0.190476 0.324354
10.000000 0.238095 0.340173
10.000000 0.285714 0.356763
10.000000 0.333333 0.374163
10.000000 0.380952 0.392411
10.000000 0.428571 0.411550
10.000000 0.476190 0.431621
10.000000 0.523810 0.452672
10.000000 0.571429 0.474749
10.000000 0.619048 0.497903
10.000000 0.666667 0.522186
10.000000 0.714286 0.547654
10.000000 0.761905 0.574364
10.000000 0.809524 0.602376
10.000000 0.857143 0.631755
10.000000 0.904762 0.662566
10.000000 0.952381 0.694880
10.000000 1.000000 0.728770
