0.000000 0.000000 0.000000
0.000000 0.085106 0.000000
0.000000 0.170213 0.000000
0.000000 0.255319 0.000000
0.000000 0.340426 0.000000
0.000000 0.425532 0.000000
0.000000 0.510638 0.000000
0.000000 0.595745 0.000000
0.000000 0.680851 0.000000
0.000000 0.765957 0.000000
0.000000 0.851064 0.000000
0.000000 0.936170 0.000000
0.000000 1.021277 0.000000
0.000000 1.106383 0.000000
0.000000 1.191489 0.000000
0.000000 1.276596 0.000000
0.000000 1.361702 0.000000
0.000000 1.446809 0.000000
0.000000 1.531915 0.000000
0.000000 1.617021 0.000000
0.000000 1.702128 0.000000
0.000000 1.787234 0.000000
0.000000 1.872340 0.000000
0.000000 1.957447 0.000000
0.000000 2.042553 0.000000
0.000000 2.127660 0.000000
0.000000 2.212766 0.000000
0.000000 2.297872 0.000000
0.000000 2.382979 0.000000
0.000000 2.468085 0.000000
0.000000 2.553191 0.000000
0.000000 2.638298 0.000000
0.000000 2.723404 0.000000
0.000000 2.808511 0.000000
0.000000 2.893617 0.000000
0.000000 2.978723 0.000000
0.000000 3.063830 0.000000
0.000000 3.148936 0.000000
0.000000 3.234043 0.000000
0.000000 3.319149 0.000000
0.000000 3.404255 0.000000
0.000000 3.489362 0.000000
0.000000 3.574468 0.000000
0.000000 3.659574 0.000000
0.000000 3.744681 0.000000
0.000000 3.829787 0.000000
0.000000 3.914894 0.000000
0.000000 4.000000 0.000000
0.076923 0.000000 0.000000
0.076923 0.085106 0.004471
0.076923 0.170213 0.008943
0.076923 0.255319 0.013414
0.076923 0.340426 0.017886
0.076923 0.425532 0.022357
0.076923 0.510638 0.026829
0.076923 0.595745 0.031300
0.076923 0.680851 0.035772
0.076923 0.765957 0.040243
0.076923 0.851064 0.044714
0.076923 0.936170 0.049186
0.076923 1.021277 0.053657
0.076923 1.106383 0.058129
0.076923 1.191489 0.062600
0.076923 1.276596 0.067072
0.076923 1.361702 0.071543
0.076923 1.446809 0.076015
0.076923 1.531915 0.080486
0.076923 1.617021 0.084957
0.076923 1.702128 0.089429
0.076923 1.787234 0.093900
0.076923 1.872340 0.098372
0.076923 1.957447 0.102843
0.076923 2.042553 0.107315
0.076923 2.127660 0.111786
0.076923 2.212766 0.116258
0.076923 2.297872 0.120729
0.076923 2.382979 0.125201
0.076923 2.468085 0.129672
0.076923 2.553191 0.134143
0.076923 2.638298 0.138615
0.076923 2.723404 0.143086
0.076923 2.808511 0.147558
0.076923 2.893617 0.152029
0.076923 2.978723 0.156501
0.076923 3.063830 0.160972
0.076923 3.148936 0.165444
0.076923 3.234043 0.169915
0.076923 3.319149 0.174386
0.076923 3.404255 0.178858
0.076923 3.489362 0.183329
0.076923 3.574468 0.187801
0.076923 3.659574 0.192272
0.076923 3.744681 0.196744
0.076923 3.829787 0.201215
0.076923 3.914894 0.205687
0.076923 4.000000 0.000000
0.153846 0.000000 0.000000
0.153846 0.085106 0.008943
0.153846 0.170213 0.017886
0.153846 0.255319 0.026829
0.153846 0.340426 0.035772
0.153846 0.425532 0.044714
0.153846 0.510638 0.053657
0.153846 0.595745 0.062600
0.153846 0.680851 0.071543
0.153846 0.765957 0.080486
0.153846 0.851064 0.089429
0.153846 0.936170 0.098372
0.153846 1.021277 0.107315
0.153846 1.106383 0.116258
0.153846 1.191489 0.125201
0.153846 1.276596 0.134143
0.153846 1.361702 0.143086
0.153846 1.446809 0.152029
0.153846 1.531915 0.160972
0.153846 1.617021 0.169915
0.153846 1.702128 0.178858
0.153846 1.787234 0.187801
0.153846 1.872340 0.196744
0.153846 1.957447 0.205687
0.153846 2.042553 0.214629
0.153846 2.127660 0.223572
0.153846 2.212766 0.232515
0.153846 2.297872 0.241458
0.153846 2.382979 0.250401
0.153846 2.468085 0.259344
0.153846 2.553191 0.268287
0.153846 2.638298 0.277230
0.153846 2.723404 0.286173
0.153846 2.808511 0.295115
0.153846 2.893617 0.304058
0.153846 2.978723 0.313001
0.153846 3.063830 0.321944
0.153846 3.148936 0.330887
0.153846 3.234043 0.339830
0.153846 3.319149 0.348773
0.153846 3.404255 0.357716
0.153846 3.489362 0.366659
0.153846 3.574468 0.375602
0.153846 3.659574 0.384544
0.153846 3.744681 0.393487
0.153846 3.829787 0.402430
0.153846 3.914894 0.411373
0.153846 4.000000 0.000000
0.230769 0.000000 0.000000
0.230769 0.085106 0.013414
0.230769 0.170213 0.026829
0.230769 0.255319 0.040243
0.230769 0.340426 0.053657
0.230769 0.425532 0.067072
0.230769 0.510638 0.080486
0.230769 0.595745 0.093900
0.230769 0.680851 0.107315
0.230769 0.765957 0.120729
0.230769 0.851064 0.134143
0.230769 0.936170 0.147558
0.230769 1.021277 0.160972
0.230769 1.106383 0.174386
0.230769 1.191489 0.187801
0.230769 1.276596 0.201215
0.230769 1.361702 0.214629
0.230769 1.446809 0.228044
0.230769 1.531915 0.241458
0.230769 1.617021 0.254872
0.230769 1.702128 0.268287
0.230769 1.787234 0.281701
0.230769 1.872340 0.295115
0.230769 1.957447 0.308530
0.230769 2.042553 0.321944
0.230769 2.127660 0.335358
0.230769 2.212766 0.348773
0.230769 2.297872 0.362187
0.230769 2.382979 0.375602
0.230769 2.468085 0.389016
0.230769 2.553191 0.402430
0.230769 2.638298 0.415845
0.230769 2.723404 0.429259
0.230769 2.808511 0.442673
0.230769 2.893617 0.456088
0.230769 2.978723 0.469502
0.230769 3.063830 0.482916
0.230769 3.148936 0.496331
0.230769 3.234043 0.509745
0.230769 3.319149 0.523159
0.230769 3.404255 0.536574
0.230769 3.489362 0.549988
0.230769 3.574468 0.563402
0.230769 3.659574 0.576817
0.230769 3.744681 0.590231
0.230769 3.829787 0.603645
0.230769 3.914894 0.617060
0.230769 4.000000 0.000000
0.307692 0.000000 0.000000
0.307692 0.085106 0.017886
0.307692 0.170213 0.035772
0.307692 0.255319 0.053657
0.307692 0.340426 0.071543
0.307692 0.425532 0.089429
0.307692 0.510638 0.107315
0.307692 0.595745 0.125201
0.307692 0.680851 0.143086
0.307692 0.765957 0.160972
0.307692 0.851064 0.178858
0.307692 0.936170 0.196744
0.307692 1.021277 0.214629
0.307692 1.106383 0.232515
0.307692 1.191489 0.250401
0.307692 1.276596 0.268287
0.307692 1.361702 0.286173
0.307692 1.446809 0.304058
0.307692 1.531915 0.321944
0.307692 1.617021 0.339830
0.307692 1.702128 0.357716
0.307692 1.787234 0.375602
0.307692 1.872340 0.393487
0.307692 1.957447 0.411373
0.307692 2.042553 0.429259
0.307692 2.127660 0.447145
0.307692 2.212766 0.465030
0.307692 2.297872 0.482916
0.307692 2.382979 0.500802
0.307692 2.468085 0.518688
0.307692 2.553191 0.536574
0.307692 2.638298 0.554459
0.307692 2.723404 0.572345
0.307692 2.808511 0.590231
0.307692 2.893617 0.608117
0.307692 2.978723 0.626003
0.307692 3.063830 0.643888
0.307692 3.148936 0.661774
0.307692 3.234043 0.679660
0.307692 3.319149 0.697546
0.307692 3.404255 0.715431
0.307692 3.489362 0.733317
0.307692 3.574468 0.751203
0.307692 3.659574 0.769089
0.307692 3.744681 0.786975
0.307692 3.829787 0.804860
0.307692 3.914894 0.822746
0.307692 4.000000 0.000000
0.384615 0.000000 0.000000
0.384615 0.085106 0.022357
0.384615 0.170213 0.044714
0.384615 0.255319 0.067072
0.384615 0.340426 0.089429
0.384615 0.425532 0.111786
0.384615 0.510638 0.134143
0.384615 0.595745 0.156501
0.384615 0.680851 0.178858
0.384615 0.765957 0.201215
0.384615 0.851064 0.223572
0.384615 0.936170 0.245930
0.384615 1.021277 0.268287
0.384615 1.106383 0.290644
0.384615 1.191489 0.313001
0.384615 1.276596 0.335358
0.384615 1.361702 0.357716
0.384615 1.446809 0.380073
0.384615 1.531915 0.402430
0.384615 1.617021 0.424787
0.384615 1.702128 0.447145
0.384615 1.787234 0.469502
0.384615 1.872340 0.491859
0.384615 1.957447 0.514216
0.384615 2.042553 0.536574
0.384615 2.127660 0.558931
0.384615 2.212766 0.581288
0.384615 2.297872 0.603645
0.384615 2.382979 0.626003
0.384615 2.468085 0.648360
0.384615 2.553191 0.670717
0.384615 2.638298 0.693074
0.384615 2.723404 0.715431
0.384615 2.808511 0.737789
0.384615 2.893617 0.760146
0.384615 2.978723 0.782503
0.384615 3.063830 0.804860
0.384615 3.148936 0.827218
0.384615 3.234043 0.849575
0.384615 3.319149 0.871932
0.384615 3.404255 0.894289
0.384615 3.489362 0.916647
0.384615 3.574468 0.939004
0.384615 3.659574 0.961361
0.384615 3.744681 0.983718
0.384615 3.829787 1.006075
0.384615 3.914894 1.028433
0.384615 4.000000 0.000000
0.461538 0.000000 0.000000
0.461538 0.085106 0.026829
0.461538 0.170213 0.053657
0.461538 0.255319 0.080486
0.461538 0.340426 0.107315
0.461538 0.425532 0.134143
0.461538 0.510638 0.160972
0.461538 0.595745 0.187801
0.461538 0.680851 0.214629
0.461538 0.765957 0.241458
0.461538 0.851064 0.268287
0.461538 0.936170 0.295115
0.461538 1.021277 0.321944
0.461538 1.106383 0.348773
0.461538 1.191489 0.375602
0.461538 1.276596 0.402430
0.461538 1.361702 0.429259
0.461538 1.446809 0.456088
0.461538 1.531915 0.482916
0.461538 1.617021 0.509745
0.461538 1.702128 0.536574
0.461538 1.787234 0.563402
0.461538 1.872340 0.590231
0.461538 1.957447 0.617060
0.461538 2.042553 0.643888
0.461538 2.127660 0.670717
0.461538 2.212766 0.697546
0.461538 2.297872 0.724374
0.461538 2.382979 0.751203
0.461538 2.468085 0.778032
0.461538 2.553191 0.804860
0.461538 2.638298 0.831689
0.461538 2.723404 0.858518
0.461538 2.808511 0.885346
0.461538 2.893617 0.912175
0.461538 2.978723 0.939004
0.461538 3.063830 0.965832
0.461538 3.148936 0.992661
0.461538 3.234043 1.019490
0.461538 3.319149 1.046318
0.461538 3.404255 1.073147
0.461538 3.489362 1.099976
0.461538 3.574468 1.126805
0.461538 3.659574 1.153633
0.461538 3.744681 1.180462
0.461538 3.829787 1.207291
0.461538 3.914894 1.234119
0.461538 4.000000 0.000000
0.538462 0.000000 0.000000
0.538462 0.085106 0.031300
0.538462 0.170213 0.062600
0.538462 0.255319 0.093900
0.538462 0.340426 0.125201
0.538462 0.425532 0.156501
0.538462 0.510638 0.187801
0.538462 0.595745 0.219101
0.538462 0.680851 0.250401
0.538462 0.765957 0.281701
0.538462 0.851064 0.313001
0.538462 0.936170 0.344301
0.538462 1.021277 0.375602
0.538462 1.106383 0.406902
0.538462 1.191489 0.438202
0.538462 1.276596 0.469502
0.538462 1.361702 0.500802
0.538462 1.446809 0.532102
0.538462 1.531915 0.563402
0.538462 1.617021 0.594702
0.538462 1.702128 0.626003
0.538462 1.787234 0.657303
0.538462 1.872340 0.688603
0.538462 1.957447 0.719903
0.538462 2.042553 0.751203
0.538462 2.127660 0.782503
0.538462 2.212766 0.813803
0.538462 2.297872 0.845103
0.538462 2.382979 0.876404
0.538462 2.468085 0.907704
0.538462 2.553191 0.939004
0.538462 2.638298 0.970304
0.538462 2.723404 1.001604
0.538462 2.808511 1.032904
0.538462 2.893617 1.064204
0.538462 2.978723 1.095504
0.538462 3.063830 1.126805
0.538462 3.148936 1.158105
0.538462 3.234043 1.189405
0.538462 3.319149 1.220705
0.538462 3.404255 1.252005
0.538462 3.489362 1.283305
0.538462 3.574468 1.314605
0.538462 3.659574 1.345905
0.538462 3.744681 1.377206
0.538462 3.829787 1.408506
0.538462 3.914894 1.439806
0.538462 4.000000 0.000000
0.615385 0.000000 0.000000
0.615385 0.085106 0.035772
0.615385 0.170213 0.071543
0.615385 0.255319 0.107315
0.615385 0.340426 0.143086
0.615385 0.425532 0.178858
0.615385 0.510638 0.214629
0.615385 0.595745 0.250401
0.615385 0.680851 0.286173
0.615385 0.765957 0.321944
0.615385 0.851064 0.357716
0.615385 0.936170 0.393487
0.615385 1.021277 0.429259
0.615385 1.106383 0.465030
0.615385 1.191489 0.500802
0.615385 1.276596 0.536574
0.615385 1.361702 0.572345
0.615385 1.446809 0.608117
0.615385 1.531915 0.643888
0.615385 1.617021 0.679660
0.615385 1.702128 0.715431
0.615385 1.787234 0.751203
0.615385 1.872340 0.786975
0.615385 1.957447 0.822746
0.615385 2.042553 0.858518
0.615385 2.127660 0.894289
0.615385 2.212766 0.930061
0.615385 2.297872 0.965832
0.615385 2.382979 1.001604
0.615385 2.468085 1.037376
0.615385 2.553191 1.073147
0.615385 2.638298 1.108919
0.615385 2.723404 1.144690
0.615385 2.808511 1.180462
0.615385 2.893617 1.216233
0.615385 2.978723 1.252005
0.615385 3.063830 1.287777
0.615385 3.148936 1.323548
0.615385 3.234043 1.359320
0.615385 3.319149 1.395091
0.615385 3.404255 1.430863
0.615385 3.489362 1.466634
0.615385 3.574468 1.502406
0.615385 3.659574 1.538178
0.615385 3.744681 1.573949
0.615385 3.829787 1.609721
0.615385 3.914894 1.645492
0.615385 4.000000 0.000000
0.692308 0.000000 0.000000
0.692308 0.085106 0.040243
0.692308 0.170213 0.080486
0.692308 0.255319 0.120729
0.692308 0.340426 0.160972
0.692308 0.425532 0.201215
0.692308 0.510638 0.241458
0.692308 0.595745 0.281701
0.692308 0.680851 0.321944
0.692308 0.765957 0.362187
0.692308 0.851064 0.402430
0.692308 0.936170 0.442673
0.692308 1.021277 0.482916
0.692308 1.106383 0.523159
0.692308 1.191489 0.563402
0.692308 1.276596 0.603645
0.692308 1.361702 0.643888
0.692308 1.446809 0.684131
0.692308 1.531915 0.724374
0.692308 1.617021 0.764617
0.692308 1.702128 0.804860
0.692308 1.787234 0.845103
0.692308 1.872340 0.885346
0.692308 1.957447 0.925589
0.692308 2.042553 0.965832
0.692308 2.127660 1.006075
0.692308 2.212766 1.046318
0.692308 2.297872 1.086562
0.692308 2.382979 1.126805
0.692308 2.468085 1.167048
0.692308 2.553191 1.207291
0.692308 2.638298 1.247534
0.692308 2.723404 1.287777
0.692308 2.808511 1.328020
0.692308 2.893617 1.368263
0.692308 2.978723 1.408506
0.692308 3.063830 1.448749
0.692308 3.148936 1.488992
0.692308 3.234043 1.529235
0.692308 3.319149 1.569478
0.692308 3.404255 1.609721
0.692308 3.489362 1.649964
0.692308 3.574468 1.690207
0.692308 3.659574 1.730450
0.692308 3.744681 1.770693
0.692308 3.829787 1.810936
0.692308 3.914894 1.851179
0.692308 4.000000 0.000000
0.769231 0.000000 0.000000
0.769231 0.085106 0.044714
0.769231 0.170213 0.089429
0.769231 0.255319 0.134143
0.769231 0.340426 0.178858
0.769231 0.425532 0.223572
0.769231 0.510638 0.268287
0.769231 0.595745 0.313001
0.769231 0.680851 0.357716
0.769231 0.765957 0.402430
0.769231 0.851064 0.447145
0.769231 0.936170 0.491859
0.769231 1.021277 0.536574
0.769231 1.106383 0.581288
0.769231 1.191489 0.626003
0.769231 1.276596 0.670717
0.769231 1.361702 0.715431
0.769231 1.446809 0.760146
0.769231 1.531915 0.804860
0.769231 1.617021 0.849575
0.769231 1.702128 0.894289
0.769231 1.787234 0.939004
0.769231 1.872340 0.983718
0.769231 1.957447 1.028433
0.769231 2.042553 1.073147
0.769231 2.127660 1.117862
0.769231 2.212766 1.162576
0.769231 2.297872 1.207291
0.769231 2.382979 1.252005
0.769231 2.468085 1.296719
0.769231 2.553191 1.341434
0.769231 2.638298 1.386148
0.769231 2.723404 1.430863
0.769231 2.808511 1.475577
0.769231 2.893617 1.520292
0.769231 2.978723 1.565006
0.769231 3.063830 1.609721
0.769231 3.148936 1.654435
0.769231 3.234043 1.699150
0.769231 3.319149 1.743864
0.769231 3.404255 1.788579
0.769231 3.489362 1.833293
0.769231 3.574468 1.878008
0.769231 3.659574 1.922722
0.769231 3.744681 1.967436
0.769231 3.829787 2.012151
0.769231 3.914894 2.056865
0.769231 4.000000 0.000000
0.846154 0.000000 0.000000
0.846154 0.085106 0.049186
0.846154 0.170213 0.098372
0.846154 0.255319 0.147558
0.846154 0.340426 0.196744
0.846154 0.425532 0.245930
0.846154 0.510638 0.295115
0.846154 0.595745 0.344301
0.846154 0.680851 0.393487
0.846154 0.765957 0.442673
0.846154 0.851064 0.491859
0.846154 0.936170 0.541045
0.846154 1.021277 0.590231
0.846154 1.106383 0.639417
0.846154 1.191489 0.688603
0.846154 1.276596 0.737789
0.846154 1.361702 0.786975
0.846154 1.446809 0.836160
0.846154 1.531915 0.885346
0.846154 1.617021 0.934532
0.846154 1.702128 0.983718
0.846154 1.787234 1.032904
0.846154 1.872340 1.082090
0.846154 1.957447 1.131276
0.846154 2.042553 1.180462
0.846154 2.127660 1.229648
0.846154 2.212766 1.278834
0.846154 2.297872 1.328020
0.846154 2.382979 1.377206
0.846154 2.468085 1.426391
0.846154 2.553191 1.475577
0.846154 2.638298 1.524763
0.846154 2.723404 1.573949
0.846154 2.808511 1.623135
0.846154 2.893617 1.672321
0.846154 2.978723 1.721507
0.846154 3.063830 1.770693
0.846154 3.148936 1.819879
0.846154 3.234043 1.869065
0.846154 3.319149 1.918251
0.846154 3.404255 1.967436
0.846154 3.489362 2.016622
0.846154 3.574468 2.065808
0.846154 3.659574 2.114994
0.846154 3.744681 2.164180
0.846154 3.829787 2.213366
0.846154 3.914894 2.262552
0.846154 4.000000 0.000000
0.923077 0.000000 0.000000
0.923077 0.085106 0.053657
0.923077 0.170213 0.107315
0.923077 0.255319 0.160972
0.923077 0.340426 0.214629
0.923077 0.425532 0.268287
0.923077 0.510638 0.321944
0.923077 0.595745 0.375602
0.923077 0.680851 0.429259
0.923077 0.765957 0.482916
0.923077 0.851064 0.536574
0.923077 0.936170 0.590231
0.923077 1.021277 0.643888
0.923077 1.106383 0.697546
0.923077 1.191489 0.751203
0.923077 1.276596 0.804860
0.923077 1.361702 0.858518
0.923077 1.446809 0.912175
0.923077 1.531915 0.965832
0.923077 1.617021 1.019490
0.923077 1.702128 1.073147
0.923077 1.787234 1.126805
0.923077 1.872340 1.180462
0.923077 1.957447 1.234119
0.923077 2.042553 1.287777
0.923077 2.127660 1.341434
0.923077 2.212766 1.395091
0.923077 2.297872 1.448749
0.923077 2.382979 1.502406
0.923077 2.468085 1.556063
0.923077 2.553191 1.609721
0.923077 2.638298 1.663378
0.923077 2.723404 1.717035
0.923077 2.808511 1.770693
0.923077 2.893617 1.824350
0.923077 2.978723 1.878008
0.923077 3.063830 1.931665
0.923077 3.148936 1.985322
0.923077 3.234043 2.038980
0.923077 3.319149 2.092637
0.923077 3.404255 2.146294
0.923077 3.489362 2.199952
0.923077 3.574468 2.253609
0.923077 3.659574 2.307266
0.923077 3.744681 2.360924
0.923077 3.829787 2.414581
0.923077 3.914894 2.468238
0.923077 4.000000 0.000000
1.000000 0.000000 0.000000
1.000000 0.085106 0.058129
1.000000 0.170213 0.116258
1.000000 0.255319 0.174386
1.000000 0.340426 0.232515
1.000000 0.425532 0.290644
1.000000 0.510638 0.348773
1.000000 0.595745 0.406902
1.000000 0.680851 0.465030
1.000000 0.765957 0.523159
1.000000 0.851064 0.581288
1.000000 0.936170 0.639417
1.000000 1.021277 0.697546
1.000000 1.106383 0.755674
1.000000 1.191489 0.813803
1.000000 1.276596 0.871932
1.000000 1.361702 0.930061
1.000000 1.446809 0.988190
1.000000 1.531915 1.046318
1.000000 1.617021 1.104447
1.000000 1.702128 1.162576
1.000000 1.787234 1.220705
1.000000 1.872340 1.278834
1.000000 1.957447 1.336963
1.000000 2.042553 1.395091
1.000000 2.127660 1.453220
1.000000 2.212766 1.511349
1.000000 2.297872 1.569478
1.000000 2.382979 1.627607
1.000000 2.468085 1.685735
1.000000 2.553191 1.743864
1.000000 2.638298 1.801993
1.000000 2.723404 1.860122
1.000000 2.808511 1.918251
1.000000 2.893617 1.976379
1.000000 2.978723 2.034508
1.000000 3.063830 2.092637
1.000000 3.148936 2.150766
1.000000 3.234043 2.208895
1.000000 3.319149 2.267023
1.000000 3.404255 2.325152
1.000000 3.489362 2.383281
1.000000 3.574468 2.441410
1.000000 3.659574 2.499539
1.000000 3.744681 2.557667
1.000000 3.829787 2.615796
1.000000 3.914894 2.673925
1.000000 4.000000 0.000000
1.076923 0.000000 0.000000
1.076923 0.085106 0.062600
1.076923 0.170213 0.125201
1.076923 0.255319 0.187801
1.076923 0.340426 0.250401
1.076923 0.425532 0.313001
1.076923 0.510638 0.375602
1.076923 0.595745 0.438202
1.076923 0.680851 0.500802
1.076923 0.765957 0.563402
1.076923 0.851064 0.626003
1.076923 0.936170 0.688603
1.076923 1.021277 0.751203
1.076923 1.106383 0.813803
1.076923 1.191489 0.876404
1.076923 1.276596 0.939004
1.076923 1.361702 1.001604
1.076923 1.446809 1.064204
1.076923 1.531915 1.126805
1.076923 1.617021 1.189405
1.076923 1.702128 1.252005
1.076923 1.787234 1.314605
1.076923 1.872340 1.377206
1.076923 1.957447 1.439806
1.076923 2.042553 1.502406
1.076923 2.127660 1.565006
1.076923 2.212766 1.627607
1.076923 2.297872 1.690207
1.076923 2.382979 1.752807
1.076923 2.468085 1.815407
1.076923 2.553191 1.878008
1.076923 2.638298 1.940608
1.076923 2.723404 2.003208
1.076923 2.808511 2.065808
1.076923 2.893617 2.128409
1.076923 2.978723 2.191009
1.076923 3.063830 2.253609
1.076923 3.148936 2.316209
1.076923 3.234043 2.378810
1.076923 3.319149 2.441410
1.076923 3.404255 2.504010
1.076923 3.489362 2.566610
1.076923 3.574468 2.629211
1.076923 3.659574 2.691811
1.076923 3.744681 2.754411
1.076923 3.829787 2.817011
1.076923 3.914894 2.879612
1.076923 4.000000 0.000000
1.153846 0.000000 0.000000
1.153846 0.085106 0.067072
1.153846 0.170213 0.134143
1.153846 0.255319 0.201215
1.153846 0.340426 0.268287
1.153846 0.425532 0.335358
1.153846 0.510638 0.402430
1.153846 0.595745 0.469502
1.153846 0.680851 0.536574
1.153846 0.765957 0.603645
1.153846 0.851064 0.670717
1.153846 0.936170 0.737789
1.153846 1.021277 0.804860
1.153846 1.106383 0.871932
1.153846 1.191489 0.939004
1.153846 1.276596 1.006075
1.153846 1.361702 1.073147
1.153846 1.446809 1.140219
1.153846 1.531915 1.207291
1.153846 1.617021 1.274362
1.153846 1.702128 1.341434
1.153846 1.787234 1.408506
1.153846 1.872340 1.475577
1.153846 1.957447 1.542649
1.153846 2.042553 1.609721
1.153846 2.127660 1.676792
1.153846 2.212766 1.743864
1.153846 2.297872 1.810936
1.153846 2.382979 1.878008
1.153846 2.468085 1.945079
1.153846 2.553191 2.012151
1.153846 2.638298 2.079223
1.153846 2.723404 2.146294
1.153846 2.808511 2.213366
1.153846 2.893617 2.280438
1.153846 2.978723 2.347509
1.153846 3.063830 2.414581
1.153846 3.148936 2.481653
1.153846 3.234043 2.548725
1.153846 3.319149 2.615796
1.153846 3.404255 2.682868
1.153846 3.489362 2.749940
1.153846 3.574468 2.817011
1.153846 3.659574 2.884083
1.153846 3.744681 2.951155
1.153846 3.829787 3.018226
1.153846 3.914894 3.085298
1.153846 4.000000 0.000000
1.230769 0.000000 0.000000
1.230769 0.085106 0.071543
1.230769 0.170213 0.143086
1.230769 0.255319 0.214629
1.230769 0.340426 0.286173
1.230769 0.425532 0.357716
1.230769 0.510638 0.429259
1.230769 0.595745 0.500802
1.230769 0.680851 0.572345
1.230769 0.765957 0.643888
1.230769 0.851064 0.715431
1.230769 0.936170 0.786975
1.230769 1.021277 0.858518
1.230769 1.106383 0.930061
1.230769 1.191489 1.001604
1.230769 1.276596 1.073147
1.230769 1.361702 1.144690
1.230769 1.446809 1.216233
1.230769 1.531915 1.287777
1.230769 1.617021 1.359320
1.230769 1.702128 1.430863
1.230769 1.787234 1.502406
1.230769 1.872340 1.573949
1.230769 1.957447 1.645492
1.230769 2.042553 1.717035
1.230769 2.127660 1.788579
1.230769 2.212766 1.860122
1.230769 2.297872 1.931665
1.230769 2.382979 2.003208
1.230769 2.468085 2.074751
1.230769 2.553191 2.146294
1.230769 2.638298 2.217837
1.230769 2.723404 2.289381
1.230769 2.808511 2.360924
1.230769 2.893617 2.432467
1.230769 2.978723 2.504010
1.230769 3.063830 2.575553
1.230769 3.148936 2.647096
1.230769 3.234043 2.718639
1.230769 3.319149 2.790183
1.230769 3.404255 2.861726
1.230769 3.489362 2.933269
1.230769 3.574468 3.004812
1.230769 3.659574 3.076355
1.230769 3.744681 3.147898
1.230769 3.829787 3.219441
1.230769 3.914894 3.290985
1.230769 4.000000 0.000000
1.307692 0.000000 0.000000
1.307692 0.085106 0.076015
1.307692 0.170213 0.152029
1.307692 0.255319 0.228044
1.307692 0.340426 0.304058
1.307692 0.425532 0.380073
1.307692 0.510638 0.456088
1.307692 0.595745 0.532102
1.307692 0.680851 0.608117
1.307692 0.765957 0.684131
1.307692 0.851064 0.760146
1.307692 0.936170 0.836160
1.307692 1.021277 0.912175
1.307692 1.106383 0.988190
1.307692 1.191489 1.064204
1.307692 1.276596 1.140219
1.307692 1.361702 1.216233
1.307692 1.446809 1.292248
1.307692 1.531915 1.368263
1.307692 1.617021 1.444277
1.307692 1.702128 1.520292
1.307692 1.787234 1.596306
1.307692 1.872340 1.672321
1.307692 1.957447 1.748336
1.307692 2.042553 1.824350
1.307692 2.127660 1.900365
1.307692 2.212766 1.976379
1.307692 2.297872 2.052394
1.307692 2.382979 2.128409
1.307692 2.468085 2.204423
1.307692 2.553191 2.280438
1.307692 2.638298 2.356452
1.307692 2.723404 2.432467
1.307692 2.808511 2.508481
1.307692 2.893617 2.584496
1.307692 2.978723 2.660511
1.307692 3.063830 2.736525
1.307692 3.148936 2.812540
1.307692 3.234043 2.888554
1.307692 3.319149 2.964569
1.307692 3.404255 3.040584
1.307692 3.489362 3.116598
1.307692 3.574468 3.192613
1.307692 3.659574 3.268627
1.307692 3.744681 3.344642
1.307692 3.829787 3.420657
1.307692 3.914894 3.496671
1.307692 4.000000 0.000000
1.384615 0.000000 0.000000
1.384615 0.085106 0.080486
1.384615 0.170213 0.160972
1.384615 0.255319 0.241458
1.384615 0.340426 0.321944
1.384615 0.425532 0.402430
1.384615 0.510638 0.482916
1.384615 0.595745 0.563402
1.384615 0.680851 0.643888
1.384615 0.765957 0.724374
1.384615 0.851064 0.804860
1.384615 0.936170 0.885346
1.384615 1.021277 0.965832
1.384615 1.106383 1.046318
1.384615 1.191489 1.126805
1.384615 1.276596 1.207291
1.384615 1.361702 1.287777
1.384615 1.446809 1.368263
1.384615 1.531915 1.448749
1.384615 1.617021 1.529235
1.384615 1.702128 1.609721
1.384615 1.787234 1.690207
1.384615 1.872340 1.770693
1.384615 1.957447 1.851179
1.384615 2.042553 1.931665
1.384615 2.127660 2.012151
1.384615 2.212766 2.092637
1.384615 2.297872 2.173123
1.384615 2.382979 2.253609
1.384615 2.468085 2.334095
1.384615 2.553191 2.414581
1.384615 2.638298 2.495067
1.384615 2.723404 2.575553
1.384615 2.808511 2.656039
1.384615 2.893617 2.736525
1.384615 2.978723 2.817011
1.384615 3.063830 2.897497
1.384615 3.148936 2.977983
1.384615 3.234043 3.058469
1.384615 3.319149 3.138955
1.384615 3.404255 3.219441
1.384615 3.489362 3.299928
1.384615 3.574468 3.380414
1.384615 3.659574 3.460900
1.384615 3.744681 3.541386
1.384615 3.829787 3.621872
1.384615 3.914894 3.702358
1.384615 4.000000 0.000000
1.461538 0.000000 0.000000
1.461538 0.085106 0.084957
1.461538 0.170213 0.169915
1.461538 0.255319 0.254872
1.461538 0.340426 0.339830
1.461538 0.425532 0.424787
1.461538 0.510638 0.509745
1.461538 0.595745 0.594702
1.461538 0.680851 0.679660
1.461538 0.765957 0.764617
1.461538 0.851064 0.849575
1.461538 0.936170 0.934532
1.461538 1.021277 1.019490
1.461538 1.106383 1.104447
1.461538 1.191489 1.189405
1.461538 1.276596 1.274362
1.461538 1.361702 1.359320
1.461538 1.446809 1.444277
1.461538 1.531915 1.529235
1.461538 1.617021 1.614192
1.461538 1.702128 1.699150
1.461538 1.787234 1.784107
1.461538 1.872340 1.869065
1.461538 1.957447 1.954022
1.461538 2.042553 2.038980
1.461538 2.127660 2.123937
1.461538 2.212766 2.208895
1.461538 2.297872 2.293852
1.461538 2.382979 2.378810
1.461538 2.468085 2.463767
1.461538 2.553191 2.548725
1.461538 2.638298 2.633682
1.461538 2.723404 2.718639
1.461538 2.808511 2.803597
1.461538 2.893617 2.888554
1.461538 2.978723 2.973512
1.461538 3.063830 3.058469
1.461538 3.148936 3.143427
1.461538 3.234043 3.228384
1.461538 3.319149 3.313342
1.461538 3.404255 3.398299
1.461538 3.489362 3.483257
1.461538 3.574468 3.568214
1.461538 3.659574 3.653172
1.461538 3.744681 3.738129
1.461538 3.829787 3.823087
1.461538 3.914894 3.908044
1.461538 4.000000 0.000000
1.538462 0.000000 0.000000
1.538462 0.085106 0.089429
1.538462 0.170213 0.178858
1.538462 0.255319 0.268287
1.538462 0.340426 0.357716
1.538462 0.425532 0.447145
1.538462 0.510638 0.536574
1.538462 0.595745 0.626003
1.538462 0.680851 0.715431
1.538462 0.765957 0.804860
1.538462 0.851064 0.894289
1.538462 0.936170 0.983718
1.538462 1.021277 1.073147
1.538462 1.106383 1.162576
1.538462 1.191489 1.252005
1.538462 1.276596 1.341434
1.538462 1.361702 1.430863
1.538462 1.446809 1.520292
1.538462 1.531915 1.609721
1.538462 1.617021 1.699150
1.538462 1.702128 1.788579
1.538462 1.787234 1.878008
1.538462 1.872340 1.967436
1.538462 1.957447 2.056865
1.538462 2.042553 2.146294
1.538462 2.127660 2.235723
1.538462 2.212766 2.325152
1.538462 2.297872 2.414581
1.538462 2.382979 2.504010
1.538462 2.468085 2.593439
1.538462 2.553191 2.682868
1.538462 2.638298 2.772297
1.538462 2.723404 2.861726
1.538462 2.808511 2.951155
1.538462 2.893617 3.040584
1.538462 2.978723 3.130013
1.538462 3.063830 3.219441
1.538462 3.148936 3.308870
1.538462 3.234043 3.398299
1.538462 3.319149 3.487728
1.538462 3.404255 3.577157
1.538462 3.489362 3.666586
1.538462 3.574468 3.756015
1.538462 3.659574 3.845444
1.538462 3.744681 3.934873
1.538462 3.829787 4.024302
1.538462 3.914894 4.113731
1.538462 4.000000 0.000000
1.615385 0.000000 0.000000
1.615385 0.085106 0.093900
1.615385 0.170213 0.187801
1.615385 0.255319 0.281701
1.615385 0.340426 0.375602
1.615385 0.425532 0.469502
1.615385 0.510638 0.563402
1.615385 0.595745 0.657303
1.615385 0.680851 0.751203
1.615385 0.765957 0.845103
1.615385 0.851064 0.939004
1.615385 0.936170 1.032904
1.615385 1.021277 1.126805
1.615385 1.106383 1.220705
1.615385 1.191489 1.314605
1.615385 1.276596 1.408506
1.615385 1.361702 1.502406
1.615385 1.446809 1.596306
1.615385 1.531915 1.690207
1.615385 1.617021 1.784107
1.615385 1.702128 1.878008
1.615385 1.787234 1.971908
1.615385 1.872340 2.065808
1.615385 1.957447 2.159709
1.615385 2.042553 2.253609
1.615385 2.127660 2.347509
1.615385 2.212766 2.441410
1.615385 2.297872 2.535310
1.615385 2.382979 2.629211
1.615385 2.468085 2.723111
1.615385 2.553191 2.817011
1.615385 2.638298 2.910912
1.615385 2.723404 3.004812
1.615385 2.808511 3.098712
1.615385 2.893617 3.192613
1.615385 2.978723 3.286513
1.615385 3.063830 3.380414
1.615385 3.148936 3.474314
1.615385 3.234043 3.568214
1.615385 3.319149 3.662115
1.615385 3.404255 3.756015
1.615385 3.489362 3.849915
1.615385 3.574468 3.943816
1.615385 3.659574 4.037716
1.615385 3.744681 4.131617
1.615385 3.829787 4.225517
1.615385 3.914894 4.319417
1.615385 4.000000 0.000000
1.692308 0.000000 0.000000
1.692308 0.085106 0.098372
1.692308 0.170213 0.196744
1.692308 0.255319 0.295115
1.692308 0.340426 0.393487
1.692308 0.425532 0.491859
1.692308 0.510638 0.590231
1.692308 0.595745 0.688603
1.692308 0.680851 0.786975
1.692308 0.765957 0.885346
1.692308 0.851064 0.983718
1.692308 0.936170 1.082090
1.692308 1.021277 1.180462
1.692308 1.106383 1.278834
1.692308 1.191489 1.377206
1.692308 1.276596 1.475577
1.692308 1.361702 1.573949
1.692308 1.446809 1.672321
1.692308 1.531915 1.770693
1.692308 1.617021 1.869065
1.692308 1.702128 1.967436
1.692308 1.787234 2.065808
1.692308 1.872340 2.164180
1.692308 1.957447 2.262552
1.692308 2.042553 2.360924
1.692308 2.127660 2.459296
1.692308 2.212766 2.557667
1.692308 2.297872 2.656039
1.692308 2.382979 2.754411
1.692308 2.468085 2.852783
1.692308 2.553191 2.951155
1.692308 2.638298 3.049527
1.692308 2.723404 3.147898
1.692308 2.808511 3.246270
1.692308 2.893617 3.344642
1.692308 2.978723 3.443014
1.692308 3.063830 3.541386
1.692308 3.148936 3.639757
1.692308 3.234043 3.738129
1.692308 3.319149 3.836501
1.692308 3.404255 3.934873
1.692308 3.489362 4.033245
1.692308 3.574468 4.131617
1.692308 3.659574 4.229988
1.692308 3.744681 4.328360
1.692308 3.829787 4.426732
1.692308 3.914894 4.525104
1.692308 4.000000 0.000000
1.769231 0.000000 0.000000
1.769231 0.085106 0.102843
1.769231 0.170213 0.205687
1.769231 0.255319 0.308530
1.769231 0.340426 0.411373
1.769231 0.425532 0.514216
1.769231 0.510638 0.617060
1.769231 0.595745 0.719903
1.769231 0.680851 0.822746
1.769231 0.765957 0.925589
1.769231 0.851064 1.028433
1.769231 0.936170 1.131276
1.769231 1.021277 1.234119
1.769231 1.106383 1.336963
1.769231 1.191489 1.439806
1.769231 1.276596 1.542649
1.769231 1.361702 1.645492
1.769231 1.446809 1.748336
1.769231 1.531915 1.851179
1.769231 1.617021 1.954022
1.769231 1.702128 2.056865
1.769231 1.787234 2.159709
1.769231 1.872340 2.262552
1.769231 1.957447 2.365395
1.769231 2.042553 2.468238
1.769231 2.127660 2.571082
1.769231 2.212766 2.673925
1.769231 2.297872 2.776768
1.769231 2.382979 2.879612
1.769231 2.468085 2.982455
1.769231 2.553191 3.085298
1.769231 2.638298 3.188141
1.769231 2.723404 3.290985
1.769231 2.808511 3.393828
1.769231 2.893617 3.496671
1.769231 2.978723 3.599514
1.769231 3.063830 3.702358
1.769231 3.148936 3.805201
1.769231 3.234043 3.908044
1.769231 3.319149 4.010888
1.769231 3.404255 4.113731
1.769231 3.489362 4.216574
1.769231 3.574468 4.319417
1.769231 3.659574 4.422261
1.769231 3.744681 4.525104
1.769231 3.829787 4.627947
1.769231 3.914894 4.730790
1.769231 4.000000 0.000000
1.846154 0.000000 0.000000
1.846154 0.085106 0.107315
1.846154 0.170213 0.214629
1.846154 0.255319 0.321944
1.846154 0.340426 0.429259
1.846154 0.425532 0.536574
1.846154 0.510638 0.643888
1.846154 0.595745 0.751203
1.846154 0.680851 0.858518
1.846154 0.765957 0.965832
1.846154 0.851064 1.073147
1.846154 0.936170 1.180462
1.846154 1.021277 1.287777
1.846154 1.106383 1.395091
1.846154 1.191489 1.502406
1.846154 1.276596 1.609721
1.846154 1.361702 1.717035
1.846154 1.446809 1.824350
1.846154 1.531915 1.931665
1.846154 1.617021 2.038980
1.846154 1.702128 2.146294
1.846154 1.787234 2.253609
1.846154 1.872340 2.360924
1.846154 1.957447 2.468238
1.846154 2.042553 2.575553
1.846154 2.127660 2.682868
1.846154 2.212766 2.790183
1.846154 2.297872 2.897497
1.846154 2.382979 3.004812
1.846154 2.468085 3.112127
1.846154 2.553191 3.219441
1.846154 2.638298 3.326756
1.846154 2.723404 3.434071
1.846154 2.808511 3.541386
1.846154 2.893617 3.648700
1.846154 2.978723 3.756015
1.846154 3.063830 3.863330
1.846154 3.148936 3.970645
1.846154 3.234043 4.077959
1.846154 3.319149 4.185274
1.846154 3.404255 4.292589
1.846154 3.489362 4.399903
1.846154 3.574468 4.507218
1.846154 3.659574 4.614533
1.846154 3.744681 4.721848
1.846154 3.829787 4.829162
1.846154 3.914894 4.936477
1.846154 4.000000 0.000000
1.923077 0.000000 0.000000
1.923077 0.085106 0.111786
1.923077 0.170213 0.223572
1.923077 0.255319 0.335358
1.923077 0.340426 0.447145
1.923077 0.425532 0.558931
1.923077 0.510638 0.670717
1.923077 0.595745 0.782503
1.923077 0.680851 0.894289
1.923077 0.765957 1.006075
1.923077 0.851064 1.117862
1.923077 0.936170 1.229648
1.923077 1.021277 1.341434
1.923077 1.106383 1.453220
1.923077 1.191489 1.565006
1.923077 1.276596 1.676792
1.923077 1.361702 1.788579
1.923077 1.446809 1.900365
1.923077 1.531915 2.012151
1.923077 1.617021 2.123937
1.923077 1.702128 2.235723
1.923077 1.787234 2.347509
1.923077 1.872340 2.459296
1.923077 1.957447 2.571082
1.923077 2.042553 2.682868
1.923077 2.127660 2.794654
1.923077 2.212766 2.906440
1.923077 2.297872 3.018226
1.923077 2.382979 3.130013
1.923077 2.468085 3.241799
1.923077 2.553191 3.353585
1.923077 2.638298 3.465371
1.923077 2.723404 3.577157
1.923077 2.808511 3.688943
1.923077 2.893617 3.800730
1.923077 2.978723 3.912516
1.923077 3.063830 4.024302
1.923077 3.148936 4.136088
1.923077 3.234043 4.247874
1.923077 3.319149 4.359660
1.923077 3.404255 4.471447
1.923077 3.489362 4.583233
1.923077 3.574468 4.695019
1.923077 3.659574 4.806805
1.923077 3.744681 4.918591
1.923077 3.829787 5.030377
1.923077 3.914894 5.142163
1.923077 4.000000 0.000000
2.000000 0.000000 0.000000
2.000000 0.085106 0.116258
2.000000 0.170213 0.232515
2.000000 0.255319 0.348773
2.000000 0.340426 0.465030
2.000000 0.425532 0.581288
2.000000 0.510638 0.697546
2.000000 0.595745 0.813803
2.000000 0.680851 0.930061
2.000000 0.765957 1.046318
2.000000 0.851064 1.162576
2.000000 0.936170 1.278834
2.000000 1.021277 1.395091
2.000000 1.106383 1.511349
2.000000 1.191489 1.627607
2.000000 1.276596 1.743864
2.000000 1.361702 1.860122
2.000000 1.446809 1.976379
2.000000 1.531915 2.092637
2.000000 1.617021 2.208895
2.000000 1.702128 2.325152
2.000000 1.787234 2.441410
2.000000 1.872340 2.557667
2.000000 1.957447 2.673925
2.000000 2.042553 2.790183
2.000000 2.127660 2.906440
2.000000 2.212766 3.022698
2.000000 2.297872 3.138955
2.000000 2.382979 3.255213
2.000000 2.468085 3.371471
2.000000 2.553191 3.487728
2.000000 2.638298 3.603986
2.000000 2.723404 3.720244
2.000000 2.808511 3.836501
2.000000 2.893617 3.952759
2.000000 2.978723 4.069016
2.000000 3.063830 4.185274
2.000000 3.148936 4.301532
2.000000 3.234043 4.417789
2.000000 3.319149 4.534047
2.000000 3.404255 4.650304
2.000000 3.489362 4.766562
2.000000 3.574468 4.882820
2.000000 3.659574 4.999077
2.000000 3.744681 5.115335
2.000000 3.829787 5.231592
2.000000 3.914894 5.347850
2.000000 4.000000 0.000000
2.076923 0.000000 0.000000
2.076923 0.085106 0.120729
2.076923 0.170213 0.241458
2.076923 0.255319 0.362187
2.076923 0.340426 0.482916
2.076923 0.425532 0.603645
2.076923 0.510638 0.724374
2.076923 0.595745 0.845103
2.076923 0.680851 0.965832
2.076923 0.765957 1.086562
2.076923 0.851064 1.207291
2.076923 0.936170 1.328020
2.076923 1.021277 1.448749
2.076923 1.106383 1.569478
2.076923 1.191489 1.690207
2.076923 1.276596 1.810936
2.076923 1.361702 1.931665
2.076923 1.446809 2.052394
2.076923 1.531915 2.173123
2.076923 1.617021 2.293852
2.076923 1.702128 2.414581
2.076923 1.787234 2.535310
2.076923 1.872340 2.656039
2.076923 1.957447 2.776768
2.076923 2.042553 2.897497
2.076923 2.127660 3.018226
2.076923 2.212766 3.138955
2.076923 2.297872 3.259685
2.076923 2.382979 3.380414
2.076923 2.468085 3.501143
2.076923 2.553191 3.621872
2.076923 2.638298 3.742601
2.076923 2.723404 3.863330
2.076923 2.808511 3.984059
2.076923 2.893617 4.104788
2.076923 2.978723 4.225517
2.076923 3.063830 4.346246
2.076923 3.148936 4.466975
2.076923 3.234043 4.587704
2.076923 3.319149 4.708433
2.076923 3.404255 4.829162
2.076923 3.489362 4.949891
2.076923 3.574468 5.070620
2.076923 3.659574 5.191349
2.076923 3.744681 5.312078
2.076923 3.829787 5.432808
2.076923 3.914894 5.553537
2.076923 4.000000 0.000000
2.153846 0.000000 0.000000
2.153846 0.085106 0.125201
2.153846 0.170213 0.250401
2.153846 0.255319 0.375602
2.153846 0.340426 0.500802
2.153846 0.425532 0.626003
2.153846 0.510638 0.751203
2.153846 0.595745 0.876404
2.153846 0.680851 1.001604
2.153846 0.765957 1.126805
2.153846 0.851064 1.252005
2.153846 0.936170 1.377206
2.153846 1.021277 1.502406
2.153846 1.106383 1.627607
2.153846 1.191489 1.752807
2.153846 1.276596 1.878008
2.153846 1.361702 2.003208
2.153846 1.446809 2.128409
2.153846 1.531915 2.253609
2.153846 1.617021 2.378810
2.153846 1.702128 2.504010
2.153846 1.787234 2.629211
2.153846 1.872340 2.754411
2.153846 1.957447 2.879612
2.153846 2.042553 3.004812
2.153846 2.127660 3.130013
2.153846 2.212766 3.255213
2.153846 2.297872 3.380414
2.153846 2.382979 3.505614
2.153846 2.468085 3.630815
2.153846 2.553191 3.756015
2.153846 2.638298 3.881216
2.153846 2.723404 4.006416
2.153846 2.808511 4.131617
2.153846 2.893617 4.256817
2.153846 2.978723 4.382018
2.153846 3.063830 4.507218
2.153846 3.148936 4.632419
2.153846 3.234043 4.757619
2.153846 3.319149 4.882820
2.153846 3.404255 5.008020
2.153846 3.489362 5.133221
2.153846 3.574468 5.258421
2.153846 3.659574 5.383622
2.153846 3.744681 5.508822
2.153846 3.829787 5.634023
2.153846 3.914894 5.759223
2.153846 4.000000 0.000000
2.230769 0.000000 0.000000
2.230769 0.085106 0.129672
2.230769 0.170213 0.259344
2.230769 0.255319 0.389016
2.230769 0.340426 0.518688
2.230769 0.425532 0.648360
2.230769 0.510638 0.778032
2.230769 0.595745 0.907704
2.230769 0.680851 1.037376
2.230769 0.765957 1.167048
2.230769 0.851064 1.296719
2.230769 0.936170 1.426391
2.230769 1.021277 1.556063
2.230769 1.106383 1.685735
2.230769 1.191489 1.815407
2.230769 1.276596 1.945079
2.230769 1.361702 2.074751
2.230769 1.446809 2.204423
2.230769 1.531915 2.334095
2.230769 1.617021 2.463767
2.230769 1.702128 2.593439
2.230769 1.787234 2.723111
2.230769 1.872340 2.852783
2.230769 1.957447 2.982455
2.230769 2.042553 3.112127
2.230769 2.127660 3.241799
2.230769 2.212766 3.371471
2.230769 2.297872 3.501143
2.230769 2.382979 3.630815
2.230769 2.468085 3.760487
2.230769 2.553191 3.890158
2.230769 2.638298 4.019830
2.230769 2.723404 4.149502
2.230769 2.808511 4.279174
2.230769 2.893617 4.408846
2.230769 2.978723 4.538518
2.230769 3.063830 4.668190
2.230769 3.148936 4.797862
2.230769 3.234043 4.927534
2.230769 3.319149 5.057206
2.230769 3.404255 5.186878
2.230769 3.489362 5.316550
2.230769 3.574468 5.446222
2.230769 3.659574 5.575894
2.230769 3.744681 5.705566
2.230769 3.829787 5.835238
2.230769 3.914894 5.964910
2.230769 4.000000 0.000000
2.307692 0.000000 0.000000
2.307692 0.085106 0.134143
2.307692 0.170213 0.268287
2.307692 0.255319 0.402430
2.307692 0.340426 0.536574
2.307692 0.425532 0.670717
2.307692 0.510638 0.804860
2.307692 0.595745 0.939004
2.307692 0.680851 1.073147
2.307692 0.765957 1.207291
2.307692 0.851064 1.341434
2.307692 0.936170 1.475577
2.307692 1.021277 1.609721
2.307692 1.106383 1.743864
2.307692 1.191489 1.878008
2.307692 1.276596 2.012151
2.307692 1.361702 2.146294
2.307692 1.446809 2.280438
2.307692 1.531915 2.414581
2.307692 1.617021 2.548725
2.307692 1.702128 2.682868
2.307692 1.787234 2.817011
2.307692 1.872340 2.951155
2.307692 1.957447 3.085298
2.307692 2.042553 3.219441
2.307692 2.127660 3.353585
2.307692 2.212766 3.487728
2.307692 2.297872 3.621872
2.307692 2.382979 3.756015
2.307692 2.468085 3.890158
2.307692 2.553191 4.024302
2.307692 2.638298 4.158445
2.307692 2.723404 4.292589
2.307692 2.808511 4.426732
2.307692 2.893617 4.560875
2.307692 2.978723 4.695019
2.307692 3.063830 4.829162
2.307692 3.148936 4.963306
2.307692 3.234043 5.097449
2.307692 3.319149 5.231592
2.307692 3.404255 5.365736
2.307692 3.489362 5.499879
2.307692 3.574468 5.634023
2.307692 3.659574 5.768166
2.307692 3.744681 5.902309
2.307692 3.829787 6.036453
2.307692 3.914894 6.170596
2.307692 4.000000 0.000000
2.384615 0.000000 0.000000
2.384615 0.085106 0.138615
2.384615 0.170213 0.277230
2.384615 0.255319 0.415845
2.384615 0.340426 0.554459
2.384615 0.425532 0.693074
2.384615 0.510638 0.831689
2.384615 0.595745 0.970304
2.384615 0.680851 1.108919
2.384615 0.765957 1.247534
2.384615 0.851064 1.386148
2.384615 0.936170 1.524763
2.384615 1.021277 1.663378
2.384615 1.106383 1.801993
2.384615 1.191489 1.940608
2.384615 1.276596 2.079223
2.384615 1.361702 2.217837
2.384615 1.446809 2.356452
2.384615 1.531915 2.495067
2.384615 1.617021 2.633682
2.384615 1.702128 2.772297
2.384615 1.787234 2.910912
2.384615 1.872340 3.049527
2.384615 1.957447 3.188141
2.384615 2.042553 3.326756
2.384615 2.127660 3.465371
2.384615 2.212766 3.603986
2.384615 2.297872 3.742601
2.384615 2.382979 3.881216
2.384615 2.468085 4.019830
2.384615 2.553191 4.158445
2.384615 2.638298 4.297060
2.384615 2.723404 4.435675
2.384615 2.808511 4.574290
2.384615 2.893617 4.712905
2.384615 2.978723 4.851519
2.384615 3.063830 4.990134
2.384615 3.148936 5.128749
2.384615 3.234043 5.267364
2.384615 3.319149 5.405979
2.384615 3.404255 5.544594
2.384615 3.489362 5.683209
2.384615 3.574468 5.821823
2.384615 3.659574 5.960438
2.384615 3.744681 6.099053
2.384615 3.829787 6.237668
2.384615 3.914894 6.376283
2.384615 4.000000 0.000000
2.461538 0.000000 0.000000
2.461538 0.085106 0.143086
2.461538 0.170213 0.286173
2.461538 0.255319 0.429259
2.461538 0.340426 0.572345
2.461538 0.425532 0.715431
2.461538 0.510638 0.858518
2.461538 0.595745 1.001604
2.461538 0.680851 1.144690
2.461538 0.765957 1.287777
2.461538 0.851064 1.430863
2.461538 0.936170 1.573949
2.461538 1.021277 1.717035
2.461538 1.106383 1.860122
2.461538 1.191489 2.003208
2.461538 1.276596 2.146294
2.461538 1.361702 2.289381
2.461538 1.446809 2.432467
2.461538 1.531915 2.575553
2.461538 1.617021 2.718639
2.461538 1.702128 2.861726
2.461538 1.787234 3.004812
2.461538 1.872340 3.147898
2.461538 1.957447 3.290985
2.461538 2.042553 3.434071
2.461538 2.127660 3.577157
2.461538 2.212766 3.720244
2.461538 2.297872 3.863330
2.461538 2.382979 4.006416
2.461538 2.468085 4.149502
2.461538 2.553191 4.292589
2.461538 2.638298 4.435675
2.461538 2.723404 4.578761
2.461538 2.808511 4.721848
2.461538 2.893617 4.864934
2.461538 2.978723 5.008020
2.461538 3.063830 5.151106
2.461538 3.148936 5.294193
2.461538 3.234043 5.437279
2.461538 3.319149 5.580365
2.461538 3.404255 5.723452
2.461538 3.489362 5.866538
2.461538 3.574468 6.009624
2.461538 3.659574 6.152710
2.461538 3.744681 6.295797
2.461538 3.829787 6.438883
2.461538 3.914894 6.581969
2.461538 4.000000 0.000000
2.538462 0.000000 0.000000
2.538462 0.085106 0.147558
2.538462 0.170213 0.295115
2.538462 0.255319 0.442673
2.538462 0.340426 0.590231
2.538462 0.425532 0.737789
2.538462 0.510638 0.885346
2.538462 0.595745 1.032904
2.538462 0.680851 1.180462
2.538462 0.765957 1.328020
2.538462 0.851064 1.475577
2.538462 0.936170 1.623135
2.538462 1.021277 1.770693
2.538462 1.106383 1.918251
2.538462 1.191489 2.065808
2.538462 1.276596 2.213366
2.538462 1.361702 2.360924
2.538462 1.446809 2.508481
2.538462 1.531915 2.656039
2.538462 1.617021 2.803597
2.538462 1.702128 2.951155
2.538462 1.787234 3.098712
2.538462 1.872340 3.246270
2.538462 1.957447 3.393828
2.538462 2.042553 3.541386
2.538462 2.127660 3.688943
2.538462 2.212766 3.836501
2.538462 2.297872 3.984059
2.538462 2.382979 4.131617
2.538462 2.468085 4.279174
2.538462 2.553191 4.426732
2.538462 2.638298 4.574290
2.538462 2.723404 4.721848
2.538462 2.808511 4.869405
2.538462 2.893617 5.016963
2.538462 2.978723 5.164521
2.538462 3.063830 5.312078
2.538462 3.148936 5.459636
2.538462 3.234043 5.607194
2.538462 3.319149 5.754752
2.538462 3.404255 5.902309
2.538462 3.489362 6.049867
2.538462 3.574468 6.197425
2.538462 3.659574 6.344983
2.538462 3.744681 6.492540
2.538462 3.829787 6.640098
2.538462 3.914894 6.787656
2.538462 4.000000 0.000000
2.615385 0.000000 0.000000
2.615385 0.085106 0.152029
2.615385 0.170213 0.304058
2.615385 0.255319 0.456088
2.615385 0.340426 0.608117
2.615385 0.425532 0.760146
2.615385 0.510638 0.912175
2.615385 0.595745 1.064204
2.615385 0.680851 1.216233
2.615385 0.765957 1.368263
2.615385 0.851064 1.520292
2.615385 0.936170 1.672321
2.615385 1.021277 1.824350
2.615385 1.106383 1.976379
2.615385 1.191489 2.128409
2.615385 1.276596 2.280438
2.615385 1.361702 2.432467
2.615385 1.446809 2.584496
2.615385 1.531915 2.736525
2.615385 1.617021 2.888554
2.615385 1.702128 3.040584
2.615385 1.787234 3.192613
2.615385 1.872340 3.344642
2.615385 1.957447 3.496671
2.615385 2.042553 3.648700
2.615385 2.127660 3.800730
2.615385 2.212766 3.952759
2.615385 2.297872 4.104788
2.615385 2.382979 4.256817
2.615385 2.468085 4.408846
2.615385 2.553191 4.560875
2.615385 2.638298 4.712905
2.615385 2.723404 4.864934
2.615385 2.808511 5.016963
2.615385 2.893617 5.168992
2.615385 2.978723 5.321021
2.615385 3.063830 5.473051
2.615385 3.148936 5.625080
2.615385 3.234043 5.777109
2.615385 3.319149 5.929138
2.615385 3.404255 6.081167
2.615385 3.489362 6.233196
2.615385 3.574468 6.385226
2.615385 3.659574 6.537255
2.615385 3.744681 6.689284
2.615385 3.829787 6.841313
2.615385 3.914894 6.993342
2.615385 4.000000 0.000000
2.692308 0.000000 0.000000
2.692308 0.085106 0.156501
2.692308 0.170213 0.313001
2.692308 0.255319 0.469502
2.692308 0.340426 0.626003
2.692308 0.425532 0.782503
2.692308 0.510638 0.939004
2.692308 0.595745 1.095504
2.692308 0.680851 1.252005
2.692308 0.765957 1.408506
2.692308 0.851064 1.565006
2.692308 0.936170 1.721507
2.692308 1.021277 1.878008
2.692308 1.106383 2.034508
2.692308 1.191489 2.191009
2.692308 1.276596 2.347509
2.692308 1.361702 2.504010
2.692308 1.446809 2.660511
2.692308 1.531915 2.817011
2.692308 1.617021 2.973512
2.692308 1.702128 3.130013
2.692308 1.787234 3.286513
2.692308 1.872340 3.443014
2.692308 1.957447 3.599514
2.692308 2.042553 3.756015
2.692308 2.127660 3.912516
2.692308 2.212766 4.069016
2.692308 2.297872 4.225517
2.692308 2.382979 4.382018
2.692308 2.468085 4.538518
2.692308 2.553191 4.695019
2.692308 2.638298 4.851519
2.692308 2.723404 5.008020
2.692308 2.808511 5.164521
2.692308 2.893617 5.321021
2.692308 2.978723 5.477522
2.692308 3.063830 5.634023
2.692308 3.148936 5.790523
2.692308 3.234043 5.947024
2.692308 3.319149 6.103524
2.692308 3.404255 6.260025
2.692308 3.489362 6.416526
2.692308 3.574468 6.573026
2.692308 3.659574 6.729527
2.692308 3.744681 6.886028
2.692308 3.829787 7.042528
2.692308 3.914894 7.199029
2.692308 4.000000 0.000000
2.769231 0.000000 0.000000
2.769231 0.085106 0.160972
2.769231 0.170213 0.321944
2.769231 0.255319 0.482916
2.769231 0.340426 0.643888
2.769231 0.425532 0.804860
2.769231 0.510638 0.965832
2.769231 0.595745 1.126805
2.769231 0.680851 1.287777
2.769231 0.765957 1.448749
2.769231 0.851064 1.609721
2.769231 0.936170 1.770693
2.769231 1.021277 1.931665
2.769231 1.106383 2.092637
2.769231 1.191489 2.253609
2.769231 1.276596 2.414581
2.769231 1.361702 2.575553
2.769231 1.446809 2.736525
2.769231 1.531915 2.897497
2.769231 1.617021 3.058469
2.769231 1.702128 3.219441
2.769231 1.787234 3.380414
2.769231 1.872340 3.541386
2.769231 1.957447 3.702358
2.769231 2.042553 3.863330
2.769231 2.127660 4.024302
2.769231 2.212766 4.185274
2.769231 2.297872 4.346246
2.769231 2.382979 4.507218
2.769231 2.468085 4.668190
2.769231 2.553191 4.829162
2.769231 2.638298 4.990134
2.769231 2.723404 5.151106
2.769231 2.808511 5.312078
2.769231 2.893617 5.473051
2.769231 2.978723 5.634023
2.769231 3.063830 5.794995
2.769231 3.148936 5.955967
2.769231 3.234043 6.116939
2.769231 3.319149 6.277911
2.769231 3.404255 6.438883
2.769231 3.489362 6.599855
2.769231 3.574468 6.760827
2.769231 3.659574 6.921799
2.769231 3.744681 7.082771
2.769231 3.829787 7.243743
2.769231 3.914894 7.404715
2.769231 4.000000 0.000000
2.846154 0.000000 0.000000
2.846154 0.085106 0.165444
2.846154 0.170213 0.330887
2.846154 0.255319 0.496331
2.846154 0.340426 0.661774
2.846154 0.425532 0.827218
2.846154 0.510638 0.992661
2.846154 0.595745 1.158105
2.846154 0.680851 1.323548
2.846154 0.765957 1.488992
2.846154 0.851064 1.654435
2.846154 0.936170 1.819879
2.846154 1.021277 1.985322
2.846154 1.106383 2.150766
2.846154 1.191489 2.316209
2.846154 1.276596 2.481653
2.846154 1.361702 2.647096
2.846154 1.446809 2.812540
2.846154 1.531915 2.977983
2.846154 1.617021 3.143427
2.846154 1.702128 3.308870
2.846154 1.787234 3.474314
2.846154 1.872340 3.639757
2.846154 1.957447 3.805201
2.846154 2.042553 3.970645
2.846154 2.127660 4.136088
2.846154 2.212766 4.301532
2.846154 2.297872 4.466975
2.846154 2.382979 4.632419
2.846154 2.468085 4.797862
2.846154 2.553191 4.963306
2.846154 2.638298 5.128749
2.846154 2.723404 5.294193
2.846154 2.808511 5.459636
2.846154 2.893617 5.625080
2.846154 2.978723 5.790523
2.846154 3.063830 5.955967
2.846154 3.148936 6.121410
2.846154 3.234043 6.286854
2.846154 3.319149 6.452297
2.846154 3.404255 6.617741
2.846154 3.489362 6.783184
2.846154 3.574468 6.948628
2.846154 3.659574 7.114071
2.846154 3.744681 7.279515
2.846154 3.829787 7.444958
2.846154 3.914894 7.610402
2.846154 4.000000 0.000000
2.923077 0.000000 0.000000
2.923077 0.085106 0.169915
2.923077 0.170213 0.339830
2.923077 0.255319 0.509745
2.923077 0.340426 0.679660
2.923077 0.425532 0.849575
2.923077 0.510638 1.019490
2.923077 0.595745 1.189405
2.923077 0.680851 1.359320
2.923077 0.765957 1.529235
2.923077 0.851064 1.699150
2.923077 0.936170 1.869065
2.923077 1.021277 2.038980
2.923077 1.106383 2.208895
2.923077 1.191489 2.378810
2.923077 1.276596 2.548725
2.923077 1.361702 2.718639
2.923077 1.446809 2.888554
2.923077 1.531915 3.058469
2.923077 1.617021 3.228384
2.923077 1.702128 3.398299
2.923077 1.787234 3.568214
2.923077 1.872340 3.738129
2.923077 1.957447 3.908044
2.923077 2.042553 4.077959
2.923077 2.127660 4.247874
2.923077 2.212766 4.417789
2.923077 2.297872 4.587704
2.923077 2.382979 4.757619
2.923077 2.468085 4.927534
2.923077 2.553191 5.097449
2.923077 2.638298 5.267364
2.923077 2.723404 5.437279
2.923077 2.808511 5.607194
2.923077 2.893617 5.777109
2.923077 2.978723 5.947024
2.923077 3.063830 6.116939
2.923077 3.148936 6.286854
2.923077 3.234043 6.456769
2.923077 3.319149 6.626684
2.923077 3.404255 6.796599
2.923077 3.489362 6.966514
2.923077 3.574468 7.136429
2.923077 3.659574 7.306344
2.923077 3.744681 7.476259
2.923077 3.829787 7.646174
2.923077 3.914894 7.816089
2.923077 4.000000 0.000000
3.000000 0.000000 0.000000
3.000000 0.085106 0.000000
3.000000 0.170213 0.000000
3.000000 0.255319 0.000000
3.000000 0.340426 0.000000
3.000000 0.425532 0.000000
3.000000 0.510638 0.000000
3.000000 0.595745 0.000000
3.000000 0.680851 0.000000
3.000000 0.765957 0.000000
3.000000 0.851064 0.000000
3.000000 0.936170 0.000000
3.000000 1.021277 0.000000
3.000000 1.106383 0.000000
3.000000 1.191489 0.000000
3.000000 1.276596 0.000000
3.000000 1.361702 0.000000
3.000000 1.446809 0.000000
3.000000 1.531915 0.000000
3.000000 1.617021 0.000000
3.000000 1.702128 0.000000
3.000000 1.787234 0.000000
3.000000 1.872340 0.000000
3.000000 1.957447 0.000000
3.000000 2.042553 0.000000
3.000000 2.127660 0.000000
3.000000 2.212766 0.000000
3.000000 2.297872 0.000000
3.000000 2.382979 0.000000
3.000000 2.468085 0.000000
3.000000 2.553191 0.000000
3.000000 2.638298 0.000000
3.000000 2.723404 0.000000
3.000000 2.808511 0.000000
3.000000 2.893617 0.000000
3.000000 2.978723 0.000000
3.000000 3.063830 0.000000
3.000000 3.148936 0.000000
3.000000 3.234043 0.000000
3.000000 3.319149 0.000000
3.000000 3.404255 0.000000
3.000000 3.489362 0.000000
3.000000 3.574468 0.000000
3.000000 3.659574 0.000000
3.000000 3.744681 0.000000
3.000000 3.829787 0.000000
3.000000 3.914894 0.000000
3.000000 4.000000 0.000000
