0.040541 0.250000 0.006419
0.040541 0.750000 0.017467
0.040541 1.250000 0.028514
0.040541 1.750000 0.039562
0.121622 0.250000 0.008211
0.121622 0.750000 0.019258
0.121622 1.250000 0.030306
0.121622 1.750000 0.041353
0.202703 0.250000 0.010002
0.202703 0.750000 0.021050
0.202703 1.250000 0.032097
0.202703 1.750000 0.043145
0.283784 0.250000 0.011794
0.283784 0.750000 0.022841
0.283784 1.250000 0.033889
0.283784 1.750000 0.044936
0.364865 0.250000 0.013585
0.364865 0.750000 0.024633
0.364865 1.250000 0.035680
0.364865 1.750000 0.046728
0.445946 0.250000 0.015377
0.445946 0.750000 0.026424
0.445946 1.250000 0.037472
0.445946 1.750000 0.048519
0.527027 0.250000 0.017168
0.527027 0.750000 0.028216
0.527027 1.250000 0.039263
0.527027 1.750000 0.050311
0.608108 0.250000 0.018960
0.608108 0.750000 0.030007
0.608108 1.250000 0.041055
0.608108 1.750000 0.052102
0.689189 0.250000 0.020751
0.689189 0.750000 0.031799
0.689189 1.250000 0.042846
0.689189 1.750000 0.053894
0.770270 0.250000 0.022543
0.770270 0.750000 0.033590
0.770270 1.250000 0.044638
0.770270 1.750000 0.055685
0.851351 0.250000 0.024334
0.851351 0.750000 0.035382
0.851351 1.250000 0.046429
0.851351 1.750000 0.057477
0.932432 0.250000 0.026126
0.932432 0.750000 0.037173
0.932432 1.250000 0.048221
0.932432 1.750000 0.059268
1.013514 0.250000 0.027917
1.013514 0.750000 0.038965
1.013514 1.250000 0.050012
1.013514 1.750000 0.061060
1.094595 0.250000 0.029709
1.094595 0.750000 0.040756
1.094595 1.250000 0.051804
1.094595 1.750000 0.062851
1.175676 0.250000 0.031500
1.175676 0.750000 0.042548
1.175676 1.250000 0.053595
1.175676 1.750000 0.064643
1.256757 0.250000 0.033292
1.256757 0.750000 0.044339
1.256757 1.250000 0.055387
1.256757 1.750000 0.066434
1.337838 0.250000 0.035083
1.337838 0.750000 0.046131
1.337838 1.250000 0.057178
1.337838 1.750000 0.068226
1.418919 0.250000 0.036875
1.418919 0.750000 0.047922
1.418919 1.250000 0.058970
1.418919 1.750000 0.070017
1.500000 0.250000 0.038666
1.500000 0.750000 0.049714
1.500000 1.250000 0.060761
1.500000 1.750000 0.071809
1.581081 0.250000 0.040458
1.581081 0.750000 0.051505
1.581081 1.250000 0.062553
1.581081 1.750000 0.073600
1.662162 0.250000 0.042249
1.662162 0.750000 0.053297
1.662162 1.250000 0.064344
1.662162 1.750000 0.075391
1.743243 0.250000 0.044041
1.743243 0.750000 0.055088
1.743243 1.250000 0.066135
1.743243 1.750000 0.077183
1.824324 0.250000 0.045832
1.824324 0.750000 0.056880
1.824324 1.250000 0.067927
1.824324 1.750000 0.078974
1.905405 0.250000 0.047624
1.905405 0.750000 0.058671
1.905405 1.250000 0.069718
1.905405 1.750000 0.080766
1.986486 0.250000 0.049415
1.986486 0.750000 0.060462
1.986486 1.250000 0.071510
1.986486 1.750000 0.082557
2.067568 0.250000 0.051206
2.067568 0.750000 0.062254
2.067568 1.250000 0.073301
2.067568 1.750000 0.084349
2.148649 0.250000 0.052998
2.148649 0.750000 0.064045
2.148649 1.250000 0.075093
2.148649 1.750000 0.086140
2.229730 0.250000 0.054789
2.229730 0.750000 0.065837
2.229730 1.250000 0.076884
2.229730 1.750000 0.087932
2.310811 0.250000 0.056581
2.310811 0.750000 0.067628
2.310811 1.250000 0.078676
2.310811 1.750000 0.089723
2.391892 0.250000 0.058372
2.391892 0.750000 0.069420
2.391892 1.250000 0.080467
2.391892 1.750000 0.091515
2.472973 0.250000 0.060164
2.472973 0.750000 0.071211
2.472973 1.250000 0.082259
2.472973 1.750000 0.093306
2.554054 0.250000 0.061955
2.554054 0.750000 0.073003
2.554054 1.250000 0.084050
2.554054 1.750000 0.095098
2.635135 0.250000 0.063747
2.635135 0.750000 0.074794
2.635135 1.250000 0.085842
2.635135 1.750000 0.096889
2.716216 0.250000 0.065538
2.716216 0.750000 0.076586
2.716216 1.250000 0.087633
2.716216 1.750000 0.098681
2.797297 0.250000 0.067330
2.797297 0.750000 0.078377
2.797297 1.250000 0.089425
2.797297 1.750000 0.100472
2.878378 0.250000 0.069121
2.878378 0.750000 0.080169
2.878378 1.250000 0.091216
2.878378 1.750000 0.102264
2.959459 0.250000 0.070913
2.959459 0.750000 0.081960
2.959459 1.250000 0.093008
2.959459 1.750000 0.104055
