0.040541 0.250000 0.005836
0.040541 0.750000 0.015879
0.040541 1.250000 0.025922
0.040541 1.750000 0.035965
0.121622 0.250000 0.007465
0.121622 0.750000 0.017508
0.121622 1.250000 0.027551
0.121622 1.750000 0.037594
0.202703 0.250000 0.009093
0.202703 0.750000 0.019136
0.202703 1.250000 0.029179
0.202703 1.750000 0.039223
0.283784 0.250000 0.010722
0.283784 0.750000 0.020765
0.283784 1.250000 0.030808
0.283784 1.750000 0.040851
0.364865 0.250000 0.012350
0.364865 0.750000 0.022394
0.364865 1.250000 0.032437
0.364865 1.750000 0.042480
0.445946 0.250000 0.013979
0.445946 0.750000 0.024022
0.445946 1.250000 0.034065
0.445946 1.750000 0.044108
0.527027 0.250000 0.015608
0.527027 0.750000 0.025651
0.527027 1.250000 0.035694
0.527027 1.750000 0.045737
0.608108 0.250000 0.017236
0.608108 0.750000 0.027279
0.608108 1.250000 0.037323
0.608108 1.750000 0.047366
0.689189 0.250000 0.018865
0.689189 0.750000 0.028908
0.689189 1.250000 0.038951
0.689189 1.750000 0.048994
0.770270 0.250000 0.020493
0.770270 0.750000 0.030537
0.770270 1.250000 0.040580
0.770270 1.750000 0.050623
0.851351 0.250000 0.022122
0.851351 0.750000 0.032165
0.851351 1.250000 0.042208
0.851351 1.750000 0.052252
0.932432 0.250000 0.023751
0.932432 0.750000 0.033794
0.932432 1.250000 0.043837
0.932432 1.750000 0.053880
1.013514 0.250000 0.025379
1.013514 0.750000 0.035422
1.013514 1.250000 0.045466
1.013514 1.750000 0.055509
1.094595 0.250000 0.027008
1.094595 0.750000 0.037051
1.094595 1.250000 0.047094
1.094595 1.750000 0.057137
1.175676 0.250000 0.028637
1.175676 0.750000 0.038680
1.175676 1.250000 0.048723
1.175676 1.750000 0.058766
1.256757 0.250000 0.030265
1.256757 0.750000 0.040308
1.256757 1.250000 0.050351
1.256757 1.750000 0.060395
1.337838 0.250000 0.031894
1.337838 0.750000 0.041937
1.337838 1.250000 0.051980
1.337838 1.750000 0.062023
1.418919 0.250000 0.033522
1.418919 0.750000 0.043566
1.418919 1.250000 0.053609
1.418919 1.750000 0.063652
1.500000 0.250000 0.035151
1.500000 0.750000 0.045194
1.500000 1.250000 0.055237
1.500000 1.750000 0.065280
1.581081 0.250000 0.036780
1.581081 0.750000 0.046823
1.581081 1.250000 0.056866
1.581081 1.750000 0.066909
1.662162 0.250000 0.038408
1.662162 0.750000 0.048451
1.662162 1.250000 0.058495
1.662162 1.750000 0.068538
1.743243 0.250000 0.040037
1.743243 0.750000 0.050080
1.743243 1.250000 0.060123
1.743243 1.750000 0.070166
1.824324 0.250000 0.041665
1.824324 0.750000 0.051709
1.824324 1.250000 0.061752
1.824324 1.750000 0.071795
1.905405 0.250000 0.043294
1.905405 0.750000 0.053337
1.905405 1.250000 0.063380
1.905405 1.750000 0.073424
1.986486 0.250000 0.044923
1.986486 0.750000 0.054966
1.986486 1.250000 0.065009
1.986486 1.750000 0.075052
2.067568 0.250000 0.046551
2.067568 0.750000 0.056595
2.067568 1.250000 0.066638
2.067568 1.750000 0.076681
2.148649 0.250000 0.048180
2.148649 0.750000 0.058223
2.148649 1.250000 0.068266
2.148649 1.750000 0.078309
2.229730 0.250000 0.049809
2.229730 0.750000 0.059852
2.229730 1.250000 0.069895
2.229730 1.750000 0.079938
2.310811 0.250000 0.051437
2.310811 0.750000 0.061480
2.310811 1.250000 0.071524
2.310811 1.750000 0.081567
2.391892 0.250000 0.053066
2.391892 0.750000 0.063109
2.391892 1.250000 0.073152
2.391892 1.750000 0.083195
2.472973 0.250000 0.054694
2.472973 0.750000 0.064738
2.472973 1.250000 0.074781
2.472973 1.750000 0.084824
2.554054 0.250000 0.056323
2.554054 0.750000 0.066366
2.554054 1.250000 0.076409
2.554054 1.750000 0.086453
2.635135 0.250000 0.057952
2.635135 0.750000 0.067995
2.635135 1.250000 0.078038
2.635135 1.750000 0.088081
2.716216 0.250000 0.059580
2.716216 0.750000 0.069623
2.716216 1.250000 0.079667
2.716216 1.750000 0.089710
2.797297 0.250000 0.061209
2.797297 0.750000 0.071252
2.797297 1.250000 0.081295
2.797297 1.750000 0.091338
2.878378 0.250000 0.062838
2.878378 0.750000 0.072881
2.878378 1.250000 0.082924
2.878378 1.750000 0.092967
2.959459 0.250000 0.064466
2.959459 0.750000 0.074509
2.959459 1.250000 0.084552
2.959459 1.750000 0.094596
