0.040541 0.250000 0.005305
0.040541 0.750000 0.014435
0.040541 1.250000 0.023566
0.040541 1.750000 0.032696
0.121622 0.250000 0.006786
0.121622 0.750000 0.015916
0.121622 1.250000 0.025046
0.121622 1.750000 0.034176
0.202703 0.250000 0.008266
0.202703 0.750000 0.017397
0.202703 1.250000 0.026527
0.202703 1.750000 0.035657
0.283784 0.250000 0.009747
0.283784 0.750000 0.018877
0.283784 1.250000 0.028007
0.283784 1.750000 0.037137
0.364865 0.250000 0.011228
0.364865 0.750000 0.020358
0.364865 1.250000 0.029488
0.364865 1.750000 0.038618
0.445946 0.250000 0.012708
0.445946 0.750000 0.021838
0.445946 1.250000 0.030968
0.445946 1.750000 0.040099
0.527027 0.250000 0.014189
0.527027 0.750000 0.023319
0.527027 1.250000 0.032449
0.527027 1.750000 0.041579
0.608108 0.250000 0.015669
0.608108 0.750000 0.024799
0.608108 1.250000 0.033930
0.608108 1.750000 0.043060
0.689189 0.250000 0.017150
0.689189 0.750000 0.026280
0.689189 1.250000 0.035410
0.689189 1.750000 0.044540
0.770270 0.250000 0.018630
0.770270 0.750000 0.027761
0.770270 1.250000 0.036891
0.770270 1.750000 0.046021
0.851351 0.250000 0.020111
0.851351 0.750000 0.029241
0.851351 1.250000 0.038371
0.851351 1.750000 0.047501
0.932432 0.250000 0.021592
0.932432 0.750000 0.030722
0.932432 1.250000 0.039852
0.932432 1.750000 0.048982
1.013514 0.250000 0.023072
1.013514 0.750000 0.032202
1.013514 1.250000 0.041332
1.013514 1.750000 0.050463
1.094595 0.250000 0.024553
1.094595 0.750000 0.033683
1.094595 1.250000 0.042813
1.094595 1.750000 0.051943
1.175676 0.250000 0.026033
1.175676 0.750000 0.035163
1.175676 1.250000 0.044293
1.175676 1.750000 0.053424
1.256757 0.250000 0.027514
1.256757 0.750000 0.036644
1.256757 1.250000 0.045774
1.256757 1.750000 0.054904
1.337838 0.250000 0.028994
1.337838 0.750000 0.038124
1.337838 1.250000 0.047255
1.337838 1.750000 0.056385
1.418919 0.250000 0.030475
1.418919 0.750000 0.039605
1.418919 1.250000 0.048735
1.418919 1.750000 0.057865
1.500000 0.250000 0.031955
1.500000 0.750000 0.041086
1.500000 1.250000 0.050216
1.500000 1.750000 0.059346
1.581081 0.250000 0.033436
1.581081 0.750000 0.042566
1.581081 1.250000 0.051696
1.581081 1.750000 0.060826
1.662162 0.250000 0.034917
1.662162 0.750000 0.044047
1.662162 1.250000 0.053177
1.662162 1.750000 0.062307
1.743243 0.250000 0.036397
1.743243 0.750000 0.045527
1.743243 1.250000 0.054657
1.743243 1.750000 0.063788
1.824324 0.250000 0.037878
1.824324 0.750000 0.047008
1.824324 1.250000 0.056138
1.824324 1.750000 0.065268
1.905405 0.250000 0.039358
1.905405 0.750000 0.048488
1.905405 1.250000 0.057619
1.905405 1.750000 0.066749
1.986486 0.250000 0.040839
1.986486 0.750000 0.049969
1.986486 1.250000 0.059099
1.986486 1.750000 0.068229
2.067568 0.250000 0.042319
2.067568 0.750000 0.051450
2.067568 1.250000 0.060580
2.067568 1.750000 0.069710
2.148649 0.250000 0.043800
2.148649 0.750000 0.052930
2.148649 1.250000 0.062060
2.148649 1.750000 0.071190
2.229730 0.250000 0.045281
2.229730 0.750000 0.054411
2.229730 1.250000 0.063541
2.229730 1.750000 0.072671
2.310811 0.250000 0.046761
2.310811 0.750000 0.055891
2.310811 1.250000 0.065021
2.310811 1.750000 0.074152
2.391892 0.250000 0.048242
2.391892 0.750000 0.057372
2.391892 1.250000 0.066502
2.391892 1.750000 0.075632
2.472973 0.250000 0.049722
2.472973 0.750000 0.058852
2.472973 1.250000 0.067982
2.472973 1.750000 0.077113
2.554054 0.250000 0.051203
2.554054 0.750000 0.060333
2.554054 1.250000 0.069463
2.554054 1.750000 0.078593
2.635135 0.250000 0.052683
2.635135 0.750000 0.061813
2.635135 1.250000 0.070944
2.635135 1.750000 0.080074
2.716216 0.250000 0.054164
2.716216 0.750000 0.063294
2.716216 1.250000 0.072424
2.716216 1.750000 0.081554
2.797297 0.250000 0.055644
2.797297 0.750000 0.064775
2.797297 1.250000 0.073905
2.797297 1.750000 0.083035
2.878378 0.250000 0.057125
2.878378 0.750000 0.066255
2.878378 1.250000 0.075385
2.878378 1.750000 0.084515
2.959459 0.250000 0.058606
2.959459 0.750000 0.067736
2.959459 1.250000 0.076866
2.959459 1.750000 0.085996
