0.040541 0.333333 0.006206
0.040541 1.000000 0.017273
0.040541 1.666667 0.028340
0.121622 0.333333 0.007552
0.121622 1.000000 0.018619
0.121622 1.666667 0.029686
0.202703 0.333333 0.008898
0.202703 1.000000 0.019965
0.202703 1.666667 0.031032
0.283784 0.333333 0.010244
0.283784 1.000000 0.021311
0.283784 1.666667 0.032378
0.364865 0.333333 0.011590
0.364865 1.000000 0.022657
0.364865 1.666667 0.033724
0.445946 0.333333 0.012936
0.445946 1.000000 0.024003
0.445946 1.666667 0.035070
0.527027 0.333333 0.014282
0.527027 1.000000 0.025349
0.527027 1.666667 0.036416
0.608108 0.333333 0.015628
0.608108 1.000000 0.026695
0.608108 1.666667 0.037762
0.689189 0.333333 0.016974
0.689189 1.000000 0.028041
0.689189 1.666667 0.039108
0.770270 0.333333 0.018320
0.770270 1.000000 0.029387
0.770270 1.666667 0.040454
0.851351 0.333333 0.019666
0.851351 1.000000 0.030733
0.851351 1.666667 0.041800
0.932432 0.333333 0.021012
0.932432 1.000000 0.032079
0.932432 1.666667 0.043146
1.013514 0.333333 0.022358
1.013514 1.000000 0.033425
1.013514 1.666667 0.044492
1.094595 0.333333 0.023704
1.094595 1.000000 0.034771
1.094595 1.666667 0.045838
1.175676 0.333333 0.025050
1.175676 1.000000 0.036117
1.175676 1.666667 0.047184
1.256757 0.333333 0.026396
1.256757 1.000000 0.037463
1.256757 1.666667 0.048530
1.337838 0.333333 0.027742
1.337838 1.000000 0.038809
1.337838 1.666667 0.049876
1.418919 0.333333 0.029088
1.418919 1.000000 0.040155
1.418919 1.666667 0.051221
1.500000 0.333333 0.030434
1.500000 1.000000 0.041501
1.500000 1.666667 0.052567
1.581081 0.333333 0.031780
1.581081 1.000000 0.042847
1.581081 1.666667 0.053913
1.662162 0.333333 0.033126
1.662162 1.000000 0.044193
1.662162 1.666667 0.055259
1.743243 0.333333 0.034472
1.743243 1.000000 0.045539
1.743243 1.666667 0.056605
1.824324 0.333333 0.035818
1.824324 1.000000 0.046884
1.824324 1.666667 0.057951
1.905405 0.333333 0.037164
1.905405 1.000000 0.048230
1.905405 1.666667 0.059297
1.986486 0.333333 0.038510
1.986486 1.000000 0.049576
1.986486 1.666667 0.060643
2.067568 0.333333 0.039856
2.067568 1.000000 0.050922
2.067568 1.666667 0.061989
2.148649 0.333333 0.041202
2.148649 1.000000 0.052268
2.148649 1.666667 0.063335
2.229730 0.333333 0.042547
2.229730 1.000000 0.053614
2.229730 1.666667 0.064681
2.310811 0.333333 0.043893
2.310811 1.000000 0.054960
2.310811 1.666667 0.066027
2.391892 0.333333 0.045239
2.391892 1.000000 0.056306
2.391892 1.666667 0.067373
2.472973 0.333333 0.046585
2.472973 1.000000 0.057652
2.472973 1.666667 0.068719
2.554054 0.333333 0.047931
2.554054 1.000000 0.058998
2.554054 1.666667 0.070065
2.635135 0.333333 0.049277
2.635135 1.000000 0.060344
2.635135 1.666667 0.071411
2.716216 0.333333 0.050623
2.716216 1.000000 0.061690
2.716216 1.666667 0.072757
2.797297 0.333333 0.051969
2.797297 1.000000 0.063036
2.797297 1.666667 0.074103
2.878378 0.333333 0.053315
2.878378 1.000000 0.064382
2.878378 1.666667 0.075449
2.959459 0.333333 0.054661
2.959459 1.000000 0.065728
2.959459 1.666667 0.076795
