0.040541 0.333333 0.005642
0.040541 1.000000 0.015703
0.040541 1.666667 0.025764
0.121622 0.333333 0.006866
0.121622 1.000000 0.016927
0.121622 1.666667 0.026987
0.202703 0.333333 0.008089
0.202703 1.000000 0.018150
0.202703 1.666667 0.028211
0.283784 0.333333 0.009313
0.283784 1.000000 0.019374
0.283784 1.666667 0.029435
0.364865 0.333333 0.010537
0.364865 1.000000 0.020597
0.364865 1.666667 0.030658
0.445946 0.333333 0.011760
0.445946 1.000000 0.021821
0.445946 1.666667 0.031882
0.527027 0.333333 0.012984
0.527027 1.000000 0.023045
0.527027 1.666667 0.033105
0.608108 0.333333 0.014207
0.608108 1.000000 0.024268
0.608108 1.666667 0.034329
0.689189 0.333333 0.015431
0.689189 1.000000 0.025492
0.689189 1.666667 0.035553
0.770270 0.333333 0.016655
0.770270 1.000000 0.026715
0.770270 1.666667 0.036776
0.851351 0.333333 0.017878
0.851351 1.000000 0.027939
0.851351 1.666667 0.038000
0.932432 0.333333 0.019102
0.932432 1.000000 0.029163
0.932432 1.666667 0.039223
1.013514 0.333333 0.020325
1.013514 1.000000 0.030386
1.013514 1.666667 0.040447
1.094595 0.333333 0.021549
1.094595 1.000000 0.031610
1.094595 1.666667 0.041671
1.175676 0.333333 0.022773
1.175676 1.000000 0.032833
1.175676 1.666667 0.042894
1.256757 0.333333 0.023996
1.256757 1.000000 0.034057
1.256757 1.666667 0.044118
1.337838 0.333333 0.025220
1.337838 1.000000 0.035281
1.337838 1.666667 0.045341
1.418919 0.333333 0.026443
1.418919 1.000000 0.036504
1.418919 1.666667 0.046565
1.500000 0.333333 0.027667
1.500000 1.000000 0.037728
1.500000 1.666667 0.047789
1.581081 0.333333 0.028891
1.581081 1.000000 0.038951
1.581081 1.666667 0.049012
1.662162 0.333333 0.030114
1.662162 1.000000 0.040175
1.662162 1.666667 0.050236
1.743243 0.333333 0.031338
1.743243 1.000000 0.041399
1.743243 1.666667 0.051459
1.824324 0.333333 0.032561
1.824324 1.000000 0.042622
1.824324 1.666667 0.052683
1.905405 0.333333 0.033785
1.905405 1.000000 0.043846
1.905405 1.666667 0.053907
1.986486 0.333333 0.035009
1.986486 1.000000 0.045069
1.986486 1.666667 0.055130
2.067568 0.333333 0.036232
2.067568 1.000000 0.046293
2.067568 1.666667 0.056354
2.148649 0.333333 0.037456
2.148649 1.000000 0.047517
2.148649 1.666667 0.057577
2.229730 0.333333 0.038680
2.229730 1.000000 0.048740
2.229730 1.666667 0.058801
2.310811 0.333333 0.039903
2.310811 1.000000 0.049964
2.310811 1.666667 0.060025
2.391892 0.333333 0.041127
2.391892 1.000000 0.051187
2.391892 1.666667 0.061248
2.472973 0.333333 0.042350
2.472973 1.000000 0.052411
2.472973 1.666667 0.062472
2.554054 0.333333 0.043574
2.554054 1.000000 0.053635
2.554054 1.666667 0.063695
2.635135 0.333333 0.044798
2.635135 1.000000 0.054858
2.635135 1.666667 0.064919
2.716216 0.333333 0.046021
2.716216 1.000000 0.056082
2.716216 1.666667 0.066143
2.797297 0.333333 0.047245
2.797297 1.000000 0.057306
2.797297 1.666667 0.067366
2.878378 0.333333 0.048468
2.878378 1.000000 0.058529
2.878378 1.666667 0.068590
2.959459 0.333333 0.049692
2.959459 1.000000 0.059753
2.959459 1.666667 0.069813
