0.040541 0.333333 0.005129
0.040541 1.000000 0.014275
0.040541 1.666667 0.023422
0.121622 0.333333 0.006242
0.121622 1.000000 0.015388
0.121622 1.666667 0.024534
0.202703 0.333333 0.007354
0.202703 1.000000 0.016500
0.202703 1.666667 0.025646
0.283784 0.333333 0.008466
0.283784 1.000000 0.017613
0.283784 1.666667 0.026759
0.364865 0.333333 0.009579
0.364865 1.000000 0.018725
0.364865 1.666667 0.027871
0.445946 0.333333 0.010691
0.445946 1.000000 0.019837
0.445946 1.666667 0.028983
0.527027 0.333333 0.011803
0.527027 1.000000 0.020950
0.527027 1.666667 0.030096
0.608108 0.333333 0.012916
0.608108 1.000000 0.022062
0.608108 1.666667 0.031208
0.689189 0.333333 0.014028
0.689189 1.000000 0.023174
0.689189 1.666667 0.032320
0.770270 0.333333 0.015141
0.770270 1.000000 0.024287
0.770270 1.666667 0.033433
0.851351 0.333333 0.016253
0.851351 1.000000 0.025399
0.851351 1.666667 0.034545
0.932432 0.333333 0.017365
0.932432 1.000000 0.026511
0.932432 1.666667 0.035658
1.013514 0.333333 0.018478
1.013514 1.000000 0.027624
1.013514 1.666667 0.036770
1.094595 0.333333 0.019590
1.094595 1.000000 0.028736
1.094595 1.666667 0.037882
1.175676 0.333333 0.020702
1.175676 1.000000 0.029849
1.175676 1.666667 0.038995
1.256757 0.333333 0.021815
1.256757 1.000000 0.030961
1.256757 1.666667 0.040107
1.337838 0.333333 0.022927
1.337838 1.000000 0.032073
1.337838 1.666667 0.041219
1.418919 0.333333 0.024040
1.418919 1.000000 0.033186
1.418919 1.666667 0.042332
1.500000 0.333333 0.025152
1.500000 1.000000 0.034298
1.500000 1.666667 0.043444
1.581081 0.333333 0.026264
1.581081 1.000000 0.035410
1.581081 1.666667 0.044557
1.662162 0.333333 0.027377
1.662162 1.000000 0.036523
1.662162 1.666667 0.045669
1.743243 0.333333 0.028489
1.743243 1.000000 0.037635
1.743243 1.666667 0.046781
1.824324 0.333333 0.029601
1.824324 1.000000 0.038748
1.824324 1.666667 0.047894
1.905405 0.333333 0.030714
1.905405 1.000000 0.039860
1.905405 1.666667 0.049006
1.986486 0.333333 0.031826
1.986486 1.000000 0.040972
1.986486 1.666667 0.050118
2.067568 0.333333 0.032938
2.067568 1.000000 0.042085
2.067568 1.666667 0.051231
2.148649 0.333333 0.034051
2.148649 1.000000 0.043197
2.148649 1.666667 0.052343
2.229730 0.333333 0.035163
2.229730 1.000000 0.044309
2.229730 1.666667 0.053455
2.310811 0.333333 0.036276
2.310811 1.000000 0.045422
2.310811 1.666667 0.054568
2.391892 0.333333 0.037388
2.391892 1.000000 0.046534
2.391892 1.666667 0.055680
2.472973 0.333333 0.038500
2.472973 1.000000 0.047646
2.472973 1.666667 0.056793
2.554054 0.333333 0.039613
2.554054 1.000000 0.048759
2.554054 1.666667 0.057905
2.635135 0.333333 0.040725
2.635135 1.000000 0.049871
2.635135 1.666667 0.059017
2.716216 0.333333 0.041837
2.716216 1.000000 0.050984
2.716216 1.666667 0.060130
2.797297 0.333333 0.042950
2.797297 1.000000 0.052096
2.797297 1.666667 0.061242
2.878378 0.333333 0.044062
2.878378 1.000000 0.053208
2.878378 1.666667 0.062354
2.959459 0.333333 0.045175
2.959459 1.000000 0.054321
2.959459 1.666667 0.063467
