0.040541 0.333333 0.232146
0.040541 1.000000 0.646094
0.040541 1.666667 1.060041
0.121622 0.333333 0.282491
0.121622 1.000000 0.696439
0.121622 1.666667 1.110386
0.202703 0.333333 0.332836
0.202703 1.000000 0.746784
0.202703 1.666667 1.160731
0.283784 0.333333 0.383181
0.283784 1.000000 0.797129
0.283784 1.666667 1.211076
0.364865 0.333333 0.433526
0.364865 1.000000 0.847474
0.364865 1.666667 1.261421
0.445946 0.333333 0.483871
0.445946 1.000000 0.897819
0.445946 1.666667 1.311766
0.527027 0.333333 0.534216
0.527027 1.000000 0.948164
0.527027 1.666667 1.362111
0.608108 0.333333 0.584561
0.608108 1.000000 0.998509
0.608108 1.666667 1.412456
0.689189 0.333333 0.634906
0.689189 1.000000 1.048854
0.689189 1.666667 1.462801
0.770270 0.333333 0.685251
0.770270 1.000000 1.099199
0.770270 1.666667 1.513146
0.851351 0.333333 0.735596
0.851351 1.000000 1.149544
0.851351 1.666667 1.563491
0.932432 0.333333 0.785941
0.932432 1.000000 1.199889
0.932432 1.666667 1.613836
1.013514 0.333333 0.836286
1.013514 1.000000 1.250233
1.013514 1.666667 1.664181
1.094595 0.333333 0.886631
1.094595 1.000000 1.300578
1.094595 1.666667 1.714526
1.175676 0.333333 0.936976
1.175676 1.000000 1.350923
1.175676 1.666667 1.764871
1.256757 0.333333 0.987321
1.256757 1.000000 1.401268
1.256757 1.666667 1.815216
1.337838 0.333333 1.037666
1.337838 1.000000 1.451613
1.337838 1.666667 1.865561
1.418919 0.333333 1.088011
1.418919 1.000000 1.501958
1.418919 1.666667 1.915906
1.500000 0.333333 1.138356
1.500000 1.000000 1.552303
1.500000 1.666667 1.966251
1.581081 0.333333 1.188701
1.581081 1.000000 1.602648
1.581081 1.666667 2.016596
1.662162 0.333333 1.239046
1.662162 1.000000 1.652993
1.662162 1.666667 2.066941
1.743243 0.333333 1.289391
1.743243 1.000000 1.703338
1.743243 1.666667 2.117286
1.824324 0.333333 1.339736
1.824324 1.000000 1.753683
1.824324 1.666667 2.167631
1.905405 0.333333 1.390081
1.905405 1.000000 1.804028
1.905405 1.666667 2.217976
1.986486 0.333333 1.440426
1.986486 1.000000 1.854373
1.986486 1.666667 2.268321
2.067568 0.333333 1.490771
2.067568 1.000000 1.904718
2.067568 1.666667 2.318666
2.148649 0.333333 1.541116
2.148649 1.000000 1.955063
2.148649 1.666667 2.369011
2.229730 0.333333 1.591461
2.229730 1.000000 2.005408
2.229730 1.666667 2.419356
2.310811 0.333333 1.641805
2.310811 1.000000 2.055753
2.310811 1.666667 2.469701
2.391892 0.333333 1.692150
2.391892 1.000000 2.106098
2.391892 1.666667 2.520046
2.472973 0.333333 1.742495
2.472973 1.000000 2.156443
2.472973 1.666667 2.570391
2.554054 0.333333 1.792840
2.554054 1.000000 2.206788
2.554054 1.666667 2.620735
2.635135 0.333333 1.843185
2.635135 1.000000 2.257133
2.635135 1.666667 2.671080
2.716216 0.333333 1.893530
2.716216 1.000000 2.307478
2.716216 1.666667 2.721425
2.797297 0.333333 1.943875
2.797297 1.000000 2.357823
2.797297 1.666667 2.771770
2.878378 0.333333 1.994220
2.878378 1.000000 2.408168
2.878378 1.666667 2.822115
2.959459 0.333333 2.044565
2.959459 1.000000 2.458513
2.959459 1.666667 2.872460
