0.000000 0.000000 0.997495
0.000000 0.047619 1.046144
0.000000 0.095238 1.097165
0.000000 0.142857 1.150675
0.000000 0.190476 1.206795
0.000000 0.238095 1.265652
0.000000 0.285714 1.327379
0.000000 0.333333 1.392116
0.000000 0.380952 1.460011
0.000000 0.428571 1.531218
0.000000 0.476190 1.605897
0.000000 0.523810 1.684218
0.000000 0.571429 1.766359
0.000000 0.619048 1.852506
0.000000 0.666667 1.942855
0.000000 0.714286 2.037610
0.000000 0.761905 2.136986
0.000000 0.809524 2.241209
0.000000 0.857143 2.350516
0.000000 0.904762 2.465153
0.000000 0.952381 2.585381
0.000000 1.000000 2.711472
0.500000 0.000000 0.875384
0.500000 0.047619 0.918078
0.500000 0.095238 0.962853
0.500000 0.142857 1.009813
0.500000 0.190476 1.059062
0.500000 0.238095 1.110714
0.500000 0.285714 1.164884
0.500000 0.333333 1.221697
0.500000 0.380952 1.281281
0.500000 0.428571 1.343770
0.500000 0.476190 1.409307
0.500000 0.523810 1.478040
0.500000 0.571429 1.550126
0.500000 0.619048 1.625727
0.500000 0.666667 1.705016
0.500000 0.714286 1.788171
0.500000 0.761905 1.875382
0.500000 0.809524 1.966846
0.500000 0.857143 2.062771
0.500000 0.904762 2.163375
0.500000 0.952381 2.268885
0.500000 1.000000 2.379541
1.000000 0.000000 0.538949
1.000000 0.047619 0.565234
1.000000 0.095238 0.592801
1.000000 0.142857 0.621713
1.000000 0.190476 0.652034
1.000000 0.238095 0.683834
1.000000 0.285714 0.717186
1.000000 0.333333 0.752164
1.000000 0.380952 0.788848
1.000000 0.428571 0.827320
1.000000 0.476190 0.867670
1.000000 0.523810 0.909987
1.000000 0.571429 0.954368
1.000000 0.619048 1.000913
1.000000 0.666667 1.049729
1.000000 0.714286 1.100925
1.000000 0.761905 1.154619
1.000000 0.809524 1.210931
1.000000 0.857143 1.269989
1.000000 0.904762 1.331928
1.000000 0.952381 1.396887
1.000000 1.000000 1.465015
1.500000 0.000000 0.070560
1.500000 0.047619 0.074001
1.500000 0.095238 0.077610
1.500000 0.142857 0.081396
1.500000 0.190476 0.085365
1.500000 0.238095 0.089529
1.500000 0.285714 0.093895
1.500000 0.333333 0.098474
1.500000 0.380952 0.103277
1.500000 0.428571 0.108314
1.500000 0.476190 0.113597
1.500000 0.523810 0.119137
1.500000 0.571429 0.124947
1.500000 0.619048 0.131041
1.500000 0.666667 0.137432
1.500000 0.714286 0.144135
1.500000 0.761905 0.151164
1.500000 0.809524 0.158537
1.500000 0.857143 0.166269
1.500000 0.904762 0.174378
1.500000 0.952381 0.182883
1.500000 1.000000 0.191802
2.000000 0.000000 -0.415104
2.000000 0.047619 -0.435349
2.000000 0.095238 -0.456582
2.000000 0.142857 -0.478850
2.000000 0.190476 -0.502204
2.000000 0.238095 -0.526697
2.000000 0.285714 -0.552384
2.000000 0.333333 -0.579325
2.000000 0.380952 -0.607579
2.000000 0.428571 -0.637211
2.000000 0.476190 -0.668289
2.000000 0.523810 -0.700882
2.000000 0.571429 -0.735065
2.000000 0.619048 -0.770915
2.000000 0.666667 -0.808513
2.000000 0.714286 -0.847945
2.000000 0.761905 -0.889300
2.000000 0.809524 -0.932672
2.000000 0.857143 -0.978160
2.000000 0.904762 -1.025865
2.000000 0.952381 -1.075898
2.000000 1.000000 -1.128371
2.500000 0.000000 -0.799137
2.500000 0.047619 -0.838111
2.500000 0.095238 -0.878987
2.500000 0.142857 -0.921856
2.500000 0.190476 -0.966816
2.500000 0.238095 -1.013969
2.500000 0.285714 -1.063421
2.500000 0.333333 -1.115285
2.500000 0.380952 -1.169679
2.500000 0.428571 -1.226725
2.500000 0.476190 -1.286554
2.500000 0.523810 -1.349301
2.500000 0.571429 -1.415107
2.500000 0.619048 -1.484124
2.500000 0.666667 -1.556506
2.500000 0.714286 -1.632418
2.500000 0.761905 -1.712033
2.500000 0.809524 -1.795531
2.500000 0.857143 -1.883101
2.500000 0.904762 -1.974941
2.500000 0.952381 -2.071261
2.500000 1.000000 -2.172279
3.000000 0.000000 -0.987513
3.000000 0.047619 -1.035675
3.000000 0.095238 -1.086186
3.000000 0.142857 -1.139160
3.000000 0.190476 -1.194718
3.000000 0.238095 -1.252986
3.000000 0.285714 -1.314095
3.000000 0.333333 -1.378185
3.000000 0.380952 -1.445400
3.000000 0.428571 -1.515894
3.000000 0.476190 -1.589826
3.000000 0.523810 -1.667363
3.000000 0.571429 -1.748682
3.000000 0.619048 -1.833967
3.000000 0.666667 -1.923412
3.000000 0.714286 -2.017219
3.000000 0.761905 -2.115600
3.000000 0.809524 -2.218781
3.000000 0.857143 -2.326993
3.000000 0.904762 -2.440483
3.000000 0.952381 -2.559508
3.000000 1.000000 -2.684337
3.500000 0.000000 -0.934111
3.500000 0.047619 -0.979668
3.500000 0.095238 -1.027448
3.500000 0.142857 -1.077558
3.500000 0.190476 -1.130111
3.500000 0.238095 -1.185228
3.500000 0.285714 -1.243033
3.500000 0.333333 -1.303657
3.500000 0.380952 -1.367237
3.500000 0.428571 -1.433919
3.500000 0.476190 -1.503853
3.500000 0.523810 -1.577197
3.500000 0.571429 -1.654119
3.500000 0.619048 -1.734792
3.500000 0.666667 -1.819400
3.500000 0.714286 -1.908134
3.500000 0.761905 -2.001195
3.500000 0.809524 -2.098796
3.500000 0.857143 -2.201156
3.500000 0.904762 -2.308509
3.500000 0.952381 -2.421097
3.500000 1.000000 -2.539177
4.000000 0.000000 -0.652006
4.000000 0.047619 -0.683805
4.000000 0.095238 -0.717155
4.000000 0.142857 -0.752132
4.000000 0.190476 -0.788814
4.000000 0.238095 -0.827285
4.000000 0.285714 -0.867633
4.000000 0.333333 -0.909948
4.000000 0.380952 -0.954327
4.000000 0.428571 -1.000871
4.000000 0.476190 -1.049684
4.000000 0.523810 -1.100878
4.000000 0.571429 -1.154569
4.000000 0.619048 -1.210879
4.000000 0.666667 -1.269935
4.000000 0.714286 -1.331871
4.000000 0.761905 -1.396828
4.000000 0.809524 -1.464952
4.000000 0.857143 -1.536400
4.000000 0.904762 -1.611331
4.000000 0.952381 -1.689918
4.000000 1.000000 -1.772337
4.500000 0.000000 -0.210268
4.500000 0.047619 -0.220523
4.500000 0.095238 -0.231278
4.500000 0.142857 -0.242558
4.500000 0.190476 -0.254387
4.500000 0.238095 -0.266794
4.500000 0.285714 -0.279806
4.500000 0.333333 -0.293452
4.500000 0.380952 -0.307764
4.500000 0.428571 -0.322774
4.500000 0.476190 -0.338516
4.500000 0.523810 -0.355026
4.500000 0.571429 -0.372341
4.500000 0.619048 -0.390501
4.500000 0.666667 -0.409546
4.500000 0.714286 -0.429520
4.500000 0.761905 -0.450468
4.500000 0.809524 -0.472438
4.500000 0.857143 -0.495479
4.500000 0.904762 -0.519644
4.500000 0.952381 -0.544987
4.500000 1.000000 -0.571567
5.000000 0.000000 0.282952
5.000000 0.047619 0.296751
5.000000 0.095238 0.311224
5.000000 0.142857 0.326403
5.000000 0.190476 0.342322
5.000000 0.238095 0.359017
5.000000 0.285714 0.376527
5.000000 0.333333 0.394891
5.000000 0.380952 0.414150
5.000000 0.428571 0.434349
5.000000 0.476190 0.455532
5.000000 0.523810 0.477749
5.000000 0.571429 0.501049
5.000000 0.619048 0.525486
5.000000 0.666667 0.551114
5.000000 0.714286 0.577993
5.000000 0.761905 0.606182
5.000000 0.809524 0.635746
5.000000 0.857143 0.666752
5.000000 0.904762 0.699271
5.000000 0.952381 0.733375
5.000000 1.000000 0.769142
5.500000 0.000000 0.706895
5.500000 0.047619 0.741371
5.500000 0.095238 0.777528
5.500000 0.142857 0.815449
5.500000 0.190476 0.855219
5.500000 0.238095 0.896929
5.500000 0.285714 0.940673
5.500000 0.333333 0.986551
5.500000 0.380952 1.034666
5.500000 0.428571 1.085128
5.500000 0.476190 1.138050
5.500000 0.523810 1.193554
5.500000 0.571429 1.251765
5.500000 0.619048 1.312815
5.500000 0.666667 1.376843
5.500000 0.714286 1.443993
5.500000 0.761905 1.514418
5.500000 0.809524 1.588277
5.500000 0.857143 1.665739
5.500000 0.904762 1.746979
5.500000 0.952381 1.832181
5.500000 1.000000 1.921539
6.000000 0.000000 0.957765
6.000000 0.047619 1.004476
6.000000 0.095238 1.053466
6.000000 0.142857 1.104844
6.000000 0.190476 1.158729
6.000000 0.238095 1.215241
6.000000 0.285714 1.274510
6.000000 0.333333 1.336669
6.000000 0.380952 1.401860
6.000000 0.428571 1.470230
6.000000 0.476190 1.541934
6.000000 0.523810 1.617136
6.000000 0.571429 1.696006
6.000000 0.619048 1.778721
6.000000 0.666667 1.865472
6.000000 0.714286 1.956453
6.000000 0.761905 2.051871
6.000000 0.809524 2.151943
6.000000 0.857143 2.256895
6.000000 0.904762 2.366966
6.000000 0.952381 2.482406
6.000000 1.000000 2.603475
6.500000 0.000000 0.974141
6.500000 0.047619 1.021651
6.500000 0.095238 1.071478
6.500000 0.142857 1.123735
6.500000 0.190476 1.178541
6.500000 0.238095 1.236020
6.500000 0.285714 1.296302
6.500000 0.333333 1.359524
6.500000 0.380952 1.425829
6.500000 0.428571 1.495368
6.500000 0.476190 1.568299
6.500000 0.523810 1.644786
6.500000 0.571429 1.725004
6.500000 0.619048 1.809135
6.500000 0.666667 1.897368
6.500000 0.714286 1.989905
6.500000 0.761905 2.086954
6.500000 0.809524 2.188737
6.500000 0.857143 2.295484
6.500000 0.904762 2.407438
6.500000 0.952381 2.524851
6.500000 1.000000 2.647990
7.000000 0.000000 0.752014
7.000000 0.047619 0.788690
7.000000 0.095238 0.827155
7.000000 0.142857 0.867497
7.000000 0.190476 0.909805
7.000000 0.238095 0.954178
7.000000 0.285714 1.000714
7.000000 0.333333 1.049520
7.000000 0.380952 1.100706
7.000000 0.428571 1.154388
7.000000 0.476190 1.210689
7.000000 0.523810 1.269736
7.000000 0.571429 1.331662
7.000000 0.619048 1.396609
7.000000 0.666667 1.464723
7.000000 0.714286 1.536159
7.000000 0.761905 1.611079
7.000000 0.809524 1.689653
7.000000 0.857143 1.772059
7.000000 0.904762 1.858484
7.000000 0.952381 1.949124
7.000000 1.000000 2.044185
7.500000 0.000000 0.345767
7.500000 0.047619 0.362630
7.500000 0.095238 0.380316
7.500000 0.142857 0.398865
7.500000 0.190476 0.418318
7.500000 0.238095 0.438720
7.500000 0.285714 0.460116
7.500000 0.333333 0.482557
7.500000 0.380952 0.506092
7.500000 0.428571 0.530774
7.500000 0.476190 0.556661
7.500000 0.523810 0.583809
7.500000 0.571429 0.612282
7.500000 0.619048 0.642144
7.500000 0.666667 0.673462
7.500000 0.714286 0.706308
7.500000 0.761905 0.740755
7.500000 0.809524 0.776882
7.500000 0.857143 0.814772
7.500000 0.904762 0.854509
7.500000 0.952381 0.896184
7.500000 1.000000 0.939892
8.000000 0.000000 -0.145136
8.000000 0.047619 -0.152214
8.000000 0.095238 -0.159638
8.000000 0.142857 -0.167423
8.000000 0.190476 -0.175589
8.000000 0.238095 -0.184152
8.000000 0.285714 -0.193134
8.000000 0.333333 -0.202553
8.000000 0.380952 -0.212432
8.000000 0.428571 -0.222792
8.000000 0.476190 -0.233658
8.000000 0.523810 -0.245054
8.000000 0.571429 -0.257005
8.000000 0.619048 -0.269540
8.000000 0.666667 -0.282685
8.000000 0.714286 -0.296472
8.000000 0.761905 -0.310932
8.000000 0.809524 -0.326096
8.000000 0.857143 -0.342000
8.000000 0.904762 -0.358680
8.000000 0.952381 -0.376173
8.000000 1.000000 -0.394519
8.500000 0.000000 -0.600504
8.500000 0.047619 -0.629791
8.500000 0.095238 -0.660507
8.500000 0.142857 -0.692720
8.500000 0.190476 -0.726505
8.500000 0.238095 -0.761937
8.500000 0.285714 -0.799098
8.500000 0.333333 -0.838071
8.500000 0.380952 -0.878944
8.500000 0.428571 -0.921811
8.500000 0.476190 -0.966769
8.500000 0.523810 -1.013919
8.500000 0.571429 -1.063369
8.500000 0.619048 -1.115231
8.500000 0.666667 -1.169622
8.500000 0.714286 -1.226665
8.500000 0.761905 -1.286491
8.500000 0.809524 -1.349235
8.500000 0.857143 -1.415038
8.500000 0.904762 -1.484051
8.500000 0.952381 -1.556430
8.500000 1.000000 -1.632339
9.000000 0.000000 -0.908848
9.000000 0.047619 -0.953173
9.000000 0.095238 -0.999661
9.000000 0.142857 -1.048415
9.000000 0.190476 -1.099547
9.000000 0.238095 -1.153173
9.000000 0.285714 -1.209415
9.000000 0.333333 -1.268399
9.000000 0.380952 -1.330261
9.000000 0.428571 -1.395139
9.000000 0.476190 -1.463181
9.000000 0.523810 -1.534542
9.000000 0.571429 -1.609383
9.000000 0.619048 -1.687875
9.000000 0.666667 -1.770194
9.000000 0.714286 -1.856528
9.000000 0.761905 -1.947073
9.000000 0.809524 -2.042034
9.000000 0.857143 -2.141626
9.000000 0.904762 -2.246075
9.000000 0.952381 -2.355619
9.000000 1.000000 -2.470505
9.500000 0.000000 -0.994674
9.500000 0.047619 -1.043186
9.500000 0.095238 -1.094063
9.500000 0.142857 -1.147421
9.500000 0.190476 -1.203382
9.500000 0.238095 -1.262073
9.500000 0.285714 -1.323625
9.500000 0.333333 -1.388180
9.500000 0.380952 -1.455883
9.500000 0.428571 -1.526888
9.500000 0.476190 -1.601356
9.500000 0.523810 -1.679455
9.500000 0.571429 -1.761364
9.500000 0.619048 -1.847268
9.500000 0.666667 -1.937361
9.500000 0.714286 -2.031848
9.500000 0.761905 -2.130943
9.500000 0.809524 -2.234872
9.500000 0.857143 -2.343869
9.500000 0.904762 -2.458182
9.500000 0.952381 -2.578070
9.500000 1.000000 -2.703805
10.000000 0.000000 -0.836970
10.000000 0.047619 -0.877790
10.000000 0.095238 -0.920600
10.000000 0.142857 -0.965499
10.000000 0.190476 -1.012587
10.000000 0.238095 -1.061972
10.000000 0.285714 -1.113766
10.000000 0.333333 -1.168085
10.000000 0.380952 -1.225054
10.000000 0.428571 -1.284801
10.000000 0.476190 -1.347462
10.000000 0.523810 -1.413179
10.000000 0.571429 -1.482102
10.000000 0.619048 -1.554385
10.000000 0.666667 -1.630194
10.000000 0.714286 -1.709701
10.000000 0.761905 -1.793084
10.000000 0.809524 -1.880535
10.000000 0.857143 -1.972251
10.000000 0.904762 -2.068439
10.000000 0.952381 -2.169319
10.000000 1.000000 -2.275119
