0.000000 0.000000 0.000000
0.000000 0.085106 0.000000
0.000000 0.170213 0.000000
0.000000 0.255319 0.000000
0.000000 0.340426 0.000000
0.000000 0.425532 0.000000
0.000000 0.510638 0.000000
0.000000 0.595745 0.000000
0.000000 0.680851 0.000000
0.000000 0.765957 0.000000
0.000000 0.851064 0.000000
0.000000 0.936170 0.000000
0.000000 1.021277 0.000000
0.000000 1.106383 0.000000
0.000000 1.191489 0.000000
0.000000 1.276596 0.000000
0.000000 1.361702 0.000000
0.000000 1.446809 0.000000
0.000000 1.531915 0.000000
0.000000 1.617021 0.000000
0.000000 1.702128 0.000000
0.000000 1.787234 0.000000
0.000000 1.872340 0.000000
0.000000 1.957447 0.000000
0.000000 2.042553 0.000000
0.000000 2.127660 0.000000
0.000000 2.212766 0.000000
0.000000 2.297872 0.000000
0.000000 2.382979 0.000000
0.000000 2.468085 0.000000
0.000000 2.553191 0.000000
0.000000 2.638298 0.000000
0.000000 2.723404 0.000000
0.000000 2.808511 0.000000
0.000000 2.893617 0.000000
0.000000 2.978723 0.000000
0.000000 3.063830 0.000000
0.000000 3.148936 0.000000
0.000000 3.234043 0.000000
0.000000 3.319149 0.000000
0.000000 3.404255 0.000000
0.000000 3.489362 0.000000
0.000000 3.574468 0.000000
0.000000 3.659574 0.000000
0.000000 3.744681 0.000000
0.000000 3.829787 0.000000
0.000000 3.914894 0.000000
0.000000 4.000000 0.000000
0.076923 0.000000 0.000000
0.076923 0.085106 0.003359
0.076923 0.170213 0.006719
0.076923 0.255319 0.010078
0.076923 0.340426 0.013438
0.076923 0.425532 0.016797
0.076923 0.510638 0.020157
0.076923 0.595745 0.023516
0.076923 0.680851 0.026876
0.076923 0.765957 0.030235
0.076923 0.851064 0.033595
0.076923 0.936170 0.036954
0.076923 1.021277 0.040314
0.076923 1.106383 0.043673
0.076923 1.191489 0.047032
0.076923 1.276596 0.050392
0.076923 1.361702 0.053751
0.076923 1.446809 0.057111
0.076923 1.531915 0.060470
0.076923 1.617021 0.063830
0.076923 1.702128 0.067189
0.076923 1.787234 0.070549
0.076923 1.872340 0.073908
0.076923 1.957447 0.077268
0.076923 2.042553 0.080627
0.076923 2.127660 0.083987
0.076923 2.212766 0.087346
0.076923 2.297872 0.090706
0.076923 2.382979 0.094065
0.076923 2.468085 0.097424
0.076923 2.553191 0.100784
0.076923 2.638298 0.104143
0.076923 2.723404 0.107503
0.076923 2.808511 0.110862
0.076923 2.893617 0.114222
0.076923 2.978723 0.117581
0.076923 3.063830 0.120941
0.076923 3.148936 0.124300
0.076923 3.234043 0.127660
0.076923 3.319149 0.131019
0.076923 3.404255 0.134379
0.076923 3.489362 0.137738
0.076923 3.574468 0.141097
0.076923 3.659574 0.144457
0.076923 3.744681 0.147816
0.076923 3.829787 0.151176
0.076923 3.914894 0.154535
0.076923 4.000000 0.000000
0.153846 0.000000 0.000000
0.153846 0.085106 0.006719
0.153846 0.170213 0.013438
0.153846 0.255319 0.020157
0.153846 0.340426 0.026876
0.153846 0.425532 0.033595
0.153846 0.510638 0.040314
0.153846 0.595745 0.047032
0.153846 0.680851 0.053751
0.153846 0.765957 0.060470
0.153846 0.851064 0.067189
0.153846 0.936170 0.073908
0.153846 1.021277 0.080627
0.153846 1.106383 0.087346
0.153846 1.191489 0.094065
0.153846 1.276596 0.100784
0.153846 1.361702 0.107503
0.153846 1.446809 0.114222
0.153846 1.531915 0.120941
0.153846 1.617021 0.127660
0.153846 1.702128 0.134379
0.153846 1.787234 0.141097
0.153846 1.872340 0.147816
0.153846 1.957447 0.154535
0.153846 2.042553 0.161254
0.153846 2.127660 0.167973
0.153846 2.212766 0.174692
0.153846 2.297872 0.181411
0.153846 2.382979 0.188130
0.153846 2.468085 0.194849
0.153846 2.553191 0.201568
0.153846 2.638298 0.208287
0.153846 2.723404 0.215006
0.153846 2.808511 0.221725
0.153846 2.893617 0.228444
0.153846 2.978723 0.235162
0.153846 3.063830 0.241881
0.153846 3.148936 0.248600
0.153846 3.234043 0.255319
0.153846 3.319149 0.262038
0.153846 3.404255 0.268757
0.153846 3.489362 0.275476
0.153846 3.574468 0.282195
0.153846 3.659574 0.288914
0.153846 3.744681 0.295633
0.153846 3.829787 0.302352
0.153846 3.914894 0.309071
0.153846 4.000000 0.000000
0.230769 0.000000 0.000000
0.230769 0.085106 0.010078
0.230769 0.170213 0.020157
0.230769 0.255319 0.030235
0.230769 0.340426 0.040314
0.230769 0.425532 0.050392
0.230769 0.510638 0.060470
0.230769 0.595745 0.070549
0.230769 0.680851 0.080627
0.230769 0.765957 0.090706
0.230769 0.851064 0.100784
0.230769 0.936170 0.110862
0.230769 1.021277 0.120941
0.230769 1.106383 0.131019
0.230769 1.191489 0.141097
0.230769 1.276596 0.151176
0.230769 1.361702 0.161254
0.230769 1.446809 0.171333
0.230769 1.531915 0.181411
0.230769 1.617021 0.191489
0.230769 1.702128 0.201568
0.230769 1.787234 0.211646
0.230769 1.872340 0.221725
0.230769 1.957447 0.231803
0.230769 2.042553 0.241881
0.230769 2.127660 0.251960
0.230769 2.212766 0.262038
0.230769 2.297872 0.272117
0.230769 2.382979 0.282195
0.230769 2.468085 0.292273
0.230769 2.553191 0.302352
0.230769 2.638298 0.312430
0.230769 2.723404 0.322509
0.230769 2.808511 0.332587
0.230769 2.893617 0.342665
0.230769 2.978723 0.352744
0.230769 3.063830 0.362822
0.230769 3.148936 0.372900
0.230769 3.234043 0.382979
0.230769 3.319149 0.393057
0.230769 3.404255 0.403136
0.230769 3.489362 0.413214
0.230769 3.574468 0.423292
0.230769 3.659574 0.433371
0.230769 3.744681 0.443449
0.230769 3.829787 0.453528
0.230769 3.914894 0.463606
0.230769 4.000000 0.000000
0.307692 0.000000 0.000000
0.307692 0.085106 0.013438
0.307692 0.170213 0.026876
0.307692 0.255319 0.040314
0.307692 0.340426 0.053751
0.307692 0.425532 0.067189
0.307692 0.510638 0.080627
0.307692 0.595745 0.094065
0.307692 0.680851 0.107503
0.307692 0.765957 0.120941
0.307692 0.851064 0.134379
0.307692 0.936170 0.147816
0.307692 1.021277 0.161254
0.307692 1.106383 0.174692
0.307692 1.191489 0.188130
0.307692 1.276596 0.201568
0.307692 1.361702 0.215006
0.307692 1.446809 0.228444
0.307692 1.531915 0.241881
0.307692 1.617021 0.255319
0.307692 1.702128 0.268757
0.307692 1.787234 0.282195
0.307692 1.872340 0.295633
0.307692 1.957447 0.309071
0.307692 2.042553 0.322509
0.307692 2.127660 0.335946
0.307692 2.212766 0.349384
0.307692 2.297872 0.362822
0.307692 2.382979 0.376260
0.307692 2.468085 0.389698
0.307692 2.553191 0.403136
0.307692 2.638298 0.416574
0.307692 2.723404 0.430011
0.307692 2.808511 0.443449
0.307692 2.893617 0.456887
0.307692 2.978723 0.470325
0.307692 3.063830 0.483763
0.307692 3.148936 0.497201
0.307692 3.234043 0.510639
0.307692 3.319149 0.524076
0.307692 3.404255 0.537514
0.307692 3.489362 0.550952
0.307692 3.574468 0.564390
0.307692 3.659574 0.577828
0.307692 3.744681 0.591266
0.307692 3.829787 0.604704
0.307692 3.914894 0.618141
0.307692 4.000000 0.000000
0.384615 0.000000 0.000000
0.384615 0.085106 0.016797
0.384615 0.170213 0.033595
0.384615 0.255319 0.050392
0.384615 0.340426 0.067189
0.384615 0.425532 0.083987
0.384615 0.510638 0.100784
0.384615 0.595745 0.117581
0.384615 0.680851 0.134379
0.384615 0.765957 0.151176
0.384615 0.851064 0.167973
0.384615 0.936170 0.184771
0.384615 1.021277 0.201568
0.384615 1.106383 0.218365
0.384615 1.191489 0.235162
0.384615 1.276596 0.251960
0.384615 1.361702 0.268757
0.384615 1.446809 0.285554
0.384615 1.531915 0.302352
0.384615 1.617021 0.319149
0.384615 1.702128 0.335946
0.384615 1.787234 0.352744
0.384615 1.872340 0.369541
0.384615 1.957447 0.386338
0.384615 2.042553 0.403136
0.384615 2.127660 0.419933
0.384615 2.212766 0.436730
0.384615 2.297872 0.453528
0.384615 2.382979 0.470325
0.384615 2.468085 0.487122
0.384615 2.553191 0.503920
0.384615 2.638298 0.520717
0.384615 2.723404 0.537514
0.384615 2.808511 0.554312
0.384615 2.893617 0.571109
0.384615 2.978723 0.587906
0.384615 3.063830 0.604704
0.384615 3.148936 0.621501
0.384615 3.234043 0.638298
0.384615 3.319149 0.655095
0.384615 3.404255 0.671893
0.384615 3.489362 0.688690
0.384615 3.574468 0.705487
0.384615 3.659574 0.722285
0.384615 3.744681 0.739082
0.384615 3.829787 0.755879
0.384615 3.914894 0.772677
0.384615 4.000000 0.000000
0.461538 0.000000 0.000000
0.461538 0.085106 0.020157
0.461538 0.170213 0.040314
0.461538 0.255319 0.060470
0.461538 0.340426 0.080627
0.461538 0.425532 0.100784
0.461538 0.510638 0.120941
0.461538 0.595745 0.141097
0.461538 0.680851 0.161254
0.461538 0.765957 0.181411
0.461538 0.851064 0.201568
0.461538 0.936170 0.221725
0.461538 1.021277 0.241881
0.461538 1.106383 0.262038
0.461538 1.191489 0.282195
0.461538 1.276596 0.302352
0.461538 1.361702 0.322509
0.461538 1.446809 0.342665
0.461538 1.531915 0.362822
0.461538 1.617021 0.382979
0.461538 1.702128 0.403136
0.461538 1.787234 0.423292
0.461538 1.872340 0.443449
0.461538 1.957447 0.463606
0.461538 2.042553 0.483763
0.461538 2.127660 0.503920
0.461538 2.212766 0.524076
0.461538 2.297872 0.544233
0.461538 2.382979 0.564390
0.461538 2.468085 0.584547
0.461538 2.553191 0.604704
0.461538 2.638298 0.624860
0.461538 2.723404 0.645017
0.461538 2.808511 0.665174
0.461538 2.893617 0.685331
0.461538 2.978723 0.705487
0.461538 3.063830 0.725644
0.461538 3.148936 0.745801
0.461538 3.234043 0.765958
0.461538 3.319149 0.786115
0.461538 3.404255 0.806271
0.461538 3.489362 0.826428
0.461538 3.574468 0.846585
0.461538 3.659574 0.866742
0.461538 3.744681 0.886898
0.461538 3.829787 0.907055
0.461538 3.914894 0.927212
0.461538 4.000000 0.000000
0.538462 0.000000 0.000000
0.538462 0.085106 0.023516
0.538462 0.170213 0.047032
0.538462 0.255319 0.070549
0.538462 0.340426 0.094065
0.538462 0.425532 0.117581
0.538462 0.510638 0.141097
0.538462 0.595745 0.164614
0.538462 0.680851 0.188130
0.538462 0.765957 0.211646
0.538462 0.851064 0.235162
0.538462 0.936170 0.258679
0.538462 1.021277 0.282195
0.538462 1.106383 0.305711
0.538462 1.191489 0.329227
0.538462 1.276596 0.352744
0.538462 1.361702 0.376260
0.538462 1.446809 0.399776
0.538462 1.531915 0.423292
0.538462 1.617021 0.446809
0.538462 1.702128 0.470325
0.538462 1.787234 0.493841
0.538462 1.872340 0.517357
0.538462 1.957447 0.540874
0.538462 2.042553 0.564390
0.538462 2.127660 0.587906
0.538462 2.212766 0.611422
0.538462 2.297872 0.634939
0.538462 2.382979 0.658455
0.538462 2.468085 0.681971
0.538462 2.553191 0.705487
0.538462 2.638298 0.729004
0.538462 2.723404 0.752520
0.538462 2.808511 0.776036
0.538462 2.893617 0.799552
0.538462 2.978723 0.823069
0.538462 3.063830 0.846585
0.538462 3.148936 0.870101
0.538462 3.234043 0.893617
0.538462 3.319149 0.917134
0.538462 3.404255 0.940650
0.538462 3.489362 0.964166
0.538462 3.574468 0.987682
0.538462 3.659574 1.011199
0.538462 3.744681 1.034715
0.538462 3.829787 1.058231
0.538462 3.914894 1.081747
0.538462 4.000000 0.000000
0.615385 0.000000 0.000000
0.615385 0.085106 0.026876
0.615385 0.170213 0.053751
0.615385 0.255319 0.080627
0.615385 0.340426 0.107503
0.615385 0.425532 0.134379
0.615385 0.510638 0.161254
0.615385 0.595745 0.188130
0.615385 0.680851 0.215006
0.615385 0.765957 0.241881
0.615385 0.851064 0.268757
0.615385 0.936170 0.295633
0.615385 1.021277 0.322509
0.615385 1.106383 0.349384
0.615385 1.191489 0.376260
0.615385 1.276596 0.403136
0.615385 1.361702 0.430011
0.615385 1.446809 0.456887
0.615385 1.531915 0.483763
0.615385 1.617021 0.510639
0.615385 1.702128 0.537514
0.615385 1.787234 0.564390
0.615385 1.872340 0.591266
0.615385 1.957447 0.618141
0.615385 2.042553 0.645017
0.615385 2.127660 0.671893
0.615385 2.212766 0.698769
0.615385 2.297872 0.725644
0.615385 2.382979 0.752520
0.615385 2.468085 0.779396
0.615385 2.553191 0.806271
0.615385 2.638298 0.833147
0.615385 2.723404 0.860023
0.615385 2.808511 0.886898
0.615385 2.893617 0.913774
0.615385 2.978723 0.940650
0.615385 3.063830 0.967526
0.615385 3.148936 0.994401
0.615385 3.234043 1.021277
0.615385 3.319149 1.048153
0.615385 3.404255 1.075028
0.615385 3.489362 1.101904
0.615385 3.574468 1.128780
0.615385 3.659574 1.155656
0.615385 3.744681 1.182531
0.615385 3.829787 1.209407
0.615385 3.914894 1.236283
0.615385 4.000000 0.000000
0.692308 0.000000 0.000000
0.692308 0.085106 0.030235
0.692308 0.170213 0.060470
0.692308 0.255319 0.090706
0.692308 0.340426 0.120941
0.692308 0.425532 0.151176
0.692308 0.510638 0.181411
0.692308 0.595745 0.211646
0.692308 0.680851 0.241881
0.692308 0.765957 0.272117
0.692308 0.851064 0.302352
0.692308 0.936170 0.332587
0.692308 1.021277 0.362822
0.692308 1.106383 0.393057
0.692308 1.191489 0.423292
0.692308 1.276596 0.453528
0.692308 1.361702 0.483763
0.692308 1.446809 0.513998
0.692308 1.531915 0.544233
0.692308 1.617021 0.574468
0.692308 1.702128 0.604704
0.692308 1.787234 0.634939
0.692308 1.872340 0.665174
0.692308 1.957447 0.695409
0.692308 2.042553 0.725644
0.692308 2.127660 0.755879
0.692308 2.212766 0.786115
0.692308 2.297872 0.816350
0.692308 2.382979 0.846585
0.692308 2.468085 0.876820
0.692308 2.553191 0.907055
0.692308 2.638298 0.937290
0.692308 2.723404 0.967526
0.692308 2.808511 0.997761
0.692308 2.893617 1.027996
0.692308 2.978723 1.058231
0.692308 3.063830 1.088466
0.692308 3.148936 1.118701
0.692308 3.234043 1.148937
0.692308 3.319149 1.179172
0.692308 3.404255 1.209407
0.692308 3.489362 1.239642
0.692308 3.574468 1.269877
0.692308 3.659574 1.300113
0.692308 3.744681 1.330348
0.692308 3.829787 1.360583
0.692308 3.914894 1.390818
0.692308 4.000000 0.000000
0.769231 0.000000 0.000000
0.769231 0.085106 0.033595
0.769231 0.170213 0.067189
0.769231 0.255319 0.100784
0.769231 0.340426 0.134379
0.769231 0.425532 0.167973
0.769231 0.510638 0.201568
0.769231 0.595745 0.235162
0.769231 0.680851 0.268757
0.769231 0.765957 0.302352
0.769231 0.851064 0.335946
0.769231 0.936170 0.369541
0.769231 1.021277 0.403136
0.769231 1.106383 0.436730
0.769231 1.191489 0.470325
0.769231 1.276596 0.503920
0.769231 1.361702 0.537514
0.769231 1.446809 0.571109
0.769231 1.531915 0.604704
0.769231 1.617021 0.638298
0.769231 1.702128 0.671893
0.769231 1.787234 0.705487
0.769231 1.872340 0.739082
0.769231 1.957447 0.772677
0.769231 2.042553 0.806271
0.769231 2.127660 0.839866
0.769231 2.212766 0.873461
0.769231 2.297872 0.907055
0.769231 2.382979 0.940650
0.769231 2.468085 0.974245
0.769231 2.553191 1.007839
0.769231 2.638298 1.041434
0.769231 2.723404 1.075028
0.769231 2.808511 1.108623
0.769231 2.893617 1.142218
0.769231 2.978723 1.175812
0.769231 3.063830 1.209407
0.769231 3.148936 1.243002
0.769231 3.234043 1.276596
0.769231 3.319149 1.310191
0.769231 3.404255 1.343786
0.769231 3.489362 1.377380
0.769231 3.574468 1.410975
0.769231 3.659574 1.444569
0.769231 3.744681 1.478164
0.769231 3.829787 1.511759
0.769231 3.914894 1.545353
0.769231 4.000000 0.000000
0.846154 0.000000 0.000000
0.846154 0.085106 0.036954
0.846154 0.170213 0.073908
0.846154 0.255319 0.110862
0.846154 0.340426 0.147816
0.846154 0.425532 0.184771
0.846154 0.510638 0.221725
0.846154 0.595745 0.258679
0.846154 0.680851 0.295633
0.846154 0.765957 0.332587
0.846154 0.851064 0.369541
0.846154 0.936170 0.406495
0.846154 1.021277 0.443449
0.846154 1.106383 0.480403
0.846154 1.191489 0.517357
0.846154 1.276596 0.554312
0.846154 1.361702 0.591266
0.846154 1.446809 0.628220
0.846154 1.531915 0.665174
0.846154 1.617021 0.702128
0.846154 1.702128 0.739082
0.846154 1.787234 0.776036
0.846154 1.872340 0.812990
0.846154 1.957447 0.849944
0.846154 2.042553 0.886898
0.846154 2.127660 0.923853
0.846154 2.212766 0.960807
0.846154 2.297872 0.997761
0.846154 2.382979 1.034715
0.846154 2.468085 1.071669
0.846154 2.553191 1.108623
0.846154 2.638298 1.145577
0.846154 2.723404 1.182531
0.846154 2.808511 1.219485
0.846154 2.893617 1.256440
0.846154 2.978723 1.293394
0.846154 3.063830 1.330348
0.846154 3.148936 1.367302
0.846154 3.234043 1.404256
0.846154 3.319149 1.441210
0.846154 3.404255 1.478164
0.846154 3.489362 1.515118
0.846154 3.574468 1.552072
0.846154 3.659574 1.589026
0.846154 3.744681 1.625981
0.846154 3.829787 1.662935
0.846154 3.914894 1.699889
0.846154 4.000000 0.000000
0.923077 0.000000 0.000000
0.923077 0.085106 0.040314
0.923077 0.170213 0.080627
0.923077 0.255319 0.120941
0.923077 0.340426 0.161254
0.923077 0.425532 0.201568
0.923077 0.510638 0.241881
0.923077 0.595745 0.282195
0.923077 0.680851 0.322509
0.923077 0.765957 0.362822
0.923077 0.851064 0.403136
0.923077 0.936170 0.443449
0.923077 1.021277 0.483763
0.923077 1.106383 0.524076
0.923077 1.191489 0.564390
0.923077 1.276596 0.604704
0.923077 1.361702 0.645017
0.923077 1.446809 0.685331
0.923077 1.531915 0.725644
0.923077 1.617021 0.765958
0.923077 1.702128 0.806271
0.923077 1.787234 0.846585
0.923077 1.872340 0.886898
0.923077 1.957447 0.927212
0.923077 2.042553 0.967526
0.923077 2.127660 1.007839
0.923077 2.212766 1.048153
0.923077 2.297872 1.088466
0.923077 2.382979 1.128780
0.923077 2.468085 1.169093
0.923077 2.553191 1.209407
0.923077 2.638298 1.249721
0.923077 2.723404 1.290034
0.923077 2.808511 1.330348
0.923077 2.893617 1.370661
0.923077 2.978723 1.410975
0.923077 3.063830 1.451288
0.923077 3.148936 1.491602
0.923077 3.234043 1.531916
0.923077 3.319149 1.572229
0.923077 3.404255 1.612543
0.923077 3.489362 1.652856
0.923077 3.574468 1.693170
0.923077 3.659574 1.733483
0.923077 3.744681 1.773797
0.923077 3.829787 1.814111
0.923077 3.914894 1.854424
0.923077 4.000000 0.000000
1.000000 0.000000 0.000000
1.000000 0.085106 0.043673
1.000000 0.170213 0.087346
1.000000 0.255319 0.131019
1.000000 0.340426 0.174692
1.000000 0.425532 0.218365
1.000000 0.510638 0.262038
1.000000 0.595745 0.305711
1.000000 0.680851 0.349384
1.000000 0.765957 0.393057
1.000000 0.851064 0.436730
1.000000 0.936170 0.480403
1.000000 1.021277 0.524076
1.000000 1.106383 0.567749
1.000000 1.191489 0.611422
1.000000 1.276596 0.655095
1.000000 1.361702 0.698769
1.000000 1.446809 0.742442
1.000000 1.531915 0.786115
1.000000 1.617021 0.829788
1.000000 1.702128 0.873461
1.000000 1.787234 0.917134
1.000000 1.872340 0.960807
1.000000 1.957447 1.004480
1.000000 2.042553 1.048153
1.000000 2.127660 1.091826
1.000000 2.212766 1.135499
1.000000 2.297872 1.179172
1.000000 2.382979 1.222845
1.000000 2.468085 1.266518
1.000000 2.553191 1.310191
1.000000 2.638298 1.353864
1.000000 2.723404 1.397537
1.000000 2.808511 1.441210
1.000000 2.893617 1.484883
1.000000 2.978723 1.528556
1.000000 3.063830 1.572229
1.000000 3.148936 1.615902
1.000000 3.234043 1.659575
1.000000 3.319149 1.703248
1.000000 3.404255 1.746921
1.000000 3.489362 1.790594
1.000000 3.574468 1.834267
1.000000 3.659574 1.877940
1.000000 3.744681 1.921613
1.000000 3.829787 1.965286
1.000000 3.914894 2.008959
1.000000 4.000000 0.000000
1.076923 0.000000 0.000000
1.076923 0.085106 0.047032
1.076923 0.170213 0.094065
1.076923 0.255319 0.141097
1.076923 0.340426 0.188130
1.076923 0.425532 0.235162
1.076923 0.510638 0.282195
1.076923 0.595745 0.329227
1.076923 0.680851 0.376260
1.076923 0.765957 0.423292
1.076923 0.851064 0.470325
1.076923 0.936170 0.517357
1.076923 1.021277 0.564390
1.076923 1.106383 0.611422
1.076923 1.191489 0.658455
1.076923 1.276596 0.705487
1.076923 1.361702 0.752520
1.076923 1.446809 0.799552
1.076923 1.531915 0.846585
1.076923 1.617021 0.893617
1.076923 1.702128 0.940650
1.076923 1.787234 0.987682
1.076923 1.872340 1.034715
1.076923 1.957447 1.081747
1.076923 2.042553 1.128780
1.076923 2.127660 1.175812
1.076923 2.212766 1.222845
1.076923 2.297872 1.269877
1.076923 2.382979 1.316910
1.076923 2.468085 1.363942
1.076923 2.553191 1.410975
1.076923 2.638298 1.458007
1.076923 2.723404 1.505040
1.076923 2.808511 1.552072
1.076923 2.893617 1.599105
1.076923 2.978723 1.646137
1.076923 3.063830 1.693170
1.076923 3.148936 1.740202
1.076923 3.234043 1.787235
1.076923 3.319149 1.834267
1.076923 3.404255 1.881300
1.076923 3.489362 1.928332
1.076923 3.574468 1.975365
1.076923 3.659574 2.022397
1.076923 3.744681 2.069430
1.076923 3.829787 2.116462
1.076923 3.914894 2.163495
1.076923 4.000000 0.000000
1.153846 0.000000 0.000000
1.153846 0.085106 0.050392
1.153846 0.170213 0.100784
1.153846 0.255319 0.151176
1.153846 0.340426 0.201568
1.153846 0.425532 0.251960
1.153846 0.510638 0.302352
1.153846 0.595745 0.352744
1.153846 0.680851 0.403136
1.153846 0.765957 0.453528
1.153846 0.851064 0.503920
1.153846 0.936170 0.554312
1.153846 1.021277 0.604704
1.153846 1.106383 0.655095
1.153846 1.191489 0.705487
1.153846 1.276596 0.755879
1.153846 1.361702 0.806271
1.153846 1.446809 0.856663
1.153846 1.531915 0.907055
1.153846 1.617021 0.957447
1.153846 1.702128 1.007839
1.153846 1.787234 1.058231
1.153846 1.872340 1.108623
1.153846 1.957447 1.159015
1.153846 2.042553 1.209407
1.153846 2.127660 1.259799
1.153846 2.212766 1.310191
1.153846 2.297872 1.360583
1.153846 2.382979 1.410975
1.153846 2.468085 1.461367
1.153846 2.553191 1.511759
1.153846 2.638298 1.562151
1.153846 2.723404 1.612543
1.153846 2.808511 1.662935
1.153846 2.893617 1.713327
1.153846 2.978723 1.763719
1.153846 3.063830 1.814111
1.153846 3.148936 1.864502
1.153846 3.234043 1.914894
1.153846 3.319149 1.965286
1.153846 3.404255 2.015678
1.153846 3.489362 2.066070
1.153846 3.574468 2.116462
1.153846 3.659574 2.166854
1.153846 3.744681 2.217246
1.153846 3.829787 2.267638
1.153846 3.914894 2.318030
1.153846 4.000000 0.000000
1.230769 0.000000 0.000000
1.230769 0.085106 0.053751
1.230769 0.170213 0.107503
1.230769 0.255319 0.161254
1.230769 0.340426 0.215006
1.230769 0.425532 0.268757
1.230769 0.510638 0.322509
1.230769 0.595745 0.376260
1.230769 0.680851 0.430011
1.230769 0.765957 0.483763
1.230769 0.851064 0.537514
1.230769 0.936170 0.591266
1.230769 1.021277 0.645017
1.230769 1.106383 0.698769
1.230769 1.191489 0.752520
1.230769 1.276596 0.806271
1.230769 1.361702 0.860023
1.230769 1.446809 0.913774
1.230769 1.531915 0.967526
1.230769 1.617021 1.021277
1.230769 1.702128 1.075028
1.230769 1.787234 1.128780
1.230769 1.872340 1.182531
1.230769 1.957447 1.236283
1.230769 2.042553 1.290034
1.230769 2.127660 1.343786
1.230769 2.212766 1.397537
1.230769 2.297872 1.451288
1.230769 2.382979 1.505040
1.230769 2.468085 1.558791
1.230769 2.553191 1.612543
1.230769 2.638298 1.666294
1.230769 2.723404 1.720046
1.230769 2.808511 1.773797
1.230769 2.893617 1.827548
1.230769 2.978723 1.881300
1.230769 3.063830 1.935051
1.230769 3.148936 1.988803
1.230769 3.234043 2.042554
1.230769 3.319149 2.096306
1.230769 3.404255 2.150057
1.230769 3.489362 2.203808
1.230769 3.574468 2.257560
1.230769 3.659574 2.311311
1.230769 3.744681 2.365063
1.230769 3.829787 2.418814
1.230769 3.914894 2.472565
1.230769 4.000000 0.000000
1.307692 0.000000 0.000000
1.307692 0.085106 0.057111
1.307692 0.170213 0.114222
1.307692 0.255319 0.171333
1.307692 0.340426 0.228444
1.307692 0.425532 0.285554
1.307692 0.510638 0.342665
1.307692 0.595745 0.399776
1.307692 0.680851 0.456887
1.307692 0.765957 0.513998
1.307692 0.851064 0.571109
1.307692 0.936170 0.628220
1.307692 1.021277 0.685331
1.307692 1.106383 0.742442
1.307692 1.191489 0.799552
1.307692 1.276596 0.856663
1.307692 1.361702 0.913774
1.307692 1.446809 0.970885
1.307692 1.531915 1.027996
1.307692 1.617021 1.085107
1.307692 1.702128 1.142218
1.307692 1.787234 1.199329
1.307692 1.872340 1.256440
1.307692 1.957447 1.313550
1.307692 2.042553 1.370661
1.307692 2.127660 1.427772
1.307692 2.212766 1.484883
1.307692 2.297872 1.541994
1.307692 2.382979 1.599105
1.307692 2.468085 1.656216
1.307692 2.553191 1.713327
1.307692 2.638298 1.770438
1.307692 2.723404 1.827548
1.307692 2.808511 1.884659
1.307692 2.893617 1.941770
1.307692 2.978723 1.998881
1.307692 3.063830 2.055992
1.307692 3.148936 2.113103
1.307692 3.234043 2.170214
1.307692 3.319149 2.227325
1.307692 3.404255 2.284435
1.307692 3.489362 2.341546
1.307692 3.574468 2.398657
1.307692 3.659574 2.455768
1.307692 3.744681 2.512879
1.307692 3.829787 2.569990
1.307692 3.914894 2.627101
1.307692 4.000000 0.000000
1.384615 0.000000 0.000000
1.384615 0.085106 0.060470
1.384615 0.170213 0.120941
1.384615 0.255319 0.181411
1.384615 0.340426 0.241881
1.384615 0.425532 0.302352
1.384615 0.510638 0.362822
1.384615 0.595745 0.423292
1.384615 0.680851 0.483763
1.384615 0.765957 0.544233
1.384615 0.851064 0.604704
1.384615 0.936170 0.665174
1.384615 1.021277 0.725644
1.384615 1.106383 0.786115
1.384615 1.191489 0.846585
1.384615 1.276596 0.907055
1.384615 1.361702 0.967526
1.384615 1.446809 1.027996
1.384615 1.531915 1.088466
1.384615 1.617021 1.148937
1.384615 1.702128 1.209407
1.384615 1.787234 1.269877
1.384615 1.872340 1.330348
1.384615 1.957447 1.390818
1.384615 2.042553 1.451288
1.384615 2.127660 1.511759
1.384615 2.212766 1.572229
1.384615 2.297872 1.632699
1.384615 2.382979 1.693170
1.384615 2.468085 1.753640
1.384615 2.553191 1.814111
1.384615 2.638298 1.874581
1.384615 2.723404 1.935051
1.384615 2.808511 1.995522
1.384615 2.893617 2.055992
1.384615 2.978723 2.116462
1.384615 3.063830 2.176933
1.384615 3.148936 2.237403
1.384615 3.234043 2.297873
1.384615 3.319149 2.358344
1.384615 3.404255 2.418814
1.384615 3.489362 2.479284
1.384615 3.574468 2.539755
1.384615 3.659574 2.600225
1.384615 3.744681 2.660695
1.384615 3.829787 2.721166
1.384615 3.914894 2.781636
1.384615 4.000000 0.000000
1.461538 0.000000 0.000000
1.461538 0.085106 0.063830
1.461538 0.170213 0.127660
1.461538 0.255319 0.191489
1.461538 0.340426 0.255319
1.461538 0.425532 0.319149
1.461538 0.510638 0.382979
1.461538 0.595745 0.446809
1.461538 0.680851 0.510639
1.461538 0.765957 0.574468
1.461538 0.851064 0.638298
1.461538 0.936170 0.702128
1.461538 1.021277 0.765958
1.461538 1.106383 0.829788
1.461538 1.191489 0.893617
1.461538 1.276596 0.957447
1.461538 1.361702 1.021277
1.461538 1.446809 1.085107
1.461538 1.531915 1.148937
1.461538 1.617021 1.212766
1.461538 1.702128 1.276596
1.461538 1.787234 1.340426
1.461538 1.872340 1.404256
1.461538 1.957447 1.468086
1.461538 2.042553 1.531916
1.461538 2.127660 1.595745
1.461538 2.212766 1.659575
1.461538 2.297872 1.723405
1.461538 2.382979 1.787235
1.461538 2.468085 1.851065
1.461538 2.553191 1.914894
1.461538 2.638298 1.978724
1.461538 2.723404 2.042554
1.461538 2.808511 2.106384
1.461538 2.893617 2.170214
1.461538 2.978723 2.234044
1.461538 3.063830 2.297873
1.461538 3.148936 2.361703
1.461538 3.234043 2.425533
1.461538 3.319149 2.489363
1.461538 3.404255 2.553193
1.461538 3.489362 2.617022
1.461538 3.574468 2.680852
1.461538 3.659574 2.744682
1.461538 3.744681 2.808512
1.461538 3.829787 2.872342
1.461538 3.914894 2.936171
1.461538 4.000000 0.000000
1.538462 0.000000 0.000000
1.538462 0.085106 0.067189
1.538462 0.170213 0.134379
1.538462 0.255319 0.201568
1.538462 0.340426 0.268757
1.538462 0.425532 0.335946
1.538462 0.510638 0.403136
1.538462 0.595745 0.470325
1.538462 0.680851 0.537514
1.538462 0.765957 0.604704
1.538462 0.851064 0.671893
1.538462 0.936170 0.739082
1.538462 1.021277 0.806271
1.538462 1.106383 0.873461
1.538462 1.191489 0.940650
1.538462 1.276596 1.007839
1.538462 1.361702 1.075028
1.538462 1.446809 1.142218
1.538462 1.531915 1.209407
1.538462 1.617021 1.276596
1.538462 1.702128 1.343786
1.538462 1.787234 1.410975
1.538462 1.872340 1.478164
1.538462 1.957447 1.545353
1.538462 2.042553 1.612543
1.538462 2.127660 1.679732
1.538462 2.212766 1.746921
1.538462 2.297872 1.814111
1.538462 2.382979 1.881300
1.538462 2.468085 1.948489
1.538462 2.553191 2.015678
1.538462 2.638298 2.082868
1.538462 2.723404 2.150057
1.538462 2.808511 2.217246
1.538462 2.893617 2.284435
1.538462 2.978723 2.351625
1.538462 3.063830 2.418814
1.538462 3.148936 2.486003
1.538462 3.234043 2.553193
1.538462 3.319149 2.620382
1.538462 3.404255 2.687571
1.538462 3.489362 2.754760
1.538462 3.574468 2.821950
1.538462 3.659574 2.889139
1.538462 3.744681 2.956328
1.538462 3.829787 3.023518
1.538462 3.914894 3.090707
1.538462 4.000000 0.000000
1.615385 0.000000 0.000000
1.615385 0.085106 0.070549
1.615385 0.170213 0.141097
1.615385 0.255319 0.211646
1.615385 0.340426 0.282195
1.615385 0.425532 0.352744
1.615385 0.510638 0.423292
1.615385 0.595745 0.493841
1.615385 0.680851 0.564390
1.615385 0.765957 0.634939
1.615385 0.851064 0.705487
1.615385 0.936170 0.776036
1.615385 1.021277 0.846585
1.615385 1.106383 0.917134
1.615385 1.191489 0.987682
1.615385 1.276596 1.058231
1.615385 1.361702 1.128780
1.615385 1.446809 1.199329
1.615385 1.531915 1.269877
1.615385 1.617021 1.340426
1.615385 1.702128 1.410975
1.615385 1.787234 1.481524
1.615385 1.872340 1.552072
1.615385 1.957447 1.622621
1.615385 2.042553 1.693170
1.615385 2.127660 1.763719
1.615385 2.212766 1.834267
1.615385 2.297872 1.904816
1.615385 2.382979 1.975365
1.615385 2.468085 2.045914
1.615385 2.553191 2.116462
1.615385 2.638298 2.187011
1.615385 2.723404 2.257560
1.615385 2.808511 2.328109
1.615385 2.893617 2.398657
1.615385 2.978723 2.469206
1.615385 3.063830 2.539755
1.615385 3.148936 2.610303
1.615385 3.234043 2.680852
1.615385 3.319149 2.751401
1.615385 3.404255 2.821950
1.615385 3.489362 2.892498
1.615385 3.574468 2.963047
1.615385 3.659574 3.033596
1.615385 3.744681 3.104145
1.615385 3.829787 3.174693
1.615385 3.914894 3.245242
1.615385 4.000000 0.000000
1.692308 0.000000 0.000000
1.692308 0.085106 0.073908
1.692308 0.170213 0.147816
1.692308 0.255319 0.221725
1.692308 0.340426 0.295633
1.692308 0.425532 0.369541
1.692308 0.510638 0.443449
1.692308 0.595745 0.517357
1.692308 0.680851 0.591266
1.692308 0.765957 0.665174
1.692308 0.851064 0.739082
1.692308 0.936170 0.812990
1.692308 1.021277 0.886898
1.692308 1.106383 0.960807
1.692308 1.191489 1.034715
1.692308 1.276596 1.108623
1.692308 1.361702 1.182531
1.692308 1.446809 1.256440
1.692308 1.531915 1.330348
1.692308 1.617021 1.404256
1.692308 1.702128 1.478164
1.692308 1.787234 1.552072
1.692308 1.872340 1.625981
1.692308 1.957447 1.699889
1.692308 2.042553 1.773797
1.692308 2.127660 1.847705
1.692308 2.212766 1.921613
1.692308 2.297872 1.995522
1.692308 2.382979 2.069430
1.692308 2.468085 2.143338
1.692308 2.553191 2.217246
1.692308 2.638298 2.291154
1.692308 2.723404 2.365063
1.692308 2.808511 2.438971
1.692308 2.893617 2.512879
1.692308 2.978723 2.586787
1.692308 3.063830 2.660695
1.692308 3.148936 2.734604
1.692308 3.234043 2.808512
1.692308 3.319149 2.882420
1.692308 3.404255 2.956328
1.692308 3.489362 3.030236
1.692308 3.574468 3.104145
1.692308 3.659574 3.178053
1.692308 3.744681 3.251961
1.692308 3.829787 3.325869
1.692308 3.914894 3.399778
1.692308 4.000000 0.000000
1.769231 0.000000 0.000000
1.769231 0.085106 0.077268
1.769231 0.170213 0.154535
1.769231 0.255319 0.231803
1.769231 0.340426 0.309071
1.769231 0.425532 0.386338
1.769231 0.510638 0.463606
1.769231 0.595745 0.540874
1.769231 0.680851 0.618141
1.769231 0.765957 0.695409
1.769231 0.851064 0.772677
1.769231 0.936170 0.849944
1.769231 1.021277 0.927212
1.769231 1.106383 1.004480
1.769231 1.191489 1.081747
1.769231 1.276596 1.159015
1.769231 1.361702 1.236283
1.769231 1.446809 1.313550
1.769231 1.531915 1.390818
1.769231 1.617021 1.468086
1.769231 1.702128 1.545353
1.769231 1.787234 1.622621
1.769231 1.872340 1.699889
1.769231 1.957447 1.777156
1.769231 2.042553 1.854424
1.769231 2.127660 1.931692
1.769231 2.212766 2.008959
1.769231 2.297872 2.086227
1.769231 2.382979 2.163495
1.769231 2.468085 2.240762
1.769231 2.553191 2.318030
1.769231 2.638298 2.395298
1.769231 2.723404 2.472565
1.769231 2.808511 2.549833
1.769231 2.893617 2.627101
1.769231 2.978723 2.704368
1.769231 3.063830 2.781636
1.769231 3.148936 2.858904
1.769231 3.234043 2.936171
1.769231 3.319149 3.013439
1.769231 3.404255 3.090707
1.769231 3.489362 3.167975
1.769231 3.574468 3.245242
1.769231 3.659574 3.322510
1.769231 3.744681 3.399778
1.769231 3.829787 3.477045
1.769231 3.914894 3.554313
1.769231 4.000000 0.000000
1.846154 0.000000 0.000000
1.846154 0.085106 0.080627
1.846154 0.170213 0.161254
1.846154 0.255319 0.241881
1.846154 0.340426 0.322509
1.846154 0.425532 0.403136
1.846154 0.510638 0.483763
1.846154 0.595745 0.564390
1.846154 0.680851 0.645017
1.846154 0.765957 0.725644
1.846154 0.851064 0.806271
1.846154 0.936170 0.886898
1.846154 1.021277 0.967526
1.846154 1.106383 1.048153
1.846154 1.191489 1.128780
1.846154 1.276596 1.209407
1.846154 1.361702 1.290034
1.846154 1.446809 1.370661
1.846154 1.531915 1.451288
1.846154 1.617021 1.531916
1.846154 1.702128 1.612543
1.846154 1.787234 1.693170
1.846154 1.872340 1.773797
1.846154 1.957447 1.854424
1.846154 2.042553 1.935051
1.846154 2.127660 2.015678
1.846154 2.212766 2.096306
1.846154 2.297872 2.176933
1.846154 2.382979 2.257560
1.846154 2.468085 2.338187
1.846154 2.553191 2.418814
1.846154 2.638298 2.499441
1.846154 2.723404 2.580068
1.846154 2.808511 2.660695
1.846154 2.893617 2.741323
1.846154 2.978723 2.821950
1.846154 3.063830 2.902577
1.846154 3.148936 2.983204
1.846154 3.234043 3.063831
1.846154 3.319149 3.144458
1.846154 3.404255 3.225085
1.846154 3.489362 3.305713
1.846154 3.574468 3.386340
1.846154 3.659574 3.466967
1.846154 3.744681 3.547594
1.846154 3.829787 3.628221
1.846154 3.914894 3.708848
1.846154 4.000000 0.000000
1.923077 0.000000 0.000000
1.923077 0.085106 0.083987
1.923077 0.170213 0.167973
1.923077 0.255319 0.251960
1.923077 0.340426 0.335946
1.923077 0.425532 0.419933
1.923077 0.510638 0.503920
1.923077 0.595745 0.587906
1.923077 0.680851 0.671893
1.923077 0.765957 0.755879
1.923077 0.851064 0.839866
1.923077 0.936170 0.923853
1.923077 1.021277 1.007839
1.923077 1.106383 1.091826
1.923077 1.191489 1.175812
1.923077 1.276596 1.259799
1.923077 1.361702 1.343786
1.923077 1.446809 1.427772
1.923077 1.531915 1.511759
1.923077 1.617021 1.595745
1.923077 1.702128 1.679732
1.923077 1.787234 1.763719
1.923077 1.872340 1.847705
1.923077 1.957447 1.931692
1.923077 2.042553 2.015678
1.923077 2.127660 2.099665
1.923077 2.212766 2.183652
1.923077 2.297872 2.267638
1.923077 2.382979 2.351625
1.923077 2.468085 2.435611
1.923077 2.553191 2.519598
1.923077 2.638298 2.603585
1.923077 2.723404 2.687571
1.923077 2.808511 2.771558
1.923077 2.893617 2.855544
1.923077 2.978723 2.939531
1.923077 3.063830 3.023518
1.923077 3.148936 3.107504
1.923077 3.234043 3.191491
1.923077 3.319149 3.275477
1.923077 3.404255 3.359464
1.923077 3.489362 3.443451
1.923077 3.574468 3.527437
1.923077 3.659574 3.611424
1.923077 3.744681 3.695410
1.923077 3.829787 3.779397
1.923077 3.914894 3.863384
1.923077 4.000000 0.000000
2.000000 0.000000 0.000000
2.000000 0.085106 0.087346
2.000000 0.170213 0.174692
2.000000 0.255319 0.262038
2.000000 0.340426 0.349384
2.000000 0.425532 0.436730
2.000000 0.510638 0.524076
2.000000 0.595745 0.611422
2.000000 0.680851 0.698769
2.000000 0.765957 0.786115
2.000000 0.851064 0.873461
2.000000 0.936170 0.960807
2.000000 1.021277 1.048153
2.000000 1.106383 1.135499
2.000000 1.191489 1.222845
2.000000 1.276596 1.310191
2.000000 1.361702 1.397537
2.000000 1.446809 1.484883
2.000000 1.531915 1.572229
2.000000 1.617021 1.659575
2.000000 1.702128 1.746921
2.000000 1.787234 1.834267
2.000000 1.872340 1.921613
2.000000 1.957447 2.008959
2.000000 2.042553 2.096306
2.000000 2.127660 2.183652
2.000000 2.212766 2.270998
2.000000 2.297872 2.358344
2.000000 2.382979 2.445690
2.000000 2.468085 2.533036
2.000000 2.553191 2.620382
2.000000 2.638298 2.707728
2.000000 2.723404 2.795074
2.000000 2.808511 2.882420
2.000000 2.893617 2.969766
2.000000 2.978723 3.057112
2.000000 3.063830 3.144458
2.000000 3.148936 3.231804
2.000000 3.234043 3.319150
2.000000 3.319149 3.406496
2.000000 3.404255 3.493843
2.000000 3.489362 3.581189
2.000000 3.574468 3.668535
2.000000 3.659574 3.755881
2.000000 3.744681 3.843227
2.000000 3.829787 3.930573
2.000000 3.914894 4.017919
2.000000 4.000000 0.000000
2.076923 0.000000 0.000000
2.076923 0.085106 0.090706
2.076923 0.170213 0.181411
2.076923 0.255319 0.272117
2.076923 0.340426 0.362822
2.076923 0.425532 0.453528
2.076923 0.510638 0.544233
2.076923 0.595745 0.634939
2.076923 0.680851 0.725644
2.076923 0.765957 0.816350
2.076923 0.851064 0.907055
2.076923 0.936170 0.997761
2.076923 1.021277 1.088466
2.076923 1.106383 1.179172
2.076923 1.191489 1.269877
2.076923 1.276596 1.360583
2.076923 1.361702 1.451288
2.076923 1.446809 1.541994
2.076923 1.531915 1.632699
2.076923 1.617021 1.723405
2.076923 1.702128 1.814111
2.076923 1.787234 1.904816
2.076923 1.872340 1.995522
2.076923 1.957447 2.086227
2.076923 2.042553 2.176933
2.076923 2.127660 2.267638
2.076923 2.212766 2.358344
2.076923 2.297872 2.449049
2.076923 2.382979 2.539755
2.076923 2.468085 2.630460
2.076923 2.553191 2.721166
2.076923 2.638298 2.811871
2.076923 2.723404 2.902577
2.076923 2.808511 2.993282
2.076923 2.893617 3.083988
2.076923 2.978723 3.174693
2.076923 3.063830 3.265399
2.076923 3.148936 3.356104
2.076923 3.234043 3.446810
2.076923 3.319149 3.537516
2.076923 3.404255 3.628221
2.076923 3.489362 3.718927
2.076923 3.574468 3.809632
2.076923 3.659574 3.900338
2.076923 3.744681 3.991043
2.076923 3.829787 4.081749
2.076923 3.914894 4.172454
2.076923 4.000000 0.000000
2.153846 0.000000 0.000000
2.153846 0.085106 0.094065
2.153846 0.170213 0.188130
2.153846 0.255319 0.282195
2.153846 0.340426 0.376260
2.153846 0.425532 0.470325
2.153846 0.510638 0.564390
2.153846 0.595745 0.658455
2.153846 0.680851 0.752520
2.153846 0.765957 0.846585
2.153846 0.851064 0.940650
2.153846 0.936170 1.034715
2.153846 1.021277 1.128780
2.153846 1.106383 1.222845
2.153846 1.191489 1.316910
2.153846 1.276596 1.410975
2.153846 1.361702 1.505040
2.153846 1.446809 1.599105
2.153846 1.531915 1.693170
2.153846 1.617021 1.787235
2.153846 1.702128 1.881300
2.153846 1.787234 1.975365
2.153846 1.872340 2.069430
2.153846 1.957447 2.163495
2.153846 2.042553 2.257560
2.153846 2.127660 2.351625
2.153846 2.212766 2.445690
2.153846 2.297872 2.539755
2.153846 2.382979 2.633820
2.153846 2.468085 2.727885
2.153846 2.553191 2.821950
2.153846 2.638298 2.916015
2.153846 2.723404 3.010080
2.153846 2.808511 3.104145
2.153846 2.893617 3.198210
2.153846 2.978723 3.292275
2.153846 3.063830 3.386340
2.153846 3.148936 3.480405
2.153846 3.234043 3.574470
2.153846 3.319149 3.668535
2.153846 3.404255 3.762600
2.153846 3.489362 3.856665
2.153846 3.574468 3.950730
2.153846 3.659574 4.044795
2.153846 3.744681 4.138860
2.153846 3.829787 4.232925
2.153846 3.914894 4.326990
2.153846 4.000000 0.000000
2.230769 0.000000 0.000000
2.230769 0.085106 0.097424
2.230769 0.170213 0.194849
2.230769 0.255319 0.292273
2.230769 0.340426 0.389698
2.230769 0.425532 0.487122
2.230769 0.510638 0.584547
2.230769 0.595745 0.681971
2.230769 0.680851 0.779396
2.230769 0.765957 0.876820
2.230769 0.851064 0.974245
2.230769 0.936170 1.071669
2.230769 1.021277 1.169093
2.230769 1.106383 1.266518
2.230769 1.191489 1.363942
2.230769 1.276596 1.461367
2.230769 1.361702 1.558791
2.230769 1.446809 1.656216
2.230769 1.531915 1.753640
2.230769 1.617021 1.851065
2.230769 1.702128 1.948489
2.230769 1.787234 2.045914
2.230769 1.872340 2.143338
2.230769 1.957447 2.240762
2.230769 2.042553 2.338187
2.230769 2.127660 2.435611
2.230769 2.212766 2.533036
2.230769 2.297872 2.630460
2.230769 2.382979 2.727885
2.230769 2.468085 2.825309
2.230769 2.553191 2.922734
2.230769 2.638298 3.020158
2.230769 2.723404 3.117583
2.230769 2.808511 3.215007
2.230769 2.893617 3.312431
2.230769 2.978723 3.409856
2.230769 3.063830 3.507280
2.230769 3.148936 3.604705
2.230769 3.234043 3.702129
2.230769 3.319149 3.799554
2.230769 3.404255 3.896978
2.230769 3.489362 3.994403
2.230769 3.574468 4.091827
2.230769 3.659574 4.189252
2.230769 3.744681 4.286676
2.230769 3.829787 4.384100
2.230769 3.914894 4.481525
2.230769 4.000000 0.000000
2.307692 0.000000 0.000000
2.307692 0.085106 0.100784
2.307692 0.170213 0.201568
2.307692 0.255319 0.302352
2.307692 0.340426 0.403136
2.307692 0.425532 0.503920
2.307692 0.510638 0.604704
2.307692 0.595745 0.705487
2.307692 0.680851 0.806271
2.307692 0.765957 0.907055
2.307692 0.851064 1.007839
2.307692 0.936170 1.108623
2.307692 1.021277 1.209407
2.307692 1.106383 1.310191
2.307692 1.191489 1.410975
2.307692 1.276596 1.511759
2.307692 1.361702 1.612543
2.307692 1.446809 1.713327
2.307692 1.531915 1.814111
2.307692 1.617021 1.914894
2.307692 1.702128 2.015678
2.307692 1.787234 2.116462
2.307692 1.872340 2.217246
2.307692 1.957447 2.318030
2.307692 2.042553 2.418814
2.307692 2.127660 2.519598
2.307692 2.212766 2.620382
2.307692 2.297872 2.721166
2.307692 2.382979 2.821950
2.307692 2.468085 2.922734
2.307692 2.553191 3.023518
2.307692 2.638298 3.124301
2.307692 2.723404 3.225085
2.307692 2.808511 3.325869
2.307692 2.893617 3.426653
2.307692 2.978723 3.527437
2.307692 3.063830 3.628221
2.307692 3.148936 3.729005
2.307692 3.234043 3.829789
2.307692 3.319149 3.930573
2.307692 3.404255 4.031357
2.307692 3.489362 4.132141
2.307692 3.574468 4.232925
2.307692 3.659574 4.333708
2.307692 3.744681 4.434492
2.307692 3.829787 4.535276
2.307692 3.914894 4.636060
2.307692 4.000000 0.000000
2.384615 0.000000 0.000000
2.384615 0.085106 0.104143
2.384615 0.170213 0.208287
2.384615 0.255319 0.312430
2.384615 0.340426 0.416574
2.384615 0.425532 0.520717
2.384615 0.510638 0.624860
2.384615 0.595745 0.729004
2.384615 0.680851 0.833147
2.384615 0.765957 0.937290
2.384615 0.851064 1.041434
2.384615 0.936170 1.145577
2.384615 1.021277 1.249721
2.384615 1.106383 1.353864
2.384615 1.191489 1.458007
2.384615 1.276596 1.562151
2.384615 1.361702 1.666294
2.384615 1.446809 1.770438
2.384615 1.531915 1.874581
2.384615 1.617021 1.978724
2.384615 1.702128 2.082868
2.384615 1.787234 2.187011
2.384615 1.872340 2.291154
2.384615 1.957447 2.395298
2.384615 2.042553 2.499441
2.384615 2.127660 2.603585
2.384615 2.212766 2.707728
2.384615 2.297872 2.811871
2.384615 2.382979 2.916015
2.384615 2.468085 3.020158
2.384615 2.553191 3.124301
2.384615 2.638298 3.228445
2.384615 2.723404 3.332588
2.384615 2.808511 3.436732
2.384615 2.893617 3.540875
2.384615 2.978723 3.645018
2.384615 3.063830 3.749162
2.384615 3.148936 3.853305
2.384615 3.234043 3.957449
2.384615 3.319149 4.061592
2.384615 3.404255 4.165735
2.384615 3.489362 4.269879
2.384615 3.574468 4.374022
2.384615 3.659574 4.478165
2.384615 3.744681 4.582309
2.384615 3.829787 4.686452
2.384615 3.914894 4.790596
2.384615 4.000000 0.000000
2.461538 0.000000 0.000000
2.461538 0.085106 0.107503
2.461538 0.170213 0.215006
2.461538 0.255319 0.322509
2.461538 0.340426 0.430011
2.461538 0.425532 0.537514
2.461538 0.510638 0.645017
2.461538 0.595745 0.752520
2.461538 0.680851 0.860023
2.461538 0.765957 0.967526
2.461538 0.851064 1.075028
2.461538 0.936170 1.182531
2.461538 1.021277 1.290034
2.461538 1.106383 1.397537
2.461538 1.191489 1.505040
2.461538 1.276596 1.612543
2.461538 1.361702 1.720046
2.461538 1.446809 1.827548
2.461538 1.531915 1.935051
2.461538 1.617021 2.042554
2.461538 1.702128 2.150057
2.461538 1.787234 2.257560
2.461538 1.872340 2.365063
2.461538 1.957447 2.472565
2.461538 2.042553 2.580068
2.461538 2.127660 2.687571
2.461538 2.212766 2.795074
2.461538 2.297872 2.902577
2.461538 2.382979 3.010080
2.461538 2.468085 3.117583
2.461538 2.553191 3.225085
2.461538 2.638298 3.332588
2.461538 2.723404 3.440091
2.461538 2.808511 3.547594
2.461538 2.893617 3.655097
2.461538 2.978723 3.762600
2.461538 3.063830 3.870102
2.461538 3.148936 3.977605
2.461538 3.234043 4.085108
2.461538 3.319149 4.192611
2.461538 3.404255 4.300114
2.461538 3.489362 4.407617
2.461538 3.574468 4.515120
2.461538 3.659574 4.622622
2.461538 3.744681 4.730125
2.461538 3.829787 4.837628
2.461538 3.914894 4.945131
2.461538 4.000000 0.000000
2.538462 0.000000 0.000000
2.538462 0.085106 0.110862
2.538462 0.170213 0.221725
2.538462 0.255319 0.332587
2.538462 0.340426 0.443449
2.538462 0.425532 0.554312
2.538462 0.510638 0.665174
2.538462 0.595745 0.776036
2.538462 0.680851 0.886898
2.538462 0.765957 0.997761
2.538462 0.851064 1.108623
2.538462 0.936170 1.219485
2.538462 1.021277 1.330348
2.538462 1.106383 1.441210
2.538462 1.191489 1.552072
2.538462 1.276596 1.662935
2.538462 1.361702 1.773797
2.538462 1.446809 1.884659
2.538462 1.531915 1.995522
2.538462 1.617021 2.106384
2.538462 1.702128 2.217246
2.538462 1.787234 2.328109
2.538462 1.872340 2.438971
2.538462 1.957447 2.549833
2.538462 2.042553 2.660695
2.538462 2.127660 2.771558
2.538462 2.212766 2.882420
2.538462 2.297872 2.993282
2.538462 2.382979 3.104145
2.538462 2.468085 3.215007
2.538462 2.553191 3.325869
2.538462 2.638298 3.436732
2.538462 2.723404 3.547594
2.538462 2.808511 3.658456
2.538462 2.893617 3.769319
2.538462 2.978723 3.880181
2.538462 3.063830 3.991043
2.538462 3.148936 4.101905
2.538462 3.234043 4.212768
2.538462 3.319149 4.323630
2.538462 3.404255 4.434492
2.538462 3.489362 4.545355
2.538462 3.574468 4.656217
2.538462 3.659574 4.767079
2.538462 3.744681 4.877942
2.538462 3.829787 4.988804
2.538462 3.914894 5.099666
2.538462 4.000000 0.000000
2.615385 0.000000 0.000000
2.615385 0.085106 0.114222
2.615385 0.170213 0.228444
2.615385 0.255319 0.342665
2.615385 0.340426 0.456887
2.615385 0.425532 0.571109
2.615385 0.510638 0.685331
2.615385 0.595745 0.799552
2.615385 0.680851 0.913774
2.615385 0.765957 1.027996
2.615385 0.851064 1.142218
2.615385 0.936170 1.256440
2.615385 1.021277 1.370661
2.615385 1.106383 1.484883
2.615385 1.191489 1.599105
2.615385 1.276596 1.713327
2.615385 1.361702 1.827548
2.615385 1.446809 1.941770
2.615385 1.531915 2.055992
2.615385 1.617021 2.170214
2.615385 1.702128 2.284435
2.615385 1.787234 2.398657
2.615385 1.872340 2.512879
2.615385 1.957447 2.627101
2.615385 2.042553 2.741323
2.615385 2.127660 2.855544
2.615385 2.212766 2.969766
2.615385 2.297872 3.083988
2.615385 2.382979 3.198210
2.615385 2.468085 3.312431
2.615385 2.553191 3.426653
2.615385 2.638298 3.540875
2.615385 2.723404 3.655097
2.615385 2.808511 3.769319
2.615385 2.893617 3.883540
2.615385 2.978723 3.997762
2.615385 3.063830 4.111984
2.615385 3.148936 4.226206
2.615385 3.234043 4.340427
2.615385 3.319149 4.454649
2.615385 3.404255 4.568871
2.615385 3.489362 4.683093
2.615385 3.574468 4.797315
2.615385 3.659574 4.911536
2.615385 3.744681 5.025758
2.615385 3.829787 5.139980
2.615385 3.914894 5.254202
2.615385 4.000000 0.000000
2.692308 0.000000 0.000000
2.692308 0.085106 0.117581
2.692308 0.170213 0.235162
2.692308 0.255319 0.352744
2.692308 0.340426 0.470325
2.692308 0.425532 0.587906
2.692308 0.510638 0.705487
2.692308 0.595745 0.823069
2.692308 0.680851 0.940650
2.692308 0.765957 1.058231
2.692308 0.851064 1.175812
2.692308 0.936170 1.293394
2.692308 1.021277 1.410975
2.692308 1.106383 1.528556
2.692308 1.191489 1.646137
2.692308 1.276596 1.763719
2.692308 1.361702 1.881300
2.692308 1.446809 1.998881
2.692308 1.531915 2.116462
2.692308 1.617021 2.234044
2.692308 1.702128 2.351625
2.692308 1.787234 2.469206
2.692308 1.872340 2.586787
2.692308 1.957447 2.704368
2.692308 2.042553 2.821950
2.692308 2.127660 2.939531
2.692308 2.212766 3.057112
2.692308 2.297872 3.174693
2.692308 2.382979 3.292275
2.692308 2.468085 3.409856
2.692308 2.553191 3.527437
2.692308 2.638298 3.645018
2.692308 2.723404 3.762600
2.692308 2.808511 3.880181
2.692308 2.893617 3.997762
2.692308 2.978723 4.115343
2.692308 3.063830 4.232925
2.692308 3.148936 4.350506
2.692308 3.234043 4.468087
2.692308 3.319149 4.585668
2.692308 3.404255 4.703250
2.692308 3.489362 4.820831
2.692308 3.574468 4.938412
2.692308 3.659574 5.055993
2.692308 3.744681 5.173574
2.692308 3.829787 5.291156
2.692308 3.914894 5.408737
2.692308 4.000000 0.000000
2.769231 0.000000 0.000000
2.769231 0.085106 0.120941
2.769231 0.170213 0.241881
2.769231 0.255319 0.362822
2.769231 0.340426 0.483763
2.769231 0.425532 0.604704
2.769231 0.510638 0.725644
2.769231 0.595745 0.846585
2.769231 0.680851 0.967526
2.769231 0.765957 1.088466
2.769231 0.851064 1.209407
2.769231 0.936170 1.330348
2.769231 1.021277 1.451288
2.769231 1.106383 1.572229
2.769231 1.191489 1.693170
2.769231 1.276596 1.814111
2.769231 1.361702 1.935051
2.769231 1.446809 2.055992
2.769231 1.531915 2.176933
2.769231 1.617021 2.297873
2.769231 1.702128 2.418814
2.769231 1.787234 2.539755
2.769231 1.872340 2.660695
2.769231 1.957447 2.781636
2.769231 2.042553 2.902577
2.769231 2.127660 3.023518
2.769231 2.212766 3.144458
2.769231 2.297872 3.265399
2.769231 2.382979 3.386340
2.769231 2.468085 3.507280
2.769231 2.553191 3.628221
2.769231 2.638298 3.749162
2.769231 2.723404 3.870102
2.769231 2.808511 3.991043
2.769231 2.893617 4.111984
2.769231 2.978723 4.232925
2.769231 3.063830 4.353865
2.769231 3.148936 4.474806
2.769231 3.234043 4.595747
2.769231 3.319149 4.716687
2.769231 3.404255 4.837628
2.769231 3.489362 4.958569
2.769231 3.574468 5.079509
2.769231 3.659574 5.200450
2.769231 3.744681 5.321391
2.769231 3.829787 5.442332
2.769231 3.914894 5.563272
2.769231 4.000000 0.000000
2.846154 0.000000 0.000000
2.846154 0.085106 0.124300
2.846154 0.170213 0.248600
2.846154 0.255319 0.372900
2.846154 0.340426 0.497201
2.846154 0.425532 0.621501
2.846154 0.510638 0.745801
2.846154 0.595745 0.870101
2.846154 0.680851 0.994401
2.846154 0.765957 1.118701
2.846154 0.851064 1.243002
2.846154 0.936170 1.367302
2.846154 1.021277 1.491602
2.846154 1.106383 1.615902
2.846154 1.191489 1.740202
2.846154 1.276596 1.864502
2.846154 1.361702 1.988803
2.846154 1.446809 2.113103
2.846154 1.531915 2.237403
2.846154 1.617021 2.361703
2.846154 1.702128 2.486003
2.846154 1.787234 2.610303
2.846154 1.872340 2.734604
2.846154 1.957447 2.858904
2.846154 2.042553 2.983204
2.846154 2.127660 3.107504
2.846154 2.212766 3.231804
2.846154 2.297872 3.356104
2.846154 2.382979 3.480405
2.846154 2.468085 3.604705
2.846154 2.553191 3.729005
2.846154 2.638298 3.853305
2.846154 2.723404 3.977605
2.846154 2.808511 4.101905
2.846154 2.893617 4.226206
2.846154 2.978723 4.350506
2.846154 3.063830 4.474806
2.846154 3.148936 4.599106
2.846154 3.234043 4.723406
2.846154 3.319149 4.847706
2.846154 3.404255 4.972007
2.846154 3.489362 5.096307
2.846154 3.574468 5.220607
2.846154 3.659574 5.344907
2.846154 3.744681 5.469207
2.846154 3.829787 5.593507
2.846154 3.914894 5.717808
2.846154 4.000000 0.000000
2.923077 0.000000 0.000000
2.923077 0.085106 0.127660
2.923077 0.170213 0.255319
2.923077 0.255319 0.382979
2.923077 0.340426 0.510639
2.923077 0.425532 0.638298
2.923077 0.510638 0.765958
2.923077 0.595745 0.893617
2.923077 0.680851 1.021277
2.923077 0.765957 1.148937
2.923077 0.851064 1.276596
2.923077 0.936170 1.404256
2.923077 1.021277 1.531916
2.923077 1.106383 1.659575
2.923077 1.191489 1.787235
2.923077 1.276596 1.914894
2.923077 1.361702 2.042554
2.923077 1.446809 2.170214
2.923077 1.531915 2.297873
2.923077 1.617021 2.425533
2.923077 1.702128 2.553193
2.923077 1.787234 2.680852
2.923077 1.872340 2.808512
2.923077 1.957447 2.936171
2.923077 2.042553 3.063831
2.923077 2.127660 3.191491
2.923077 2.212766 3.319150
2.923077 2.297872 3.446810
2.923077 2.382979 3.574470
2.923077 2.468085 3.702129
2.923077 2.553191 3.829789
2.923077 2.638298 3.957449
2.923077 2.723404 4.085108
2.923077 2.808511 4.212768
2.923077 2.893617 4.340427
2.923077 2.978723 4.468087
2.923077 3.063830 4.595747
2.923077 3.148936 4.723406
2.923077 3.234043 4.851066
2.923077 3.319149 4.978726
2.923077 3.404255 5.106385
2.923077 3.489362 5.234045
2.923077 3.574468 5.361704
2.923077 3.659574 5.489364
2.923077 3.744681 5.617024
2.923077 3.829787 5.744683
2.923077 3.914894 5.872343
2.923077 4.000000 0.000000
3.000000 0.000000 0.000000
3.000000 0.085106 0.000000
3.000000 0.170213 0.000000
3.000000 0.255319 0.000000
3.000000 0.340426 0.000000
3.000000 0.425532 0.000000
3.000000 0.510638 0.000000
3.000000 0.595745 0.000000
3.000000 0.680851 0.000000
3.000000 0.765957 0.000000
3.000000 0.851064 0.000000
3.000000 0.936170 0.000000
3.000000 1.021277 0.000000
3.000000 1.106383 0.000000
3.000000 1.191489 0.000000
3.000000 1.276596 0.000000
3.000000 1.361702 0.000000
3.000000 1.446809 0.000000
3.000000 1.531915 0.000000
3.000000 1.617021 0.000000
3.000000 1.702128 0.000000
3.000000 1.787234 0.000000
3.000000 1.872340 0.000000
3.000000 1.957447 0.000000
3.000000 2.042553 0.000000
3.000000 2.127660 0.000000
3.000000 2.212766 0.000000
3.000000 2.297872 0.000000
3.000000 2.382979 0.000000
3.000000 2.468085 0.000000
3.000000 2.553191 0.000000
3.000000 2.638298 0.000000
3.000000 2.723404 0.000000
3.000000 2.808511 0.000000
3.000000 2.893617 0.000000
3.000000 2.978723 0.000000
3.000000 3.063830 0.000000
3.000000 3.148936 0.000000
3.000000 3.234043 0.000000
3.000000 3.319149 0.000000
3.000000 3.404255 0.000000
3.000000 3.489362 0.000000
3.000000 3.574468 0.000000
3.000000 3.659574 0.000000
3.000000 3.744681 0.000000
3.000000 3.829787 0.000000
3.000000 3.914894 0.000000
3.000000 4.000000 0.000000
