0.040541 0.250000 0.135539
0.040541 0.750000 0.368793
0.040541 1.250000 0.602047
0.040541 1.750000 0.835300
0.121622 0.250000 0.173364
0.121622 0.750000 0.406618
0.121622 1.250000 0.639872
0.121622 1.750000 0.873125
0.202703 0.250000 0.211189
0.202703 0.750000 0.444443
0.202703 1.250000 0.677697
0.202703 1.750000 0.910950
0.283784 0.250000 0.249014
0.283784 0.750000 0.482268
0.283784 1.250000 0.715521
0.283784 1.750000 0.948775
0.364865 0.250000 0.286839
0.364865 0.750000 0.520093
0.364865 1.250000 0.753346
0.364865 1.750000 0.986600
0.445946 0.250000 0.324664
0.445946 0.750000 0.557918
0.445946 1.250000 0.791171
0.445946 1.750000 1.024425
0.527027 0.250000 0.362489
0.527027 0.750000 0.595743
0.527027 1.250000 0.828996
0.527027 1.750000 1.062250
0.608108 0.250000 0.400314
0.608108 0.750000 0.633567
0.608108 1.250000 0.866821
0.608108 1.750000 1.100075
0.689189 0.250000 0.438139
0.689189 0.750000 0.671392
0.689189 1.250000 0.904646
0.689189 1.750000 1.137900
0.770270 0.250000 0.475964
0.770270 0.750000 0.709217
0.770270 1.250000 0.942471
0.770270 1.750000 1.175725
0.851351 0.250000 0.513789
0.851351 0.750000 0.747042
0.851351 1.250000 0.980296
0.851351 1.750000 1.213550
0.932432 0.250000 0.551613
0.932432 0.750000 0.784867
0.932432 1.250000 1.018121
0.932432 1.750000 1.251375
1.013514 0.250000 0.589438
1.013514 0.750000 0.822692
1.013514 1.250000 1.055946
1.013514 1.750000 1.289199
1.094595 0.250000 0.627263
1.094595 0.750000 0.860517
1.094595 1.250000 1.093771
1.094595 1.750000 1.327024
1.175676 0.250000 0.665088
1.175676 0.750000 0.898342
1.175676 1.250000 1.131596
1.175676 1.750000 1.364849
1.256757 0.250000 0.702913
1.256757 0.750000 0.936167
1.256757 1.250000 1.169421
1.256757 1.750000 1.402674
1.337838 0.250000 0.740738
1.337838 0.750000 0.973992
1.337838 1.250000 1.207245
1.337838 1.750000 1.440499
1.418919 0.250000 0.778563
1.418919 0.750000 1.011817
1.418919 1.250000 1.245070
1.418919 1.750000 1.478324
1.500000 0.250000 0.816388
1.500000 0.750000 1.049642
1.500000 1.250000 1.282895
1.500000 1.750000 1.516149
1.581081 0.250000 0.854213
1.581081 0.750000 1.087467
1.581081 1.250000 1.320720
1.581081 1.750000 1.553974
1.662162 0.250000 0.892038
1.662162 0.750000 1.125291
1.662162 1.250000 1.358545
1.662162 1.750000 1.591799
1.743243 0.250000 0.929863
1.743243 0.750000 1.163116
1.743243 1.250000 1.396370
1.743243 1.750000 1.629624
1.824324 0.250000 0.967688
1.824324 0.750000 1.200941
1.824324 1.250000 1.434195
1.824324 1.750000 1.667449
1.905405 0.250000 1.005513
1.905405 0.750000 1.238766
1.905405 1.250000 1.472020
1.905405 1.750000 1.705274
1.986486 0.250000 1.043337
1.986486 0.750000 1.276591
1.986486 1.250000 1.509845
1.986486 1.750000 1.743099
2.067568 0.250000 1.081162
2.067568 0.750000 1.314416
2.067568 1.250000 1.547670
2.067568 1.750000 1.780923
2.148649 0.250000 1.118987
2.148649 0.750000 1.352241
2.148649 1.250000 1.585495
2.148649 1.750000 1.818748
2.229730 0.250000 1.156812
2.229730 0.750000 1.390066
2.229730 1.250000 1.623320
2.229730 1.750000 1.856573
2.310811 0.250000 1.194637
2.310811 0.750000 1.427891
2.310811 1.250000 1.661145
2.310811 1.750000 1.894398
2.391892 0.250000 1.232462
2.391892 0.750000 1.465716
2.391892 1.250000 1.698969
2.391892 1.750000 1.932223
2.472973 0.250000 1.270287
2.472973 0.750000 1.503541
2.472973 1.250000 1.736794
2.472973 1.750000 1.970048
2.554054 0.250000 1.308112
2.554054 0.750000 1.541366
2.554054 1.250000 1.774619
2.554054 1.750000 2.007873
2.635135 0.250000 1.345937
2.635135 0.750000 1.579191
2.635135 1.250000 1.812444
2.635135 1.750000 2.045698
2.716216 0.250000 1.383762
2.716216 0.750000 1.617015
2.716216 1.250000 1.850269
2.716216 1.750000 2.083523
2.797297 0.250000 1.421587
2.797297 0.750000 1.654840
2.797297 1.250000 1.888094
2.797297 1.750000 2.121348
2.878378 0.250000 1.459412
2.878378 0.750000 1.692665
2.878378 1.250000 1.925919
2.878378 1.750000 2.159173
2.959459 0.250000 1.497237
2.959459 0.750000 1.730490
2.959459 1.250000 1.963744
2.959459 1.750000 2.196998
