0.000000 0.000000 0.778073
0.000000 0.047619 0.816021
0.000000 0.095238 0.855819
0.000000 0.142857 0.897558
0.000000 0.190476 0.941333
0.000000 0.238095 0.987243
0.000000 0.285714 1.035391
0.000000 0.333333 1.085889
0.000000 0.380952 1.138849
0.000000 0.428571 1.194391
0.000000 0.476190 1.252643
0.000000 0.523810 1.313736
0.000000 0.571429 1.377808
0.000000 0.619048 1.445005
0.000000 0.666667 1.515480
0.000000 0.714286 1.589391
0.000000 0.761905 1.666907
0.000000 0.809524 1.748204
0.000000 0.857143 1.833466
0.000000 0.904762 1.922886
0.000000 0.952381 2.016667
0.000000 1.000000 2.115022
0.500000 0.000000 0.682823
0.500000 0.047619 0.716125
0.500000 0.095238 0.751052
0.500000 0.142857 0.787681
0.500000 0.190476 0.826097
0.500000 0.238095 0.866387
0.500000 0.285714 0.908642
0.500000 0.333333 0.952957
0.500000 0.380952 0.999434
0.500000 0.428571 1.048177
0.500000 0.476190 1.099298
0.500000 0.523810 1.152912
0.500000 0.571429 1.209140
0.500000 0.619048 1.268111
0.500000 0.666667 1.329959
0.500000 0.714286 1.394822
0.500000 0.761905 1.462849
0.500000 0.809524 1.534194
0.500000 0.857143 1.609018
0.500000 0.904762 1.687491
0.500000 0.952381 1.769792
0.500000 1.000000 1.856107
1.000000 0.000000 0.420395
1.000000 0.047619 0.440898
1.000000 0.095238 0.462401
1.000000 0.142857 0.484953
1.000000 0.190476 0.508604
1.000000 0.238095 0.533409
1.000000 0.285714 0.559424
1.000000 0.333333 0.586708
1.000000 0.380952 0.615322
1.000000 0.428571 0.645332
1.000000 0.476190 0.676806
1.000000 0.523810 0.709814
1.000000 0.571429 0.744433
1.000000 0.619048 0.780740
1.000000 0.666667 0.818817
1.000000 0.714286 0.858752
1.000000 0.761905 0.900634
1.000000 0.809524 0.944559
1.000000 0.857143 0.990626
1.000000 0.904762 1.038940
1.000000 0.952381 1.089610
1.000000 1.000000 1.142751
1.500000 0.000000 0.055039
1.500000 0.047619 0.057723
1.500000 0.095238 0.060538
1.500000 0.142857 0.063491
1.500000 0.190476 0.066587
1.500000 0.238095 0.069835
1.500000 0.285714 0.073241
1.500000 0.333333 0.076813
1.500000 0.380952 0.080559
1.500000 0.428571 0.084488
1.500000 0.476190 0.088608
1.500000 0.523810 0.092930
1.500000 0.571429 0.097462
1.500000 0.619048 0.102216
1.500000 0.666667 0.107201
1.500000 0.714286 0.112429
1.500000 0.761905 0.117912
1.500000 0.809524 0.123663
1.500000 0.857143 0.129694
1.500000 0.904762 0.136020
1.500000 0.952381 0.142653
1.500000 1.000000 0.149611
2.000000 0.000000 -0.323793
2.000000 0.047619 -0.339584
2.000000 0.095238 -0.356146
2.000000 0.142857 -0.373516
2.000000 0.190476 -0.391733
2.000000 0.238095 -0.410838
2.000000 0.285714 -0.430875
2.000000 0.333333 -0.451889
2.000000 0.380952 -0.473928
2.000000 0.428571 -0.497042
2.000000 0.476190 -0.521283
2.000000 0.523810 -0.546707
2.000000 0.571429 -0.573370
2.000000 0.619048 -0.601334
2.000000 0.666667 -0.630662
2.000000 0.714286 -0.661420
2.000000 0.761905 -0.693678
2.000000 0.809524 -0.727510
2.000000 0.857143 -0.762991
2.000000 0.904762 -0.800203
2.000000 0.952381 -0.839230
2.000000 1.000000 -0.880160
2.500000 0.000000 -0.623348
2.500000 0.047619 -0.653750
2.500000 0.095238 -0.685634
2.500000 0.142857 -0.719073
2.500000 0.190476 -0.754143
2.500000 0.238095 -0.790923
2.500000 0.285714 -0.829497
2.500000 0.333333 -0.869953
2.500000 0.380952 -0.912381
2.500000 0.428571 -0.956879
2.500000 0.476190 -1.003547
2.500000 0.523810 -1.052491
2.500000 0.571429 -1.103822
2.500000 0.619048 -1.157657
2.500000 0.666667 -1.214117
2.500000 0.714286 -1.273331
2.500000 0.761905 -1.335432
2.500000 0.809524 -1.400563
2.500000 0.857143 -1.468870
2.500000 0.904762 -1.540508
2.500000 0.952381 -1.615640
2.500000 1.000000 -1.694437
3.000000 0.000000 -0.770287
3.000000 0.047619 -0.807854
3.000000 0.095238 -0.847254
3.000000 0.142857 -0.888576
3.000000 0.190476 -0.931912
3.000000 0.238095 -0.977363
3.000000 0.285714 -1.025030
3.000000 0.333333 -1.075022
3.000000 0.380952 -1.127452
3.000000 0.428571 -1.182439
3.000000 0.476190 -1.240107
3.000000 0.523810 -1.300589
3.000000 0.571429 -1.364020
3.000000 0.619048 -1.430544
3.000000 0.666667 -1.500313
3.000000 0.714286 -1.573485
3.000000 0.761905 -1.650226
3.000000 0.809524 -1.730709
3.000000 0.857143 -1.815118
3.000000 0.904762 -1.903643
3.000000 0.952381 -1.996485
3.000000 1.000000 -2.093856
3.500000 0.000000 -0.728632
3.500000 0.047619 -0.764168
3.500000 0.095238 -0.801437
3.500000 0.142857 -0.840524
3.500000 0.190476 -0.881517
3.500000 0.238095 -0.924510
3.500000 0.285714 -0.969599
3.500000 0.333333 -1.016888
3.500000 0.380952 -1.066482
3.500000 0.428571 -1.118496
3.500000 0.476190 -1.173046
3.500000 0.523810 -1.230257
3.500000 0.571429 -1.290258
3.500000 0.619048 -1.353185
3.500000 0.666667 -1.419181
3.500000 0.714286 -1.488396
3.500000 0.761905 -1.560987
3.500000 0.809524 -1.637118
3.500000 0.857143 -1.716962
3.500000 0.904762 -1.800700
3.500000 0.952381 -1.888522
3.500000 1.000000 -1.980627
4.000000 0.000000 -0.508583
4.000000 0.047619 -0.533387
4.000000 0.095238 -0.559401
4.000000 0.142857 -0.586683
4.000000 0.190476 -0.615296
4.000000 0.238095 -0.645305
4.000000 0.285714 -0.676777
4.000000 0.333333 -0.709784
4.000000 0.380952 -0.744401
4.000000 0.428571 -0.780706
4.000000 0.476190 -0.818782
4.000000 0.523810 -0.858715
4.000000 0.571429 -0.900595
4.000000 0.619048 -0.944518
4.000000 0.666667 -0.990584
4.000000 0.714286 -1.038895
4.000000 0.761905 -1.089563
4.000000 0.809524 -1.142703
4.000000 0.857143 -1.198433
4.000000 0.904762 -1.256882
4.000000 0.952381 -1.318182
4.000000 1.000000 -1.382471
4.500000 0.000000 -0.164015
4.500000 0.047619 -0.172014
4.500000 0.095238 -0.180403
4.500000 0.142857 -0.189201
4.500000 0.190476 -0.198429
4.500000 0.238095 -0.208107
4.500000 0.285714 -0.218256
4.500000 0.333333 -0.228901
4.500000 0.380952 -0.240064
4.500000 0.428571 -0.251773
4.500000 0.476190 -0.264052
4.500000 0.523810 -0.276930
4.500000 0.571429 -0.290436
4.500000 0.619048 -0.304601
4.500000 0.666667 -0.319457
4.500000 0.714286 -0.335037
4.500000 0.761905 -0.351377
4.500000 0.809524 -0.368514
4.500000 0.857143 -0.386487
4.500000 0.904762 -0.405336
4.500000 0.952381 -0.425105
4.500000 1.000000 -0.445838
5.000000 0.000000 0.220710
5.000000 0.047619 0.231474
5.000000 0.095238 0.242763
5.000000 0.142857 0.254603
5.000000 0.190476 0.267021
5.000000 0.238095 0.280043
5.000000 0.285714 0.293701
5.000000 0.333333 0.308026
5.000000 0.380952 0.323048
5.000000 0.428571 0.338804
5.000000 0.476190 0.355327
5.000000 0.523810 0.372657
5.000000 0.571429 0.390832
5.000000 0.619048 0.409893
5.000000 0.666667 0.429884
5.000000 0.714286 0.450850
5.000000 0.761905 0.472839
5.000000 0.809524 0.495899
5.000000 0.857143 0.520085
5.000000 0.904762 0.545450
5.000000 0.952381 0.572052
5.000000 1.000000 0.599952
5.500000 0.000000 0.551397
5.500000 0.047619 0.578289
5.500000 0.095238 0.606493
5.500000 0.142857 0.636072
5.500000 0.190476 0.667094
5.500000 0.238095 0.699629
5.500000 0.285714 0.733751
5.500000 0.333333 0.769536
5.500000 0.380952 0.807068
5.500000 0.428571 0.846429
5.500000 0.476190 0.887710
5.500000 0.523810 0.931005
5.500000 0.571429 0.976411
5.500000 0.619048 1.024032
5.500000 0.666667 1.073975
5.500000 0.714286 1.126353
5.500000 0.761905 1.181287
5.500000 0.809524 1.238900
5.500000 0.857143 1.299322
5.500000 0.904762 1.362691
5.500000 0.952381 1.429151
5.500000 1.000000 1.498852
6.000000 0.000000 0.747083
6.000000 0.047619 0.783519
6.000000 0.095238 0.821732
6.000000 0.142857 0.861809
6.000000 0.190476 0.903840
6.000000 0.238095 0.947921
6.000000 0.285714 0.994152
6.000000 0.333333 1.042638
6.000000 0.380952 1.093489
6.000000 0.428571 1.146819
6.000000 0.476190 1.202751
6.000000 0.523810 1.261410
6.000000 0.571429 1.322930
6.000000 0.619048 1.387451
6.000000 0.666667 1.455119
6.000000 0.714286 1.526086
6.000000 0.761905 1.600515
6.000000 0.809524 1.678574
6.000000 0.857143 1.760440
6.000000 0.904762 1.846298
6.000000 0.952381 1.936344
6.000000 1.000000 2.030782
6.500000 0.000000 0.759857
6.500000 0.047619 0.796916
6.500000 0.095238 0.835782
6.500000 0.142857 0.876544
6.500000 0.190476 0.919294
6.500000 0.238095 0.964129
6.500000 0.285714 1.011151
6.500000 0.333333 1.060465
6.500000 0.380952 1.112185
6.500000 0.428571 1.166428
6.500000 0.476190 1.223316
6.500000 0.523810 1.282978
6.500000 0.571429 1.345550
6.500000 0.619048 1.411174
6.500000 0.666667 1.479999
6.500000 0.714286 1.552180
6.500000 0.761905 1.627881
6.500000 0.809524 1.707275
6.500000 0.857143 1.790540
6.500000 0.904762 1.877867
6.500000 0.952381 1.969452
6.500000 1.000000 2.065505
7.000000 0.000000 0.586591
7.000000 0.047619 0.615200
7.000000 0.095238 0.645204
7.000000 0.142857 0.676671
7.000000 0.190476 0.709673
7.000000 0.238095 0.744284
7.000000 0.285714 0.780584
7.000000 0.333333 0.818654
7.000000 0.380952 0.858580
7.000000 0.428571 0.900454
7.000000 0.476190 0.944370
7.000000 0.523810 0.990428
7.000000 0.571429 1.038733
7.000000 0.619048 1.089393
7.000000 0.666667 1.142524
7.000000 0.714286 1.198246
7.000000 0.761905 1.256685
7.000000 0.809524 1.317975
7.000000 0.857143 1.382254
7.000000 0.904762 1.449668
7.000000 0.952381 1.520370
7.000000 1.000000 1.594520
7.500000 0.000000 0.269708
7.500000 0.047619 0.282862
7.500000 0.095238 0.296657
7.500000 0.142857 0.311125
7.500000 0.190476 0.326299
7.500000 0.238095 0.342213
7.500000 0.285714 0.358903
7.500000 0.333333 0.376407
7.500000 0.380952 0.394765
7.500000 0.428571 0.414018
7.500000 0.476190 0.434210
7.500000 0.523810 0.455387
7.500000 0.571429 0.477597
7.500000 0.619048 0.500890
7.500000 0.666667 0.525319
7.500000 0.714286 0.550939
7.500000 0.761905 0.577809
7.500000 0.809524 0.605989
7.500000 0.857143 0.635544
7.500000 0.904762 0.666540
7.500000 0.952381 0.699048
7.500000 1.000000 0.733141
8.000000 0.000000 -0.113210
8.000000 0.047619 -0.118731
8.000000 0.095238 -0.124522
8.000000 0.142857 -0.130595
8.000000 0.190476 -0.136964
8.000000 0.238095 -0.143644
8.000000 0.285714 -0.150649
8.000000 0.333333 -0.157997
8.000000 0.380952 -0.165703
8.000000 0.428571 -0.173784
8.000000 0.476190 -0.182260
8.000000 0.523810 -0.191149
8.000000 0.571429 -0.200471
8.000000 0.619048 -0.210248
8.000000 0.666667 -0.220502
8.000000 0.714286 -0.231256
8.000000 0.761905 -0.242535
8.000000 0.809524 -0.254364
8.000000 0.857143 -0.266769
8.000000 0.904762 -0.279780
8.000000 0.952381 -0.293425
8.000000 1.000000 -0.307736
8.500000 0.000000 -0.468409
8.500000 0.047619 -0.491254
8.500000 0.095238 -0.515213
8.500000 0.142857 -0.540341
8.500000 0.190476 -0.566694
8.500000 0.238095 -0.594332
8.500000 0.285714 -0.623318
8.500000 0.333333 -0.653718
8.500000 0.380952 -0.685600
8.500000 0.428571 -0.719038
8.500000 0.476190 -0.754106
8.500000 0.523810 -0.790885
8.500000 0.571429 -0.829457
8.500000 0.619048 -0.869910
8.500000 0.666667 -0.912337
8.500000 0.714286 -0.956832
8.500000 0.761905 -1.003498
8.500000 0.809524 -1.052440
8.500000 0.857143 -1.103768
8.500000 0.904762 -1.157600
8.500000 0.952381 -1.214058
8.500000 1.000000 -1.273269
9.000000 0.000000 -0.708926
9.000000 0.047619 -0.743501
9.000000 0.095238 -0.779762
9.000000 0.142857 -0.817792
9.000000 0.190476 -0.857677
9.000000 0.238095 -0.899507
9.000000 0.285714 -0.943377
9.000000 0.333333 -0.989386
9.000000 0.380952 -1.037639
9.000000 0.428571 -1.088246
9.000000 0.476190 -1.141321
9.000000 0.523810 -1.196984
9.000000 0.571429 -1.255363
9.000000 0.619048 -1.316588
9.000000 0.666667 -1.380799
9.000000 0.714286 -1.448142
9.000000 0.761905 -1.518770
9.000000 0.809524 -1.592842
9.000000 0.857143 -1.670526
9.000000 0.904762 -1.752000
9.000000 0.952381 -1.837447
9.000000 1.000000 -1.927061
9.500000 0.000000 -0.775873
9.500000 0.047619 -0.813713
9.500000 0.095238 -0.853399
9.500000 0.142857 -0.895020
9.500000 0.190476 -0.938671
9.500000 0.238095 -0.984451
9.500000 0.285714 -1.032464
9.500000 0.333333 -1.082818
9.500000 0.380952 -1.135628
9.500000 0.428571 -1.191014
9.500000 0.476190 -1.249101
9.500000 0.523810 -1.310021
9.500000 0.571429 -1.373912
9.500000 0.619048 -1.440919
9.500000 0.666667 -1.511194
9.500000 0.714286 -1.584897
9.500000 0.761905 -1.662194
9.500000 0.809524 -1.743261
9.500000 0.857143 -1.828281
9.500000 0.904762 -1.917448
9.500000 0.952381 -2.010964
9.500000 1.000000 -2.109041
10.000000 0.000000 -0.652859
10.000000 0.047619 -0.684700
10.000000 0.095238 -0.718093
10.000000 0.142857 -0.753115
10.000000 0.190476 -0.789846
10.000000 0.238095 -0.828367
10.000000 0.285714 -0.868768
10.000000 0.333333 -0.911138
10.000000 0.380952 -0.955575
10.000000 0.428571 -1.002180
10.000000 0.476190 -1.051057
10.000000 0.523810 -1.102318
10.000000 0.571429 -1.156080
10.000000 0.619048 -1.212463
10.000000 0.666667 -1.271596
10.000000 0.714286 -1.333613
10.000000 0.761905 -1.398655
10.000000 0.809524 -1.466868
10.000000 0.857143 -1.538409
10.000000 0.904762 -1.613439
10.000000 0.952381 -1.692128
10.000000 1.000000 -1.774655
